20 5
  0 53  1 93  2 90  3 65  4 64
  0 19  1 79  2 92  3 97  4 38
  0 99  1 88  2 35  3 27  4 44
  0 62  1 77  2 13  3 25  4 46
  0 88  1 94  2 75  3 61  4 66
  0 93  1 39  2 55  3 24  4 31
  0 34  1 74  2 80  3 97  4 48
  0 72  1 46  2 67  3 61  4 27
  0 42  1 17  2  3  3 75  4 82
  0 65  1 30  2 93  3 92  4 51
  0 39  1 62  2 54  3 73  4 90
  0 79  1 77  2 67  3 21  4 63
  0  9  1 43  2 25  3 29  4 85
  0 26  1 98  2 77  3  3  4 36
  0 72  1 48  2 38  3 96  4 69
  0 29  1 14  2 98  3 51  4 67
  0 36  1 45  2 96  3 26  4 81
  0 48  1 25  2 20  3 44  4 18
  0 57  1 98  2 15  3 56  4 81
  0 95  1 30  2 36  3 31  4 72
SSD
M0
  0  5  2  9  6  8  9  4  7  4  6  4  8  1  3  7  3  4  5  6
  9  0  9  8  8  7  9  4  7  5  2  3  6  7  4  9  5  2  5  3
  9  3  0  9  9  4  2  7  5  8  7  1  9  5  7  3  7  4  9  9
  2  2  4  0  6  9  3  3  6  3  9  6  7  9  7  2  3  1  9  5
  3  4  6  3  0  6  4  4  5  6  3  5  3  8  5  9  6  8  4  7
  7  8  2  8  7  0  7  9  6  8  2  8  4  5  8  7  7  1  2  1
  2  3  4  1  1  2  0  5  4  8  4  7  9  8  8  5  3  8  3  8
  6  9  2  3  9  3  2  0  7  2  6  6  2  6  3  9  5  9  3  9
  5  6  6  4  1  6  5  9  0  5  5  2  5  9  8  6  7  3  9  4
  8  4  4  8  9  2  6  6  7  0  7  1  4  9  8  2  4  7  2  3
  6  7  5  6  1  7  6  2  4  5  0  9  5  5  2  8  5  1  8  8
  6  3  2  8  9  5  3  3  9  8  8  0  2  9  8  2  4  3  4  3
  8  8  4  6  9  4  9  1  1  5  9  1  0  6  5  7  2  2  2  1
  7  9  5  1  8  8  3  5  4  8  2  5  5  0  6  2  4  5  8  6
  8  7  2  3  5  1  9  3  6  2  4  1  5  4  0  1  2  8  1  4
  7  3  4  6  3  1  1  1  6  6  6  3  8  7  6  0  9  6  1  8
  8  6  9  4  3  5  5  1  1  6  5  9  8  4  8  9  0  7  5  6
  8  5  2  3  2  5  2  5  9  7  6  3  2  1  6  6  4  0  6  5
  1  9  5  4  8  3  2  2  8  4  5  4  8  4  5  6  2  6  0  6
  6  9  8  8  7  3  7  3  3  2  1  2  5  2  5  8  5  2  8  0
M1
  0  9  7  7  8  7  7  7  9  7  8  6  9  4  3  7  5  9  9  1
  3  0  6  8  2  4  2  9  7  7  5  4  8  1  7  9  5  6  4  6
  4  6  0  3  9  1  6  4  1  4  4  1  1  8  3  2  7  6  9  5
  4  6  1  0  4  9  3  3  2  9  6  2  9  2  7  4  1  3  6  4
  9  6  1  5  0  2  5  1  7  2  9  4  1  6  6  6  2  9  7  2
  9  4  4  9  7  0  5  5  6  8  2  5  4  5  6  6  1  8  9  4
  9  6  6  5  3  2  0  6  4  8  7  1  6  8  8  4  5  3  7  3
  8  6  7  4  8  6  5  0  9  8  4  6  8  8  6  4  5  4  4  5
  6  9  9  1  2  8  3  1  0  2  6  8  4  9  3  5  5  4  1  7
  8  8  3  8  6  8  9  9  3  0  4  9  1  2  1  9  1  8  3  3
  1  1  2  6  5  3  3  6  8  5  0  1  2  7  8  9  4  5  6  3
  4  1  5  8  9  9  1  6  9  3  9  0  1  1  8  8  6  8  3  9
  1  6  3  4  3  8  4  4  2  1  1  3  0  5  1  3  2  8  5  2
  3  9  3  3  9  3  8  7  2  5  9  8  7  0  9  2  4  3  1  4
  1  6  3  1  3  4  5  8  3  2  6  4  1  2  0  9  4  6  3  4
  6  1  3  2  9  7  8  3  6  2  6  6  1  7  3  0  6  6  9  8
  4  8  2  7  4  1  1  2  9  8  5  2  2  6  7  3  0  5  9  4
  4  6  8  3  5  5  7  5  9  8  8  9  4  4  1  6  8  0  8  6
  1  4  8  7  6  4  8  6  9  5  7  2  2  1  6  9  4  1  0  4
  4  1  2  5  5  8  7  8  4  9  8  8  2  1  5  8  8  1  7  0
M2
  0  8  8  6  9  1  9  5  2  3  5  6  2  5  3  4  4  8  1  3
  2  0  1  9  9  4  5  1  3  2  5  3  8  8  2  8  7  5  9  4
  2  8  0  7  6  9  9  2  4  3  3  7  1  8  3  6  7  4  6  4
  8  9  7  0  5  9  1  2  2  5  8  9  4  7  7  7  4  3  7  6
  9  5  3  8  0  7  1  6  7  8  8  4  9  9  5  1  5  6  8  7
  5  6  3  6  2  0  7  5  4  8  1  3  7  7  8  1  1  3  8  1
  9  6  3  7  4  2  0  1  4  3  6  1  3  9  9  6  8  3  4  7
  1  1  1  1  1  4  4  0  5  5  2  2  6  5  1  8  1  4  7  8
  8  8  9  2  8  6  5  4  0  1  5  6  1  6  6  3  5  3  4  9
  9  5  7  5  8  2  8  2  4  0  6  8  2  3  1  2  5  6  8  5
  9  3  5  8  2  9  1  2  9  4  0  2  5  5  2  4  2  9  9  7
  9  2  6  3  3  5  1  7  1  1  7  0  7  2  6  8  3  5  7  8
  5  6  7  8  5  9  2  9  4  9  2  7  0  3  6  5  3  4  7  3
  1  1  8  2  6  9  4  3  5  6  4  6  7  0  7  8  4  1  5  9
  3  6  2  4  6  8  1  7  6  9  1  1  5  4  0  2  8  4  3  6
  6  1  4  7  4  7  1  6  2  4  8  5  6  4  9  0  8  3  4  3
  2  1  9  1  7  8  8  6  9  7  6  1  1  7  3  5  0  1  4  2
  4  8  5  1  1  7  3  6  6  9  6  9  8  7  2  1  2  0  7  3
  5  9  1  2  4  6  7  9  2  5  3  1  9  2  4  8  7  4  0  2
  1  7  4  3  3  6  4  7  1  1  5  1  1  5  6  3  8  9  3  0
M3
  0  6  3  5  7  9  7  6  3  9  9  2  7  4  6  7  7  4  2  6
  1  0  2  1  1  1  6  6  8  4  8  9  9  6  9  3  9  4  5  8
  9  1  0  9  2  1  9  2  7  5  4  3  3  9  8  6  5  5  6  8
  5  1  6  0  1  3  1  8  9  2  7  3  9  3  3  5  7  2  7  2
  7  2  4  4  0  9  5  2  4  8  4  2  1  8  7  4  7  9  9  5
  1  2  3  6  2  0  5  2  2  3  3  7  3  5  6  2  9  5  5  6
  5  5  9  8  5  9  0  6  9  9  1  7  3  3  1  7  6  1  7  9
  7  6  5  4  7  9  3  0  6  3  3  1  3  8  3  1  6  5  1  8
  7  7  5  2  1  4  9  7  0  2  6  4  3  2  6  7  7  9  8  3
  4  6  8  1  4  1  2  5  1  0  8  3  5  5  1  5  1  4  6  5
  9  3  3  7  4  2  3  4  4  5  0  6  4  3  7  6  6  5  2  6
  4  9  2  2  8  9  3  7  2  1  5  0  2  3  2  4  9  2  4  5
  6  4  6  9  6  6  2  5  9  6  6  9  0  4  1  5  5  6  8  6
  7  5  5  1  4  9  9  3  4  8  9  2  9  0  9  5  6  5  8  2
  5  9  1  2  3  3  6  9  7  3  4  8  3  7  0  2  6  8  2  2
  1  2  7  4  1  8  3  2  9  3  1  9  9  8  1  0  9  9  5  6
  5  3  7  7  3  8  1  3  1  4  6  9  8  6  6  1  0  1  9  6
  7  6  9  7  6  7  2  4  5  6  7  5  4  7  4  4  6  0  6  1
  1  4  2  1  5  3  7  9  7  2  5  2  9  1  2  7  2  1  0  3
  7  8  9  3  1  3  3  9  6  9  8  6  4  4  7  3  1  6  6  0
M4
  0  8  4  4  3  7  8  6  6  5  7  8  8  1  2  9  3  2  2  2
  8  0  9  1  8  9  1  1  7  5  1  1  9  1  3  9  3  2  9  9
  1  3  0  1  8  6  2  4  9  9  7  9  6  1  6  8  9  8  6  9
  8  2  9  0  8  2  1  9  2  7  4  6  7  1  8  3  5  3  7  9
  2  8  1  2  0  9  5  2  5  5  7  4  1  7  2  9  9  7  8  2
  5  9  3  1  2  0  5  7  1  9  4  8  4  7  6  7  6  6  9  6
  7  3  6  2  7  7  0  3  6  7  3  6  7  3  7  6  2  7  7  5
  2  5  7  4  3  8  2  0  2  1  7  6  2  1  2  3  9  9  9  6
  2  5  7  6  7  2  9  3  0  2  6  4  3  8  1  4  4  8  8  4
  3  1  4  7  7  5  8  1  3  0  1  7  3  2  7  2  6  6  4  8
  3  4  4  3  7  6  6  5  8  5  0  1  7  4  9  7  9  8  4  3
  6  3  8  5  1  9  2  9  2  6  7  0  9  5  7  8  7  9  4  9
  1  3  8  8  2  5  8  1  9  1  2  1  0  1  4  2  3  8  3  3
  1  4  8  7  5  1  8  3  5  6  7  6  3  0  1  4  1  3  9  5
  2  9  4  5  5  4  8  7  2  1  4  7  6  5  0  1  8  7  2  9
  9  8  6  8  3  6  9  4  2  8  4  2  7  1  5  0  4  9  3  7
  7  6  6  7  7  9  6  1  3  3  6  1  2  7  4  7  0  3  3  4
  7  7  1  3  2  4  6  4  4  3  3  9  4  1  9  8  7  0  2  2
  2  9  3  9  8  4  1  3  1  7  4  5  5  2  9  5  8  9  0  9
  8  6  9  5  7  2  8  4  8  2  8  6  7  5  6  2  1  4  3  0