20 20
  0 46  1 98  2  7  3 64  4 11  5  3  6 53  7 67  8 63  9 87 10 37 11 69 12 36 13 74 14 40 15 83 16 49 17  8 18 47 19 86
  0 52  1  2  2  2  3  2  4 99  5  1  6 87  7 28  8 91  9 29 10 16 11 91 12  3 13 28 14 62 15 87 16  3 17 11 18 74 19 30
  0 79  1 85  2 44  3 16  4 37  5 58  6 88  7 88  8 11  9  2 10 42 11 38 12 58 13 78 14 25 15 38 16 94 17  7 18 26 19 92
  0 45  1 44  2 38  3 35  4 50  5 85  6 10  7 23  8  6  9 18 10 47 11 25 12 10 13 43 14 24 15 38 16 76 17 54 18 61 19 94
  0 97  1  7  2 24  3 53  4 56  5 33  6 32  7 91  8 31  9 75 10 94 11 87 12 98 13 98 14 30 15 86 16 95 17 72 18 95 19 66
  0 10  1 73  2 76  3 40  4 69  5 71  6 38  7 71  8 63  9 39 10 14 11  7 12  6 13 83 14  1 15 67 16 48 17 57 18 55 19 47
  0 44  1 19  2 85  3 81  4 22  5 58  6 25  7  3  8 36  9 77 10 94 11 66 12 44 13 91 14 73 15 23 16  4 17 85 18 11 19  3
  0 24  1 69  2 61  3 26  4 56  5 56  6 24  7 26  8 39  9 69 10 34 11 54 12 62 13 27 14 27 15 19 16 37 17 22 18 42 19 41
  0 85  1 12  2 32  3 85  4 67  5 64  6 90  7 41  8 57  9 15 10 72 11 86 12 24 13  6 14 16 15 97 16 82 17 87 18 72 19 41
  0 75  1 73  2 90  3  4  4 63  5 43  6  7  7 96  8 47  9 78 10 36 11 49 12 94 13 82 14 91 15 78 16 57 17 65 18 14 19 47
  0 66  1 85  2 61  3  4  4 96  5 48  6 11  7 51  8 56  9 68 10 88 11  3 12 79 13 60 14 33 15 66 16 61 17 22 18  8 19 89
  0 49  1 23  2 87  3 10  4 74  5 69  6 49  7 24  8 65  9 37 10 51 11 48 12 93 13 44 14 11 15 67 16  6 17 29 18 98 19 28
  0 95  1 53  2 51  3 63  4  4  5 96  6  2  7 21  8 59  9 22 10 41 11 44 12 68 13 43 14 99 15  7 16 97 17 99 18 90 19 39
  0 61  1 16  2 25  3 96  4 42  5 35  6 76  7 57  8  4  9 41 10 71 11 93 12 75 13 76 14  2 15 23 16  5 17 25 18 36 19 80
  0 19  1 88  2 73  3 55  4 40  5 82  6 17  7 69  8 10  9 92 10 94 11 37 12 37 13 99 14 60 15 67 16 27 17 98 18 75 19 47
  0 47  1  8  2 93  3 71  4 30  5 53  6 32  7 51  8 12  9 67 10 99 11 82 12 44 13 66 14 90 15  8 16 95 17 55 18 69 19 57
  0 84  1 26  2 28  3 66  4 93  5 64  6 39  7 50  8 62  9 24 10 11 11 31 12 34 13 11 14 36 15 77 16 46 17 80 18 26 19 74
  0 13  1 42  2 90  3 94  4 36  5 11  6  9  7 51  8 43  9 87 10 97 11 59 12 39 13 35 14 62 15 71 16 92 17 82 18 24 19 38
  0 11  1 58  2 94  3  7  4 25  5 61  6 83  7 21  8 49  9 91 10 44 11 78 12 76 13 52 14 15 15 85 16 46 17 33 18 55 19 59
  0 19  1 63  2 59  3 15  4 87  5 36  6 69  7 19  8 54  9 31 10 77 11 33 12 62 13  8 14  3 15 29 16 52 17 68 18 98 19  5
SSD
M0
  0  5  5  8  5  9  1  4  3  8  7  6  5  9  6  2  5  8  2  1
  2  0  9  1  8  4  1  7  2  7  2  7  8  3  5  2  8  1  3  4
  6  6  0  1  1  4  4  3  7  8  6  3  9  6  8  5  3  7  9  3
  9  9  6  0  6  1  2  4  5  4  8  3  8  1  1  1  6  9  5  7
  6  9  1  2  0  1  9  4  5  6  7  2  6  7  6  9  7  1  4  4
  3  9  4  3  8  0  1  1  6  8  3  7  6  6  6  4  5  7  9  4
  8  5  6  1  6  4  0  5  8  8  1  3  4  3  3  9  1  1  5  1
  7  2  3  4  1  8  7  0  7  3  8  3  9  7  1  3  4  9  5  3
  2  6  7  5  5  5  2  2  0  6  9  1  1  3  6  4  4  6  5  6
  6  6  1  1  2  6  4  5  5  0  8  3  1  2  7  4  7  7  2  8
  7  4  2  4  9  7  3  8  9  3  0  4  2  4  5  9  2  9  4  7
  4  8  5  4  7  9  9  1  9  4  7  0  7  9  4  3  8  1  6  5
  8  5  1  5  4  9  4  8  3  6  8  3  0  4  1  6  1  9  1  4
  6  3  9  8  9  7  7  4  4  4  4  7  6  0  7  3  8  4  9  8
  9  3  1  8  6  4  4  7  9  6  1  4  5  1  0  4  6  3  3  3
  1  7  3  2  9  3  1  9  1  6  9  4  6  2  1  0  8  8  4  4
  8  7  3  2  9  8  6  7  1  3  7  1  7  7  8  3  0  5  1  9
  7  9  5  1  4  8  6  6  1  9  1  3  9  5  9  5  5  0  1  1
  1  5  7  6  8  2  8  6  2  3  9  3  9  5  8  8  3  7  0  5
  7  3  6  9  5  1  4  7  2  1  9  9  4  7  7  3  3  5  9  0
M1
  0  8  3  9  9  6  5  1  4  4  5  9  3  4  8  5  6  7  4  6
  1  0  3  9  7  9  2  4  4  6  6  2  1  4  9  8  3  2  8  2
  4  6  0  8  3  6  1  2  5  1  8  2  4  6  3  2  8  8  4  4
  9  1  9  0  2  9  6  5  3  4  3  3  5  7  3  5  4  6  4  5
  3  3  7  5  0  9  2  6  8  9  9  5  8  1  9  3  3  3  2  2
  3  4  8  6  1  0  4  8  6  1  1  9  6  8  1  4  6  5  9  4
  1  8  5  2  4  3  0  2  7  2  8  4  7  2  8  4  3  7  2  9
  9  6  8  6  1  6  6  0  4  1  2  2  6  7  5  6  8  7  7  7
  2  1  1  9  6  2  9  6  0  8  3  4  5  7  3  3  7  2  2  2
  6  1  6  7  7  6  8  9  7  0  1  2  7  2  3  9  2  7  5  1
  8  6  9  6  9  6  1  2  6  5  0  1  7  7  2  1  4  4  6  2
  3  7  4  9  1  7  3  2  6  3  6  0  8  5  7  8  6  4  1  6
  1  5  4  3  4  4  9  1  9  5  7  8  0  7  6  1  6  1  2  6
  4  9  8  6  7  5  9  4  5  2  7  3  4  0  1  1  7  7  5  3
  4  1  1  1  2  7  6  3  7  4  9  8  2  3  0  1  3  4  2  4
  9  3  7  6  2  9  3  7  4  2  7  9  1  1  5  0  3  1  5  8
  6  6  7  3  8  8  8  4  2  4  7  6  6  1  7  1  0  9  3  1
  5  3  2  3  5  9  4  5  5  1  3  3  2  7  3  4  8  0  7  3
  2  1  2  2  6  1  9  9  6  3  1  9  1  9  1  3  2  9  0  8
  3  7  2  2  5  7  4  5  6  3  6  6  5  8  3  6  2  7  1  0
M2
  0  3  8  5  3  8  9  6  9  7  7  6  5  2  5  8  3  9  5  1
  2  0  1  6  3  5  4  3  8  4  8  4  1  3  3  5  6  9  6  4
  6  8  0  5  7  5  6  1  7  5  7  2  7  9  6  6  2  2  8  4
  2  4  5  0  3  7  4  5  4  3  6  6  8  2  2  7  3  4  9  5
  8  3  8  4  0  9  3  9  7  1  1  8  4  2  3  7  2  1  4  5
  8  5  6  3  1  0  1  7  3  7  7  1  1  5  6  8  2  1  1  5
  9  9  1  2  3  7  0  9  2  7  6  9  8  6  4  8  4  6  8  8
  8  7  3  4  4  4  4  0  1  6  6  6  7  6  2  9  3  3  5  9
  5  4  6  8  5  8  8  5  0  7  2  8  2  6  1  8  8  1  2  7
  5  2  1  4  8  7  8  9  5  0  1  5  1  3  2  2  2  1  2  3
  1  1  3  7  1  7  2  6  8  9  0  6  9  5  7  2  6  4  1  8
  8  9  2  7  2  2  8  1  8  9  5  0  6  8  9  9  1  3  5  5
  5  3  6  3  1  2  5  3  3  1  9  9  0  2  3  5  6  5  8  7
  9  4  6  6  8  8  2  9  6  2  1  7  8  0  6  3  9  8  8  1
  8  8  2  3  5  7  5  9  2  1  8  2  6  6  0  3  1  3  8  5
  5  6  8  5  7  2  6  7  7  3  6  6  7  9  9  0  4  9  1  6
  7  3  3  7  8  5  8  4  3  6  7  1  2  3  2  6  0  4  6  3
  8  6  1  5  8  9  6  9  3  7  8  2  6  6  7  9  2  0  7  5
  1  4  9  7  9  7  8  5  2  2  2  2  9  2  1  3  2  9  0  4
  4  1  2  1  1  1  7  3  1  5  4  9  5  8  2  4  4  3  7  0
M3
  0  3  5  5  4  4  3  8  6  6  6  2  3  5  5  2  2  2  6  9
  9  0  4  3  2  7  6  8  1  2  6  1  2  9  7  3  5  3  7  8
  5  7  0  7  2  5  8  3  8  7  9  6  6  6  5  7  3  9  4  7
  6  6  3  0  4  6  8  8  2  2  6  9  8  6  1  5  1  8  7  8
  4  5  1  5  0  8  3  1  7  3  5  5  3  5  5  9  2  8  5  3
  1  8  1  8  4  0  4  1  2  2  5  4  1  6  4  2  6  2  6  9
  5  9  3  2  6  7  0  3  1  3  9  1  6  6  3  9  2  1  1  9
  1  3  2  3  7  4  3  0  1  5  6  8  2  4  5  8  3  8  9  8
  8  1  6  5  6  8  4  3  0  3  1  2  1  1  5  4  7  7  2  2
  9  2  3  3  3  3  5  2  9  0  2  8  6  7  3  6  1  4  4  1
  3  1  9  5  8  8  8  5  1  1  0  9  1  2  6  4  5  3  6  7
  4  2  6  7  6  4  5  1  7  2  7  0  5  5  5  4  8  6  5  4
  6  3  8  6  1  2  5  1  1  2  6  3  0  9  8  7  6  6  6  3
  8  9  4  5  8  2  3  5  5  1  6  8  6  0  8  1  2  4  8  7
  6  7  6  1  2  2  9  9  5  4  9  8  3  6  0  4  5  7  5  4
  4  9  1  1  6  8  2  9  7  5  2  9  5  9  2  0  3  2  6  2
  9  2  6  4  7  4  3  2  3  3  3  8  5  3  6  2  0  4  8  9
  3  4  9  4  8  8  4  5  7  5  7  1  4  8  8  2  6  0  5  4
  7  9  3  5  7  9  2  2  8  6  7  4  3  6  9  6  1  1  0  5
  1  7  2  5  5  4  6  7  3  8  5  1  2  1  9  9  8  1  5  0
M4
  0  7  9  5  7  7  7  6  3  3  9  8  5  5  5  1  4  5  7  3
  5  0  7  5  1  8  2  6  1  4  6  7  3  6  4  5  3  2  2  1
  9  1  0  9  8  4  6  2  7  1  2  5  8  2  6  1  8  6  2  9
  2  3  5  0  3  9  5  2  2  4  2  3  8  3  4  3  6  8  8  9
  3  3  1  4  0  7  2  5  1  4  6  6  3  5  7  2  8  2  1  5
  7  8  2  8  8  0  6  6  1  6  3  6  8  5  8  7  2  7  5  2
  8  1  9  6  5  1  0  9  8  3  3  6  4  8  5  5  2  2  6  4
  1  5  6  9  1  4  9  0  5  4  1  9  7  3  6  3  6  1  5  6
  9  9  5  2  9  6  3  6  0  8  6  9  4  6  4  8  9  9  6  6
  4  4  3  9  4  1  8  8  3  0  3  7  5  3  3  3  4  6  8  9
  3  3  1  4  9  5  7  8  6  9  0  2  3  4  3  9  6  7  2  4
  9  6  1  1  7  3  3  6  6  4  8  0  9  4  9  5  2  8  3  6
  8  8  8  1  4  4  8  5  3  4  6  4  0  3  7  3  1  6  5  9
  5  5  8  2  1  4  3  8  8  5  6  9  3  0  5  1  7  8  4  4
  2  6  9  6  1  6  2  2  3  2  1  5  8  7  0  6  9  2  1  2
  2  5  1  5  8  9  3  2  4  5  1  2  4  6  1  0  5  1  4  2
  2  8  8  3  8  1  5  2  1  7  3  2  7  2  9  9  0  3  9  5
  5  3  6  3  1  3  3  4  8  5  2  4  2  1  6  8  1  0  8  3
  8  2  8  2  5  3  8  8  4  9  4  2  6  2  2  3  3  2  0  1
  1  6  6  9  6  9  6  4  4  3  2  9  1  8  2  3  6  9  9  0
M5
  0  9  4  1  8  9  3  9  5  1  3  7  9  2  7  9  2  5  1  2
  7  0  7  4  4  6  3  8  9  8  4  4  4  6  6  6  6  5  3  4
  2  2  0  7  6  2  7  6  7  2  6  5  7  1  9  6  3  9  9  1
  9  4  8  0  3  9  1  4  1  4  6  9  1  2  1  4  8  6  4  2
  5  4  8  9  0  8  5  5  3  3  8  3  7  5  3  4  4  5  6  5
  3  4  8  7  3  0  5  7  6  2  7  2  3  1  8  9  4  9  9  6
  4  4  4  3  3  1  0  8  5  4  8  8  7  2  7  2  1  4  3  1
  4  7  4  1  2  1  3  0  5  8  4  6  2  7  7  1  3  6  5  2
  2  8  4  3  7  1  9  8  0  6  2  5  5  7  2  4  1  2  5  6
  5  2  8  7  2  9  4  6  3  0  6  2  2  6  7  3  4  4  7  3
  4  6  1  1  3  8  5  1  1  7  0  7  9  6  2  4  8  6  6  3
  5  5  8  7  3  3  3  9  6  6  2  0  4  7  6  9  6  4  9  7
  7  4  2  1  6  9  5  4  6  1  9  1  0  3  1  6  8  1  8  6
  5  2  2  3  2  9  5  4  6  1  2  7  2  0  1  4  7  1  9  7
  5  6  9  2  6  2  9  3  4  1  5  3  5  1  0  1  2  4  5  2
  5  3  6  3  8  3  3  1  9  1  5  4  8  7  9  0  5  6  4  8
  6  6  2  6  4  6  2  2  4  8  1  5  6  6  7  5  0  1  9  1
  1  6  7  8  2  2  7  8  1  1  3  8  9  4  6  9  7  0  3  6
  6  9  6  9  2  5  4  3  6  2  8  9  7  1  6  9  3  8  0  3
  7  7  6  2  7  4  6  8  4  7  6  6  2  9  5  5  6  5  6  0
M6
  0  3  3  1  2  1  4  6  5  1  1  5  3  6  7  8  1  4  2  2
  6  0  7  7  7  1  8  8  4  3  1  6  7  9  5  5  5  9  1  8
  1  4  0  5  7  7  9  4  8  8  9  4  7  4  4  9  2  7  7  5
  7  1  3  0  8  3  1  3  8  1  4  8  5  4  3  9  3  4  2  4
  8  5  5  9  0  8  9  2  3  9  8  9  1  2  7  4  8  4  8  1
  6  4  9  7  9  0  5  5  6  1  6  9  9  6  4  8  7  3  4  9
  9  1  6  6  3  4  0  2  7  1  9  7  5  4  2  6  4  1  1  4
  9  6  1  4  5  4  2  0  7  6  1  3  2  6  3  3  1  1  3  2
  8  1  6  1  8  8  8  3  0  3  4  4  4  1  8  2  8  6  7  5
  1  5  1  4  3  6  9  9  6  0  9  6  5  4  7  2  3  8  4  6
  9  6  6  3  2  4  8  6  9  4  0  4  1  6  1  5  4  7  2  4
  4  6  5  9  8  2  3  6  9  1  8  0  7  8  7  8  4  8  6  5
  3  7  3  2  7  4  9  9  2  8  2  6  0  4  1  5  6  3  7  8
  7  7  2  1  9  5  8  3  2  8  7  2  1  0  2  9  1  5  9  5
  7  3  8  2  6  1  4  8  5  6  2  1  9  2  0  7  9  4  2  8
  9  1  4  8  4  6  3  2  8  1  4  2  8  7  7  0  2  7  2  8
  6  1  4  3  4  4  8  3  3  5  3  6  5  2  2  6  0  6  9  2
  2  6  8  6  1  8  2  5  1  7  4  8  3  7  8  2  4  0  4  6
  6  8  8  6  2  6  6  6  3  4  2  1  3  5  9  3  1  6  0  1
  2  4  5  5  1  2  2  3  6  5  7  1  4  3  2  8  4  7  2  0
M7
  0  9  9  5  2  6  7  1  4  6  6  6  3  7  7  8  5  3  4  5
  8  0  1  3  5  3  3  6  8  7  3  6  7  9  3  2  9  1  2  9
  2  5  0  9  7  8  9  8  1  2  2  2  4  8  5  3  5  6  1  9
  8  4  3  0  5  7  6  3  3  9  5  9  5  3  6  6  2  6  3  1
  4  1  6  2  0  5  2  4  6  4  4  8  7  5  4  3  9  6  3  7
  4  1  7  6  4  0  1  5  2  9  4  2  1  1  1  4  6  2  5  2
  8  4  9  5  6  3  0  8  1  7  6  9  2  7  1  2  5  2  5  7
  4  7  4  7  9  1  3  0  7  5  5  4  5  8  7  3  4  3  4  8
  9  4  5  4  9  7  5  6  0  7  5  7  9  7  3  6  9  6  1  7
  1  7  5  6  9  8  3  7  5  0  8  5  9  5  6  9  2  4  3  5
  8  9  4  2  2  6  3  1  1  7  0  9  7  9  9  7  6  3  4  1
  3  8  5  8  5  2  6  4  1  9  2  0  1  8  2  7  7  6  7  8
  9  9  1  5  8  7  7  4  3  4  6  6  0  9  3  8  7  5  1  3
  1  1  9  4  8  7  3  9  3  5  2  4  2  0  4  3  4  1  1  8
  3  8  6  9  6  3  2  3  3  7  7  3  2  1  0  9  8  9  2  8
  3  9  7  7  5  6  6  1  6  9  5  3  3  4  8  0  9  8  3  9
  7  9  9  8  3  9  2  4  2  5  7  2  1  6  4  2  0  2  5  3
  2  6  9  4  8  8  5  8  5  9  9  6  2  8  2  3  8  0  1  4
  5  3  4  5  3  5  1  2  6  8  1  8  3  4  7  9  6  4  0  6
  4  9  2  2  7  9  7  4  1  9  5  6  4  3  7  9  6  4  2  0
M8
  0  9  9  3  4  7  3  3  2  7  9  1  6  2  3  6  8  1  1  7
  9  0  9  5  4  4  5  2  9  9  3  7  4  3  1  2  7  4  8  9
  3  7  0  9  9  7  1  5  6  6  2  6  7  3  9  1  4  1  9  6
  4  4  2  0  5  7  3  5  5  4  2  4  6  5  7  5  5  1  7  5
  6  1  1  7  0  5  8  6  1  3  2  2  3  6  1  2  8  7  1  4
  2  7  6  7  9  0  9  9  8  6  9  2  3  7  3  7  8  1  7  3
  5  4  6  4  5  5  0  4  6  8  7  7  4  1  3  6  2  2  1  1
  7  9  1  8  4  9  6  0  3  3  6  8  1  2  5  2  7  7  4  5
  8  6  3  6  2  6  7  3  0  5  8  4  2  9  2  1  3  8  2  1
  8  6  4  4  8  7  4  2  3  0  6  3  3  5  8  9  1  4  1  9
  1  9  6  9  1  2  3  2  7  3  0  1  9  9  9  7  8  3  4  3
  2  6  3  1  1  6  9  3  2  3  5  0  3  5  1  7  8  2  5  5
  3  2  7  8  1  6  4  8  1  3  7  6  0  1  5  9  3  1  7  2
  5  4  4  8  7  4  2  8  2  8  3  5  3  0  5  7  9  5  8  7
  1  1  7  3  6  5  2  2  8  3  2  7  7  7  0  8  4  9  1  9
  8  3  8  9  8  6  9  6  9  4  5  8  1  6  1  0  7  4  3  4
  2  4  9  6  8  1  3  7  5  1  3  1  2  5  7  3  0  6  8  2
  5  2  4  9  4  2  1  7  1  3  2  3  5  5  8  7  7  0  2  5
  1  2  4  2  2  1  7  6  3  4  7  8  5  4  8  6  6  9  0  7
  6  2  5  6  9  5  3  1  7  9  9  2  1  8  4  5  5  8  3  0
M9
  0  3  5  8  6  9  3  6  1  3  4  5  3  3  6  8  4  2  3  3
  6  0  8  6  3  6  5  1  7  4  5  2  1  9  2  1  1  5  1  1
  9  2  0  3  2  4  5  5  4  5  1  3  6  3  1  1  6  8  3  8
  4  5  1  0  3  9  5  5  2  3  7  6  2  7  2  2  7  9  4  2
  8  3  1  8  0  6  3  5  5  1  8  9  8  8  7  5  9  2  1  9
  6  3  3  6  7  0  9  8  9  1  4  4  3  6  6  3  1  4  5  3
  5  8  1  6  3  9  0  3  1  3  6  3  6  8  7  1  3  6  7  3
  9  7  6  2  1  8  4  0  9  5  6  9  5  4  9  8  2  9  3  7
  6  3  6  3  4  3  5  6  0  6  3  8  4  3  3  5  3  7  6  7
  6  8  6  2  1  4  8  1  1  0  2  7  9  4  1  5  5  3  1  6
  4  1  3  2  8  6  7  2  6  3  0  8  7  1  8  4  4  2  5  2
  1  3  2  8  6  9  2  6  6  4  6  0  6  4  6  3  8  4  9  9
  6  2  9  7  4  1  8  3  9  1  3  4  0  7  1  6  5  6  2  8
  8  4  8  9  9  4  5  2  6  8  6  1  8  0  6  8  7  2  2  6
  8  4  7  6  1  9  4  1  7  8  5  6  5  5  0  8  6  6  1  2
  8  2  6  1  9  7  6  3  8  7  9  5  4  3  9  0  7  4  2  2
  3  7  3  5  3  5  7  9  4  8  1  8  3  2  6  2  0  3  7  6
  4  8  2  1  2  2  8  6  6  2  8  7  2  2  5  2  9  0  1  5
  9  2  4  3  2  9  1  6  4  4  3  5  1  9  2  6  2  8  0  1
  1  5  2  5  3  6  3  8  3  8  4  5  4  2  2  8  3  4  9  0
M10
  0  1  8  3  8  7  9  9  3  7  5  3  8  9  1  5  6  4  6  9
  5  0  1  2  9  3  5  4  7  9  7  6  5  5  1  6  9  6  8  4
  7  9  0  6  6  5  4  5  2  4  7  7  8  9  3  1  9  4  4  4
  6  6  9  0  8  3  8  2  1  7  3  5  8  3  7  8  3  1  2  4
  1  7  8  2  0  2  2  9  9  1  1  7  5  7  8  3  4  1  9  6
  1  2  5  3  3  0  1  3  6  8  4  4  5  4  3  5  2  3  6  1
  5  3  7  2  9  7  0  4  5  9  4  7  5  6  3  5  3  7  7  3
  4  9  5  3  7  1  7  0  8  1  3  4  4  5  8  6  4  3  8  9
  4  7  1  8  4  6  4  5  0  4  1  5  4  6  8  6  7  4  1  9
  7  2  5  6  2  6  8  8  6  0  3  1  2  1  4  1  6  3  2  3
  7  9  8  8  9  7  5  4  7  3  0  6  5  3  3  2  4  2  2  7
  1  6  1  9  4  8  6  5  7  6  1  0  1  2  8  1  1  8  1  2
  5  9  5  8  3  6  4  3  9  5  1  7  0  5  5  6  5  6  3  2
  8  4  7  5  6  7  2  7  6  5  9  2  2  0  2  3  9  3  3  2
  9  5  2  7  6  1  7  3  3  5  3  1  6  4  0  1  5  4  8  6
  1  3  4  4  5  1  9  9  8  1  4  8  1  1  5  0  6  4  5  1
  9  2  7  1  6  3  1  4  7  7  7  1  1  1  3  6  0  9  5  3
  1  6  3  1  1  8  6  7  2  8  6  9  8  5  5  3  3  0  9  8
  7  3  5  2  6  8  2  2  6  7  5  1  1  9  5  7  2  3  0  3
  8  7  1  1  2  7  6  1  9  4  8  6  1  3  6  7  9  8  2  0
M11
  0  5  2  7  3  3  9  2  8  4  7  7  7  7  9  2  7  7  2  8
  9  0  6  6  1  7  4  9  6  6  3  9  6  2  7  9  2  6  4  7
  4  9  0  8  8  6  2  8  5  8  5  6  6  1  1  5  8  6  1  1
  9  8  4  0  8  9  2  5  5  2  6  8  1  3  4  3  2  1  1  7
  5  1  8  4  0  5  7  3  4  3  3  3  6  2  7  8  1  3  1  4
  6  1  1  1  1  0  7  6  4  9  6  3  1  8  6  3  7  8  9  9
  1  9  5  3  6  9  0  1  2  4  5  7  4  7  3  4  5  8  4  8
  9  2  3  7  1  8  4  0  2  2  4  4  7  5  1  8  3  9  7  4
  9  3  3  7  6  5  6  7  0  2  8  4  8  8  3  9  6  1  9  3
  4  8  8  7  4  6  2  7  9  0  4  3  9  1  5  4  5  3  3  1
  5  2  5  9  4  2  4  7  8  6  0  3  9  1  2  8  1  3  9  1
  7  1  8  6  9  4  8  6  9  3  9  0  6  4  7  6  7  3  6  1
  5  4  3  3  2  1  5  5  6  2  9  9  0  2  6  5  7  4  1  7
  3  9  3  3  5  6  2  2  1  5  5  4  7  0  5  1  4  1  5  1
  6  6  3  7  9  9  5  7  3  2  1  2  8  4  0  6  2  8  4  1
  5  2  9  2  8  2  1  3  7  5  6  2  3  5  2  0  5  4  7  8
  5  5  3  6  2  7  9  8  8  5  8  5  8  1  5  1  0  4  2  5
  4  1  7  5  3  9  6  6  8  2  5  2  3  9  8  2  1  0  2  4
  1  2  4  6  8  5  9  5  5  9  7  8  2  3  3  7  7  6  0  4
  2  1  6  6  4  8  4  5  8  4  8  3  2  7  5  5  2  8  2  0
M12
  0  2  6  6  6  8  8  9  2  5  3  1  6  2  2  8  8  8  7  1
  2  0  5  7  9  9  5  2  6  2  8  6  1  9  1  9  6  8  1  3
  1  9  0  4  6  1  2  8  4  3  4  4  7  1  9  3  1  4  8  4
  8  7  7  0  2  9  9  6  2  9  8  3  7  6  1  9  1  2  8  6
  6  6  7  7  0  7  3  7  7  9  8  5  8  4  7  1  4  7  2  9
  1  6  8  7  5  0  5  8  2  2  7  6  9  4  5  7  6  3  1  4
  1  5  8  4  3  1  0  9  5  5  1  1  5  6  2  2  8  1  8  6
  1  6  9  5  7  4  9  0  5  1  2  2  6  2  6  9  6  4  2  4
  6  1  6  1  7  7  9  6  0  3  5  1  1  6  6  8  4  5  3  9
  7  5  8  9  4  6  2  4  3  0  9  5  4  4  7  9  4  9  6  3
  3  6  8  5  2  6  8  7  7  9  0  6  5  1  5  8  3  2  2  4
  7  3  6  4  4  7  1  4  3  2  3  0  1  5  9  6  9  3  5  7
  7  7  8  3  9  2  9  3  3  8  1  1  0  6  4  6  1  7  2  1
  7  5  3  9  3  6  8  5  6  3  8  1  7  0  4  9  5  1  5  2
  3  5  3  9  5  8  8  5  6  6  5  5  2  2  0  1  8  1  2  5
  1  1  9  6  2  2  6  5  7  7  1  8  5  1  6  0  4  8  3  3
  3  3  2  1  7  3  2  8  5  7  4  2  6  4  1  9  0  1  7  2
  2  1  9  7  8  5  2  2  4  9  7  1  8  3  5  2  1  0  8  2
  9  7  5  9  1  2  1  3  2  5  4  6  5  6  1  1  5  6  0  2
  9  3  3  7  5  4  2  8  2  3  7  1  2  5  1  8  1  1  4  0
M13
  0  8  7  7  2  4  4  2  7  9  2  3  9  3  6  7  5  1  9  6
  3  0  9  1  4  2  7  8  8  7  4  6  7  5  7  6  3  5  3  9
  9  7  0  7  8  3  4  5  1  6  2  5  2  4  2  7  5  2  8  9
  9  2  8  0  2  2  8  1  5  9  9  3  3  5  6  1  7  5  9  9
  4  8  6  5  0  8  8  9  5  8  6  7  6  2  4  6  8  5  9  1
  5  6  8  4  5  0  6  9  1  1  7  4  7  9  9  3  4  5  9  5
  3  5  2  3  8  6  0  2  6  7  9  7  5  9  8  3  1  4  1  2
  7  5  7  3  2  1  7  0  8  4  1  6  2  4  7  9  3  9  3  3
  4  4  5  8  1  3  7  4  0  8  1  4  9  3  8  3  9  9  5  5
  3  8  9  6  7  2  7  3  1  0  6  5  4  8  6  2  5  3  1  3
  3  7  6  6  4  9  6  1  3  5  0  7  4  6  7  8  6  7  4  2
  2  9  6  7  9  5  2  2  4  7  7  0  2  2  2  7  4  3  1  2
  3  4  8  3  1  8  6  2  2  6  3  5  0  5  7  9  8  4  3  7
  3  8  7  2  3  5  6  3  8  4  2  8  4  0  2  5  1  6  4  4
  1  6  6  7  7  6  3  7  6  7  5  8  7  7  0  6  5  5  4  1
  7  8  3  1  7  8  7  8  7  6  3  8  8  4  3  0  2  5  3  5
  8  1  6  9  1  6  4  1  1  4  7  6  2  4  5  6  0  6  2  7
  4  1  9  6  9  5  4  8  3  5  4  4  2  6  7  9  1  0  7  9
  9  8  3  5  6  9  8  9  6  1  5  4  3  4  3  8  6  4  0  7
  6  6  3  5  7  6  9  5  6  6  6  3  3  9  4  8  5  5  5  0
M14
  0  4  2  4  4  4  2  6  2  5  4  3  1  9  7  9  5  3  5  7
  6  0  2  1  8  5  9  2  5  5  2  5  9  4  6  7  8  3  3  9
  1  7  0  7  5  7  5  2  4  9  1  8  6  8  4  6  6  4  7  1
  2  5  4  0  3  8  5  8  4  4  6  2  5  2  9  2  3  6  8  5
  7  9  5  4  0  9  1  4  9  5  5  8  7  5  4  3  3  2  7  1
  7  9  5  6  7  0  5  6  3  5  9  7  6  4  8  2  4  1  1  1
  2  9  6  4  3  7  0  6  4  3  1  1  8  9  6  3  1  1  7  9
  3  8  1  9  9  8  9  0  9  4  7  8  5  2  1  6  2  8  1  4
  3  8  6  5  7  4  6  1  0  3  8  9  3  9  4  1  7  5  1  1
  7  2  3  9  3  5  7  5  9  0  5  1  3  8  1  3  6  9  1  4
  7  8  3  3  7  7  2  2  4  1  0  5  3  3  2  2  9  9  5  9
  7  1  5  4  7  9  6  3  8  6  5  0  4  5  9  3  2  5  8  5
  3  5  7  9  5  5  3  3  4  2  6  3  0  2  6  5  4  9  9  5
  6  2  4  9  3  8  4  6  1  4  4  6  5  0  4  9  7  4  7  3
  2  2  3  5  6  1  9  6  5  8  8  4  5  9  0  6  4  9  8  3
  5  8  2  6  5  6  3  4  8  8  2  4  6  7  1  0  4  1  1  7
  7  9  8  2  1  9  6  7  5  5  2  4  9  9  6  5  0  5  6  5
  3  8  1  7  3  4  9  4  6  9  5  3  4  2  1  7  1  0  5  8
  3  5  6  5  4  1  5  2  8  4  7  3  4  8  8  3  1  2  0  3
  6  4  2  9  8  2  5  3  5  8  2  7  4  3  5  9  9  5  6  0
M15
  0  3  1  5  5  3  9  7  5  1  6  4  7  4  7  4  1  6  6  2
  2  0  2  6  2  8  8  3  1  9  4  8  8  6  2  5  3  9  1  8
  5  5  0  6  7  5  3  6  5  7  9  9  8  2  4  2  2  4  9  2
  3  1  7  0  8  4  9  7  6  9  7  8  3  9  4  8  8  7  9  9
  1  2  5  8  0  3  7  8  4  5  2  4  9  4  2  9  9  5  4  9
  1  9  1  9  2  0  3  9  7  8  4  7  3  6  9  4  4  7  1  5
  8  2  9  2  1  1  0  1  4  7  7  1  7  6  5  2  1  9  2  5
  7  6  7  9  2  5  9  0  2  4  8  2  6  1  6  4  5  6  9  9
  1  4  8  7  5  7  1  1  0  9  3  6  3  7  6  5  7  8  1  8
  9  1  8  7  3  2  4  6  3  0  2  1  1  2  8  4  7  3  4  4
  1  1  9  4  5  4  9  5  9  2  0  9  9  4  6  6  1  5  8  3
  5  6  7  6  8  4  6  3  5  6  5  0  9  6  7  1  7  9  3  8
  1  8  6  4  6  5  3  8  6  8  7  4  0  9  2  8  1  2  4  9
  8  2  2  7  7  4  7  3  4  1  3  1  6  0  6  7  3  9  5  5
  3  1  2  8  6  5  9  2  1  2  2  5  7  1  0  7  9  2  7  8
  1  3  3  5  8  7  2  1  8  2  9  6  3  1  2  0  2  7  3  2
  2  6  7  7  8  2  5  5  6  9  8  7  9  8  4  7  0  2  3  5
  5  2  9  7  2  4  4  4  6  3  7  1  3  8  3  5  7  0  1  5
  6  1  9  4  1  4  8  3  3  9  8  1  2  7  9  5  1  6  0  1
  7  8  8  6  5  8  6  7  3  1  5  9  4  6  7  4  2  1  6  0
M16
  0  3  2  6  7  8  6  6  8  1  1  4  9  8  7  9  7  6  6  7
  4  0  3  9  5  2  4  3  5  4  4  8  1  5  8  4  9  7  9  8
  8  6  0  1  1  6  1  2  5  7  9  7  6  1  6  2  3  8  7  6
  7  5  3  0  8  5  5  5  9  4  1  8  8  8  5  3  6  1  5  7
  9  5  4  9  0  8  2  9  6  2  4  8  9  1  5  5  9  8  5  7
  2  3  2  1  3  0  3  5  1  4  3  3  9  4  7  8  3  1  4  8
  6  4  5  2  4  5  0  3  6  7  6  7  7  7  6  6  5  9  3  4
  3  8  2  4  3  8  5  0  5  1  9  9  2  6  1  5  9  9  2  4
  7  7  7  5  2  7  9  1  0  4  7  4  8  6  6  6  4  7  1  6
  7  2  4  1  3  7  9  5  4  0  4  1  3  9  5  3  2  1  3  6
  8  8  2  2  8  1  4  2  7  2  0  9  5  2  1  3  8  6  1  9
  8  9  3  6  4  7  8  6  9  8  7  0  4  2  4  7  3  6  3  1
  1  5  1  9  5  7  7  5  8  6  6  9  0  7  5  5  2  9  6  6
  3  9  6  8  1  8  7  1  6  1  2  5  1  0  7  2  5  7  2  4
  4  2  2  2  2  2  1  1  9  1  3  4  2  4  0  7  9  6  9  1
  5  6  2  6  3  8  2  3  4  5  9  6  5  7  8  0  1  2  3  1
  4  3  5  3  1  1  3  3  4  4  4  9  7  3  3  2  0  1  4  5
  5  5  8  9  2  2  9  5  7  9  2  9  1  9  9  7  1  0  6  7
  7  2  2  6  9  5  7  1  2  1  1  4  3  4  6  2  5  1  0  6
  7  9  1  4  7  5  4  2  4  3  9  5  3  6  8  1  3  8  2  0
M17
  0  9  4  7  8  1  6  4  1  6  9  7  2  3  3  5  3  3  4  6
  3  0  8  3  9  2  5  2  7  4  2  5  6  4  8  5  7  9  2  6
  5  9  0  3  7  4  6  2  6  1  1  1  1  4  6  1  2  7  8  1
  3  6  8  0  8  2  2  1  4  6  5  8  2  2  1  1  8  8  7  1
  2  6  5  4  0  3  9  9  6  8  1  2  9  9  5  5  9  6  4  2
  7  7  2  4  1  0  1  7  4  6  2  3  8  4  5  8  7  2  8  4
  8  3  7  4  5  9  0  2  4  4  7  4  3  5  6  4  3  8  1  1
  3  8  8  1  6  5  2  0  5  1  2  2  8  4  7  1  5  5  3  3
  2  6  6  4  1  2  5  8  0  5  3  8  1  1  8  1  1  7  6  4
  4  1  9  1  8  5  3  4  8  0  3  7  6  9  5  6  5  8  7  8
  6  5  5  2  6  1  1  5  2  3  0  7  1  7  7  8  8  9  7  6
  9  2  5  2  5  2  3  1  7  1  2  0  9  2  4  1  1  7  4  6
  1  7  4  8  5  6  4  5  5  8  5  5  0  5  4  7  9  7  2  3
  2  3  9  1  4  9  4  3  6  8  1  4  9  0  6  1  5  9  1  5
  6  7  6  2  8  9  9  6  7  2  9  9  2  6  0  3  8  4  1  3
  4  7  8  6  9  3  4  5  9  8  8  9  5  4  2  0  5  3  7  1
  2  8  2  9  9  1  8  4  5  5  2  6  4  6  3  2  0  3  5  3
  2  8  7  1  7  3  3  9  6  3  4  8  1  6  8  4  9  0  4  2
  3  2  5  8  6  4  5  7  2  6  2  8  4  3  2  5  2  1  0  4
  7  9  9  3  7  9  7  6  8  8  1  4  8  8  7  3  2  7  3  0
M18
  0  5  9  6  3  8  5  5  4  2  8  9  9  5  6  9  8  1  2  1
  3  0  5  3  4  9  6  3  8  8  5  7  2  9  9  3  2  2  8  3
  7  1  0  1  3  6  7  7  9  5  4  2  3  5  3  8  2  1  3  7
  1  4  9  0  3  5  8  3  4  4  4  1  7  9  2  4  8  8  9  9
  1  2  1  1  0  9  9  8  8  5  5  5  3  6  3  6  8  6  5  9
  4  7  5  3  6  0  9  6  4  1  8  6  1  6  8  1  2  8  8  6
  5  1  2  6  6  8  0  3  7  9  9  1  6  6  3  6  8  1  7  8
  3  4  5  4  2  8  7  0  7  2  7  7  4  8  7  8  7  2  4  1
  2  8  9  5  7  1  2  6  0  5  9  4  4  1  5  8  6  8  7  2
  4  2  2  1  9  6  5  2  1  0  2  8  6  1  4  3  8  8  7  8
  8  3  9  1  8  6  1  3  8  5  0  7  7  7  3  3  5  7  8  4
  1  3  7  3  1  1  5  4  2  4  3  0  5  9  3  3  8  7  4  9
  4  2  1  5  3  2  2  4  9  5  8  4  0  4  1  7  6  7  7  6
  5  4  6  1  4  3  3  3  9  3  3  5  9  0  5  8  3  6  8  9
  3  3  4  8  3  5  4  5  4  1  7  6  7  2  0  3  7  5  9  8
  8  5  2  2  2  4  8  6  3  6  3  2  5  4  1  0  5  6  2  7
  4  6  3  7  9  7  3  5  3  5  1  8  1  5  9  2  0  6  6  8
  3  4  1  1  7  1  7  6  2  2  5  3  4  8  7  8  1  0  6  9
  1  7  1  5  8  5  6  8  9  9  9  9  9  9  1  1  2  6  0  1
  4  3  1  1  4  9  7  7  9  7  1  3  4  8  9  6  4  3  9  0
M19
  0  5  9  1  7  9  8  8  6  9  2  1  5  9  6  1  3  8  4  2
  6  0  8  1  3  2  3  3  6  8  7  4  8  9  1  5  8  6  3  6
  7  8  0  5  6  5  4  5  8  7  5  1  3  7  5  2  7  7  8  3
  3  6  2  0  9  5  8  7  9  7  8  5  7  4  7  2  9  4  2  3
  5  3  8  7  0  1  7  9  6  5  7  1  2  2  8  6  1  7  2  7
  1  5  6  5  4  0  2  6  1  4  8  9  6  9  6  3  6  9  9  1
  8  4  1  7  6  4  0  1  3  3  2  3  5  3  9  1  2  3  4  7
  9  8  7  6  5  1  6  0  1  6  3  7  4  3  6  1  1  9  5  8
  1  2  3  7  6  9  3  9  0  5  7  7  7  8  1  7  5  1  9  9
  7  4  3  7  8  2  1  9  7  0  1  6  5  2  1  5  9  5  6  5
  6  7  1  2  6  8  4  5  6  4  0  7  5  8  3  2  3  3  5  8
  6  9  9  7  5  2  9  2  4  7  4  0  6  9  4  7  9  1  7  1
  2  3  1  2  8  1  3  8  3  6  1  9  0  5  7  6  5  6  6  6
  7  2  1  8  6  6  5  5  9  3  4  2  2  0  1  5  1  3  2  3
  4  2  3  6  9  4  4  1  1  6  6  2  5  4  0  3  8  9  9  8
  9  2  1  7  9  1  5  5  6  2  9  5  8  4  2  0  7  9  9  4
  2  6  1  5  8  7  6  5  8  3  8  2  7  1  3  2  0  5  1  3
  1  6  3  2  7  8  2  4  6  7  2  8  4  7  8  2  5  0  4  5
  5  3  7  8  5  1  8  9  1  9  8  4  6  7  5  9  8  5  0  6
  2  2  1  3  2  5  3  6  4  6  8  8  2  3  3  5  4  8  5  0