20 5
  0 61  1 27  2 42  3 13  4 55
  0 86  1 92  2 93  3 47  4 48
  0 16  1  8  2 32  3  6  4 56
  0 42  1 65  2 30  3 70  4 84
  0 14  1 34  2 16  3 19  4 22
  0 92  1  6  2 95  3 97  4 51
  0 67  1 42  2 58  3 41  4 43
  0 77  1 39  2 12  3  1  4 50
  0 46  1  2  2 95  3 57  4 62
  0 41  1  7  2 21  3 60  4 61
  0 78  1 85  2 74  3 62  4 10
  0  3  1 32  2 38  3 14  4 87
  0 72  1 14  2  4  3 90  4 99
  0 95  1 74  2 31  3 76  4 40
  0 53  1 59  2 62  3 12  4 91
  0 59  1 95  2 39  3 89  4 64
  0 34  1 48  2 97  3 37  4 62
  0 66  1 37  2 57  3 35  4 53
  0 42  1 59  2  9  3 91  4 33
  0 63  1  4  2 54  3 69  4 16
SSD
M0
  0  6  8  2  4  2  9  7  7  5  4  8  1  7  9  5  6  4  6  4
  6  0  3  9  1  6  4  1  4  4  1  1  8  3  2  7  6  9  5  4
  6  1  0  4  9  3  3  2  9  6  2  9  2  7  4  1  3  6  4  9
  6  1  5  0  2  5  1  7  2  9  4  1  6  6  6  2  9  7  2  9
  4  4  9  7  0  5  5  6  8  2  5  4  5  6  6  1  8  9  4  9
  6  6  5  3  2  0  6  4  8  7  1  6  8  8  4  5  3  7  3  8
  6  7  4  8  6  5  0  9  8  4  6  8  8  6  4  5  4  4  5  6
  9  9  1  2  8  3  1  0  2  6  8  4  9  3  5  5  4  1  7  8
  8  3  8  6  8  9  9  3  0  4  9  1  2  1  9  1  8  3  3  1
  1  2  6  5  3  3  6  8  5  0  1  2  7  8  9  4  5  6  3  4
  1  5  8  9  9  1  6  9  3  9  0  1  1  8  8  6  8  3  9  1
  6  3  4  3  8  4  4  2  1  1  3  0  5  1  3  2  8  5  2  3
  9  3  3  9  3  8  7  2  5  9  8  7  0  9  2  4  3  1  4  1
  6  3  1  3  4  5  8  3  2  6  4  1  2  0  9  4  6  3  4  6
  1  3  2  9  7  8  3  6  2  6  6  1  7  3  0  6  6  9  8  4
  8  2  7  4  1  1  2  9  8  5  2  2  6  7  3  0  5  9  4  4
  6  8  3  5  5  7  5  9  8  8  9  4  4  1  6  8  0  8  6  1
  4  8  7  6  4  8  6  9  5  7  2  2  1  6  9  4  1  0  4  4
  1  2  5  5  8  7  8  4  9  8  8  2  1  5  8  8  1  7  0  8
  8  6  9  1  9  5  2  3  5  6  2  5  3  4  4  8  1  3  2  0
M1
  0  1  9  9  4  5  1  3  2  5  3  8  8  2  8  7  5  9  4  2
  8  0  7  6  9  9  2  4  3  3  7  1  8  3  6  7  4  6  4  8
  9  7  0  5  9  1  2  2  5  8  9  4  7  7  7  4  3  7  6  9
  5  3  8  0  7  1  6  7  8  8  4  9  9  5  1  5  6  8  7  5
  6  3  6  2  0  7  5  4  8  1  3  7  7  8  1  1  3  8  1  9
  6  3  7  4  2  0  1  4  3  6  1  3  9  9  6  8  3  4  7  1
  1  1  1  1  4  4  0  5  5  2  2  6  5  1  8  1  4  7  8  8
  8  9  2  8  6  5  4  0  1  5  6  1  6  6  3  5  3  4  9  9
  5  7  5  8  2  8  2  4  0  6  8  2  3  1  2  5  6  8  5  9
  3  5  8  2  9  1  2  9  4  0  2  5  5  2  4  2  9  9  7  9
  2  6  3  3  5  1  7  1  1  7  0  7  2  6  8  3  5  7  8  5
  6  7  8  5  9  2  9  4  9  2  7  0  3  6  5  3  4  7  3  1
  1  8  2  6  9  4  3  5  6  4  6  7  0  7  8  4  1  5  9  3
  6  2  4  6  8  1  7  6  9  1  1  5  4  0  2  8  4  3  6  6
  1  4  7  4  7  1  6  2  4  8  5  6  4  9  0  8  3  4  3  2
  1  9  1  7  8  8  6  9  7  6  1  1  7  3  5  0  1  4  2  4
  8  5  1  1  7  3  6  6  9  6  9  8  7  2  1  2  0  7  3  5
  9  1  2  4  6  7  9  2  5  3  1  9  2  4  8  7  4  0  2  1
  7  4  3  3  6  4  7  1  1  5  1  1  5  6  3  8  9  3  0  6
  3  5  7  9  7  6  3  9  9  2  7  4  6  7  7  4  2  6  1  0
M2
  0  2  1  1  1  6  6  8  4  8  9  9  6  9  3  9  4  5  8  9
  1  0  9  2  1  9  2  7  5  4  3  3  9  8  6  5  5  6  8  5
  1  6  0  1  3  1  8  9  2  7  3  9  3  3  5  7  2  7  2  7
  2  4  4  0  9  5  2  4  8  4  2  1  8  7  4  7  9  9  5  1
  2  3  6  2  0  5  2  2  3  3  7  3  5  6  2  9  5  5  6  5
  5  9  8  5  9  0  6  9  9  1  7  3  3  1  7  6  1  7  9  7
  6  5  4  7  9  3  0  6  3  3  1  3  8  3  1  6  5  1  8  7
  7  5  2  1  4  9  7  0  2  6  4  3  2  6  7  7  9  8  3  4
  6  8  1  4  1  2  5  1  0  8  3  5  5  1  5  1  4  6  5  9
  3  3  7  4  2  3  4  4  5  0  6  4  3  7  6  6  5  2  6  4
  9  2  2  8  9  3  7  2  1  5  0  2  3  2  4  9  2  4  5  6
  4  6  9  6  6  2  5  9  6  6  9  0  4  1  5  5  6  8  6  7
  5  5  1  4  9  9  3  4  8  9  2  9  0  9  5  6  5  8  2  5
  9  1  2  3  3  6  9  7  3  4  8  3  7  0  2  6  8  2  2  1
  2  7  4  1  8  3  2  9  3  1  9  9  8  1  0  9  9  5  6  5
  3  7  7  3  8  1  3  1  4  6  9  8  6  6  1  0  1  9  6  7
  6  9  7  6  7  2  4  5  6  7  5  4  7  4  4  6  0  6  1  1
  4  2  1  5  3  7  9  7  2  5  2  9  1  2  7  2  1  0  3  7
  8  9  3  1  3  3  9  6  9  8  6  4  4  7  3  1  6  6  0  8
  4  4  3  7  8  6  6  5  7  8  8  1  2  9  3  2  2  2  8  0
M3
  0  9  1  8  9  1  1  7  5  1  1  9  1  3  9  3  2  9  9  1
  3  0  1  8  6  2  4  9  9  7  9  6  1  6  8  9  8  6  9  8
  2  9  0  8  2  1  9  2  7  4  6  7  1  8  3  5  3  7  9  2
  8  1  2  0  9  5  2  5  5  7  4  1  7  2  9  9  7  8  2  5
  9  3  1  2  0  5  7  1  9  4  8  4  7  6  7  6  6  9  6  7
  3  6  2  7  7  0  3  6  7  3  6  7  3  7  6  2  7  7  5  2
  5  7  4  3  8  2  0  2  1  7  6  2  1  2  3  9  9  9  6  2
  5  7  6  7  2  9  3  0  2  6  4  3  8  1  4  4  8  8  4  3
  1  4  7  7  5  8  1  3  0  1  7  3  2  7  2  6  6  4  8  3
  4  4  3  7  6  6  5  8  5  0  1  7  4  9  7  9  8  4  3  6
  3  8  5  1  9  2  9  2  6  7  0  9  5  7  8  7  9  4  9  1
  3  8  8  2  5  8  1  9  1  2  1  0  1  4  2  3  8  3  3  1
  4  8  7  5  1  8  3  5  6  7  6  3  0  1  4  1  3  9  5  2
  9  4  5  5  4  8  7  2  1  4  7  6  5  0  1  8  7  2  9  9
  8  6  8  3  6  9  4  2  8  4  2  7  1  5  0  4  9  3  7  7
  6  6  7  7  9  6  1  3  3  6  1  2  7  4  7  0  3  3  4  7
  7  1  3  2  4  6  4  4  3  3  9  4  1  9  8  7  0  2  2  2
  9  3  9  8  4  1  3  1  7  4  5  5  2  9  5  8  9  0  9  8
  6  9  5  7  2  8  4  8  2  8  6  7  5  6  2  1  4  3  0  3
  7  6  7  3  6  5  3  4  4  3  5  9  5  7  7  1  7  4  4  0
M4
  0  1  3  2  3  3  7  9  2  3  2  6  5  9  8  8  4  6  4  7
  4  0  8  5  3  4  6  7  7  5  5  2  2  4  9  1  1  5  2  1
  2  7  0  7  6  1  7  1  2  7  6  6  2  3  6  5  4  1  2  1
  8  3  4  0  7  4  7  8  6  3  8  7  1  4  2  3  1  1  7  9
  1  8  8  6  0  2  6  6  5  1  9  3  4  4  1  1  5  3  3  1
  2  8  5  5  6  0  3  1  4  9  1  8  7  7  5  3  3  7  4  5
  5  5  2  4  6  4  0  7  4  6  2  8  8  9  9  2  4  8  7  3
  4  6  4  6  2  1  4  0  1  6  9  5  9  8  1  7  9  4  7  3
  9  2  6  5  1  9  8  6  0  5  7  6  6  5  9  4  7  3  1  8
  4  4  2  4  4  8  2  4  9  0  4  2  6  5  6  4  7  9  1  6
  8  2  8  5  8  5  2  7  4  6  0  1  5  8  4  4  1  8  7  3
  8  3  4  4  4  8  4  4  1  9  8  0  8  4  1  9  7  2  4  9
  8  1  9  2  8  5  4  4  4  9  9  3  0  3  4  5  2  3  8  6
  4  9  2  3  1  6  9  2  7  3  8  8  9  0  1  9  5  5  7  2
  6  8  5  9  1  5  4  4  6  9  8  4  6  2  0  4  8  7  5  3
  6  9  7  8  2  8  5  8  9  7  7  6  2  8  3  0  6  8  1  4
  6  9  2  1  7  6  8  6  6  9  9  3  8  3  5  9  0  6  7  3
  5  1  6  4  6  6  9  4  4  1  1  7  8  9  6  9  2  0  1  3
  2  2  4  1  8  5  4  5  1  7  1  2  5  8  8  9  3  6  0  8
  9  9  9  6  1  8  6  9  4  5  7  9  6  5  8  5  1  9  2  0