50 10
  0 56  1 13  2 24  3 36  4 39  5 26  6 67  7 73  8 53  9 97
  0 78  1 78  2 79  3 31  4 33  5 37  6 44  7 48  8 81  9 80
  0 92  1  8  2 83  3 87  4  9  5 18  6 73  7 89  8 50  9 16
  0 66  1 69  2 40  3 52  4 67  5 42  6 89  7 44  8  4  9 40
  0 30  1 42  2 97  3 20  4 41  5 47  6 53  7 56  8 36  9 45
  0 26  1 11  2 36  3 86  4 61  5 26  6 57  7 87  8 76  9 64
  0 16  1 70  2 61  3 70  4 17  5 30  6 60  7 89  8 10  9 36
  0 48  1 21  2 48  3 78  4 76  5 62  6 52  7 72  8  8  9 44
  0 30  1 53  2 24  3 99  4 31  5 41  6 42  7 67  8 17  9 98
  0 97  1 88  2 71  3 76  4 39  5 59  6 80  7 65  8 28  9 82
  0 54  1  2  2 75  3 56  4 25  5 14  6 42  7 97  8  3  9 66
  0 62  1 69  2  2  3 71  4  9  5 96  6 45  7 45  8 80  9 69
  0 23  1 37  2 26  3 45  4 69  5 31  6 37  7  2  8 14  9 44
  0 43  1 78  2 13  3 10  4 75  5 19  6 73  7 68  8  6  9 55
  0 21  1 69  2 68  3 34  4 42  5 22  6 44  7 39  8 32  9 68
  0 98  1 97  2 32  3 81  4 53  5 80  6 73  7  6  8 20  9 84
  0 19  1 53  2 58  3 77  4 26  5 57  6  5  7 24  8 17  9 77
  0 17  1 51  2 84  3 92  4 29  5 88  6 78  7 88  8 67  9 77
  0 80  1 31  2 19  3 34  4 15  5 73  6 89  7 96  8 67  9 28
  0 56  1 76  2 10  3 35  4 41  5 94  6 20  7 17  8 52  9 45
  0 32  1  3  2  6  3  5  4 32  5 49  6 94  7 11  8 39  9  9
  0 86  1 20  2 79  3 28  4 24  5  7  6 82  7 67  8 93  9 23
  0 85  1 32  2 69  3 73  4 63  5 33  6 42  7 81  8 46  9 23
  0 88  1 29  2 37  3 65  4 23  5 56  6 31  7 99  8 76  9 28
  0 77  1 36  2 13  3 71  4 95  5 81  6  1  7 22  8 78  9 19
  0 15  1 34  2 35  3 47  4 88  5 38  6  9  7 26  8 87  9 91
  0 48  1 89  2 97  3 98  4 40  5 13  6  5  7  1  8 16  9 75
  0 11  1 43  2 45  3  7  4 25  5 14  6 51  7 23  8 19  9  6
  0 33  1 48  2 72  3 42  4 12  5 62  6 21  7 41  8 82  9 60
  0 72  1 68  2 80  3 71  4 12  5 58  6 31  7 38  8 80  9 12
  0 69  1 52  2 24  3 54  4  9  5  5  6 54  7 36  8 28  9 61
  0 74  1 39  2 30  3  7  4 69  5  9  6  1  7 50  8 97  9 35
  0 48  1 12  2 89  3 90  4 28  5 91  6  3  7 59  8 60  9 81
  0 50  1 50  2 72  3 14  4 78  5 16  6  4  7 92  8  8  9 51
  0 41  1 48  2 85  3 15  4  1  5 38  6 58  7 55  8 40  9 94
  0 88  1 50  2 17  3 63  4 23  5  7  6 30  7 78  8 44  9 57
  0 50  1 73  2 35  3 19  4 79  5 94  6 10  7 77  8 72  9 65
  0 13  1 99  2 13  3 90  4 25  5 43  6 55  7 25  8 97  9  5
  0 74  1 10  2 80  3 72  4 15  5 66  6  6  7 25  8 10  9 26
  0 16  1 89  2 50  3 66  4 18  5 94  6 23  7 20  8  4  9 34
  0 91  1 13  2  4  3 58  4  3  5 54  6 29  7 87  8 15  9 61
  0 40  1 85  2 60  3 60  4 80  5 12  6 63  7 32  8 95  9 63
  0 59  1 50  2 55  3 66  4 41  5 34  6 71  7 12  8  4  9 72
  0 28  1 52  2 82  3 11  4 15  5 80  6 91  7 52  8 63  9 14
  0 61  1 39  2  5  3 83  4 94  5  6  6 94  7 33  8 68  9 43
  0 34  1 60  2 93  3  9  4 96  5 72  6 68  7 90  8 28  9  3
  0  7  1 89  2 38  3 85  4  6  5 40  6 46  7 81  8 50  9 94
  0 22  1 91  2 75  3 68  4 52  5 38  6 12  7 40  8 31  9 54
  0 63  1 76  2 40  3 79  4 59  5 36  6 89  7 67  8 38  9 13
  0 69  1 28  2 46  3 94  4 51  5 86  6 50  7 84  8 65  9 89
SSD
M0
  0  6  8  9  6  3  3  2  5  3  9  5  6  3  4  2  9  2  2  8  6  3  8  8  8  7  2  5  1  3  7  7  7  5  5  4  8  5  2  7  2  9  4  6  3  6  4  1  2  6
  7  0  2  8  1  7  4  1  7  2  5  8  1  7  4  8  7  9  5  5  3  7  1  2  3  3  4  4  9  4  5  7  5  4  2  5  5  5  7  9  1  9  2  8  5  5  4  6  9  9
  7  3  0  3  8  8  4  9  4  6  5  3  7  7  1  3  2  7  3  6  8  2  1  1  8  7  4  2  4  9  5  7  8  3  3  9  7  8  2  4  2  8  5  1  6  5  8  1  9  4
  7  4  5  0  4  3  8  5  2  8  7  8  9  7  6  7  5  1  4  8  7  9  4  4  1  3  7  6  7  5  9  1  4  7  5  1  9  2  2  6  2  9  7  6  6  6  6  1  8  1
  8  7  8  9  0  4  3  1  7  4  6  2  7  3  4  3  1  7  7  4  5  3  3  2  4  3  3  6  3  9  8  4  3  2  2  1  7  3  8  1  3  8  3  2  2  1  8  4  2  9
  9  1  5  6  5  0  3  4  2  4  5  3  3  6  4  6  2  9  3  2  2  8  6  8  7  9  5  1  3  6  8  4  2  2  6  6  1  1  9  2  4  1  9  4  6  9  5  2  4  8
  1  7  4  4  4  8  0  7  4  7  9  5  6  6  5  4  8  4  5  4  7  4  7  1  8  9  2  9  8  4  3  1  1  1  5  2  3  5  1  1  1  6  3  1  5  1  3  3  6  7
  9  9  7  5  2  9  5  0  7  5  9  4  6  8  9  7  7  6  9  5  1  7  4  1  3  8  9  2  1  7  8  9  2  3  1  3  4  4  4  5  6  9  5  8  7  3  3  2  8  3
  2  5  3  9  8  4  7  8  0  5  8  5  1  4  7  1  1  2  3  1  8  2  1  3  2  2  7  7  5  4  9  5  7  8  8  2  2  8  8  3  9  6  1  4  4  7  9  1  1  2
  9  1  6  7  3  5  3  4  6  0  9  8  2  4  5  6  4  4  9  8  6  7  4  5  7  8  7  7  3  5  1  3  3  3  2  9  7  1  6  2  6  4  8  5  9  6  6  1  3  4
  6  6  7  2  4  1  9  5  2  9  0  9  6  3  8  1  9  1  8  9  4  9  9  4  7  5  5  4  7  5  9  8  5  5  2  5  2  5  5  2  2  4  2  7  3  3  6  8  9  1
  6  1  1  6  8  7  8  1  5  3  9  0  8  4  2  9  4  1  7  1  3  8  5  1  7  4  6  6  4  9  5  8  3  1  8  8  1  4  1  6  8  2  1  6  6  6  2  9  6  5
  5  6  8  4  5  9  1  6  9  2  3  3  0  8  3  7  8  2  3  4  7  6  9  4  3  7  1  6  2  6  5  4  9  3  6  9  3  5  9  8  4  7  9  4  1  5  5  6  9  7
  2  5  1  4  3  4  4  8  4  2  3  7  8  0  6  4  6  8  6  1  9  6  8  2  7  4  5  9  4  1  9  6  4  7  7  8  5  1  7  6  1  3  9  9  6  6  6  9  4  1
  9  5  7  1  6  1  1  5  4  5  1  6  8  9  0  6  2  9  7  7  3  2  8  6  8  9  1  3  4  2  9  8  4  2  1  3  7  1  2  9  7  7  2  6  9  5  8  3  9  4
  6  7  9  5  2  9  9  3  9  7  1  9  9  6  8  0  9  4  2  3  2  5  9  7  2  3  1  7  5  7  5  8  4  9  8  9  4  4  9  4  8  1  3  9  4  6  2  5  7  5
  1  3  9  6  7  2  8  2  5  6  9  3  6  7  5  8  0  1  2  4  9  1  6  3  2  8  7  3  7  9  3  3  9  1  7  7  5  5  1  5  4  3  6  9  6  9  3  9  1  2
  8  7  9  6  2  1  5  6  3  8  1  8  6  3  4  5  6  0  5  6  3  3  2  5  6  2  3  6  6  8  3  2  6  7  5  3  6  4  9  9  5  9  7  2  7  2  2  2  6  9
  1  5  8  5  4  7  3  2  9  3  2  6  2  3  8  1  4  3  0  7  2  5  5  4  9  8  6  6  6  5  3  3  6  7  7  4  5  3  4  5  6  3  4  5  5  6  6  6  1  3
  3  5  6  4  7  5  1  4  6  5  9  6  6  9  2  6  8  2  8  0  4  1  5  8  9  6  6  6  7  1  1  5  5  3  5  8  6  5  6  2  7  5  9  6  2  6  7  3  4  3
  6  4  3  1  4  5  3  7  3  4  2  9  6  2  3  5  2  7  5  8  0  7  1  1  8  6  5  6  7  8  3  3  2  9  6  8  4  9  9  6  7  8  3  7  2  7  7  5  3  8
  3  7  8  9  4  7  5  2  1  7  5  7  6  4  8  7  3  5  4  7  1  0  9  9  9  5  7  2  7  8  9  5  1  4  4  6  9  9  8  1  6  5  2  6  9  1  6  1  1  7
  5  1  1  5  1  7  4  7  2  7  2  6  8  9  4  4  6  8  2  9  1  5  0  6  4  8  9  5  1  4  2  1  7  8  1  8  1  7  8  4  9  3  3  7  8  2  2  9  4  6
  7  2  7  7  4  6  8  4  1  9  9  9  9  9  9  9  9  8  3  9  7  6  3  0  4  8  5  9  2  4  7  8  4  6  2  2  8  1  1  6  9  6  7  3  7  5  6  2  1  1
  1  8  3  6  3  6  5  8  2  6  3  7  2  1  7  6  9  7  2  9  1  1  8  1  0  5  1  6  9  2  8  7  4  5  5  6  8  3  5  2  3  7  5  1  8  3  1  4  2  9
  4  9  1  6  4  3  9  4  6  2  7  4  5  3  1  2  5  2  4  2  2  6  7  8  7  0  3  9  6  7  5  9  2  5  8  8  7  6  4  3  3  9  8  2  4  7  6  4  7  7
  6  7  6  5  9  5  3  9  8  9  1  4  7  8  9  3  8  9  5  2  4  8  4  6  9  9  0  1  9  3  9  8  3  8  4  6  7  4  4  4  7  5  5  7  3  8  3  8  7  3
  1  7  3  3  3  1  1  9  7  7  4  9  9  1  6  2  9  5  2  3  5  7  2  6  9  9  7  0  5  5  8  8  2  8  9  2  3  7  1  1  4  8  8  7  2  2  5  9  7  4
  9  9  7  4  8  4  1  7  6  5  2  5  5  8  9  8  6  9  5  6  9  2  1  8  6  1  8  5  0  7  9  6  6  9  5  1  8  6  2  4  5  1  7  3  6  5  7  8  9  8
  4  6  6  7  4  5  9  5  8  5  1  2  7  5  3  6  3  3  9  3  9  9  3  9  4  8  9  4  1  0  9  2  8  4  5  2  5  7  7  4  7  5  3  1  1  3  2  5  3  3
  8  4  1  4  7  8  2  9  4  5  8  3  7  6  1  9  8  3  7  5  8  7  9  7  3  4  5  5  6  9  0  7  4  4  7  8  6  7  9  8  4  9  9  3  2  9  6  3  1  7
  6  2  4  1  7  5  7  2  8  8  4  3  6  1  1  4  3  7  7  5  8  6  1  6  1  3  5  4  2  6  9  0  7  9  5  4  4  2  1  8  6  9  2  5  7  8  3  1  4  8
  9  8  4  3  5  8  1  3  1  3  1  5  3  8  2  8  8  5  6  2  5  4  5  6  9  2  4  7  2  8  7  2  0  1  4  9  6  1  4  3  4  3  2  2  8  4  8  5  2  9
  8  2  6  7  2  6  8  9  3  6  3  8  1  7  9  4  7  7  7  3  3  6  3  9  3  9  1  7  5  2  4  6  1  0  2  6  4  9  4  2  9  2  7  6  9  3  5  8  1  4
  9  1  9  4  7  5  5  5  2  6  9  7  3  4  7  2  1  4  5  7  4  7  8  1  6  7  9  3  2  6  7  2  5  6  0  1  7  7  3  1  8  6  3  1  6  9  1  6  9  9
  9  8  4  1  1  3  7  8  4  6  9  5  4  3  1  8  5  3  9  8  3  7  6  4  3  5  9  6  8  3  1  9  6  6  3  0  7  4  9  5  9  9  4  7  4  4  6  9  4  2
  1  4  9  4  1  2  6  5  6  7  1  1  6  6  1  1  1  5  1  6  3  9  2  5  1  5  3  6  2  7  2  6  3  7  4  3  0  5  8  7  8  8  7  4  8  3  3  5  7  7
  3  5  9  4  5  9  4  1  7  3  5  2  2  8  6  5  5  3  1  1  6  3  2  5  4  8  7  7  1  8  3  3  5  4  8  4  1  0  4  1  9  7  2  2  5  1  9  8  7  1
  1  9  6  7  6  8  8  3  5  9  3  3  4  7  4  2  2  3  7  1  3  7  8  8  4  3  8  2  6  3  2  8  3  7  3  8  1  2  0  7  3  8  2  3  2  1  9  3  2  6
  8  5  1  2  8  6  8  1  8  9  7  9  5  1  6  6  2  1  9  2  6  4  5  7  1  8  1  2  6  8  7  2  7  7  7  8  6  5  6  0  3  7  6  8  4  3  1  5  2  1
  8  4  1  6  1  7  4  8  1  6  7  1  8  3  3  1  4  4  2  1  5  9  1  1  2  4  5  4  7  6  1  3  1  4  3  7  1  6  1  6  0  8  3  6  9  3  6  9  9  4
  9  4  6  7  3  8  3  3  4  4  1  9  6  6  2  6  4  9  3  5  9  5  3  7  4  6  3  6  2  9  7  6  1  8  4  5  1  7  3  8  5  0  1  4  1  5  2  6  3  6
  8  7  8  9  8  6  1  1  9  8  5  5  2  6  7  6  6  6  9  3  7  5  8  5  2  3  7  3  6  2  8  6  7  5  6  7  5  4  3  3  3  1  0  7  5  6  5  4  6  6
  3  2  9  4  3  6  5  1  5  3  5  6  4  6  1  6  4  7  5  8  2  5  9  2  9  1  9  4  8  1  8  9  3  7  5  4  9  8  1  3  6  1  4  0  1  3  8  9  6  1
  7  7  3  9  5  6  3  2  9  7  3  3  8  7  7  6  1  1  9  6  6  4  1  7  8  5  1  3  8  3  7  2  4  3  3  7  5  2  4  8  9  7  5  3  0  7  4  3  7  3
  3  2  5  5  8  8  2  3  7  4  9  7  5  1  6  1  2  8  9  6  2  7  4  4  6  5  6  2  9  6  2  9  6  6  3  1  8  5  4  3  5  4  4  9  2  0  7  1  5  9
  8  9  6  8  6  5  8  1  3  4  5  7  6  5  4  4  7  3  9  6  1  2  8  4  6  1  4  6  9  5  8  5  8  8  6  5  6  7  1  6  5  9  9  1  8  2  0  3  9  1
  9  7  5  6  2  9  6  3  8  5  1  9  6  6  7  1  3  4  3  4  5  1  3  9  8  6  6  2  1  6  5  8  8  8  5  4  7  5  8  3  6  8  6  1  8  3  1  0  9  4
  3  2  2  8  8  8  6  6  9  2  8  4  3  3  4  9  2  9  1  4  9  9  8  4  7  3  5  7  6  2  7  7  6  8  4  1  5  9  1  2  3  5  1  7  8  6  3  6  0  6
  3  3  9  9  7  7  6  7  9  1  9  2  8  4  4  7  3  8  4  8  5  8  1  4  2  6  6  3  2  4  1  2  2  2  6  1  5  7  6  9  6  3  7  1  2  3  1  3  4  0
M1
  0  2  3  2  4  2  8  4  9  1  3  6  5  7  6  4  2  1  8  8  4  8  8  3  6  9  8  2  2  4  7  2  1  7  6  3  2  1  9  9  2  3  5  5  4  3  2  7  1  8
  3  0  9  6  6  3  3  5  5  4  4  6  9  5  6  3  7  3  4  9  5  4  1  4  7  2  5  2  3  6  3  2  9  8  8  1  1  1  6  1  2  6  5  1  3  3  5  5  8  5
  2  1  0  7  9  4  1  9  9  4  1  1  4  6  3  8  2  4  1  2  4  4  7  4  8  3  5  6  2  4  9  4  4  7  1  1  7  2  5  8  4  6  6  7  5  5  4  1  3  3
  8  2  8  0  2  3  4  4  6  1  5  7  2  8  4  4  3  4  5  4  4  9  6  6  2  1  4  5  2  1  7  4  9  8  5  6  7  8  5  3  2  3  8  1  9  3  3  1  5  8
  9  9  5  2  0  2  3  9  7  9  9  9  8  3  1  8  6  1  6  5  5  3  5  1  8  5  7  2  8  6  9  1  4  7  4  8  8  7  8  5  4  8  4  2  9  8  4  2  1  2
  3  6  1  6  1  0  8  4  3  9  8  2  4  2  2  1  5  1  2  8  8  1  2  4  4  7  6  5  3  7  9  2  5  6  4  9  3  6  1  5  8  2  5  9  3  1  7  2  1  4
  5  3  2  8  5  2  0  8  2  8  8  1  1  6  9  7  5  2  3  4  6  9  4  8  4  9  9  7  3  9  5  7  3  2  3  9  5  4  2  5  8  9  5  4  7  5  7  2  6  3
  1  4  6  4  8  5  6  0  2  9  3  8  4  2  2  5  5  3  3  9  7  9  5  5  2  6  6  2  6  5  5  8  4  5  5  5  7  4  5  8  3  6  2  9  4  4  5  8  4  9
  9  6  9  2  1  8  7  8  0  3  1  8  6  7  9  3  1  4  3  1  4  2  5  2  1  6  3  9  1  7  1  9  2  7  9  2  1  9  8  5  3  6  5  3  7  4  6  4  5  5
  4  2  4  1  7  2  7  6  5  0  7  3  7  6  1  2  4  1  2  5  8  1  7  3  4  9  2  3  3  8  3  3  2  2  4  3  4  4  2  6  8  1  9  8  8  2  4  7  9  1
  8  3  4  3  4  3  3  7  1  7  0  7  3  6  9  5  1  3  8  6  7  4  5  3  2  2  6  2  3  5  9  5  9  2  7  4  2  5  2  9  8  3  5  2  9  8  2  5  7  4
  4  5  4  3  4  1  9  5  3  6  5  0  9  6  5  5  5  1  2  8  1  7  7  2  7  1  5  9  2  7  4  1  4  4  2  1  4  6  9  7  4  9  3  4  7  6  6  4  1  7
  5  1  4  5  2  7  7  7  3  2  8  4  0  4  4  1  1  5  3  6  2  3  3  4  7  5  4  9  5  3  9  8  1  4  2  2  9  2  3  4  7  8  4  1  5  2  6  1  8  2
  1  4  5  4  9  6  9  6  1  1  1  8  4  0  9  3  5  7  5  3  1  7  8  7  4  4  8  4  1  6  4  9  2  2  4  6  2  3  6  5  8  3  5  3  9  7  4  3  4  4
  6  3  4  8  2  3  3  2  1  1  5  4  8  9  0  4  7  4  1  2  8  4  5  3  3  1  3  5  1  1  3  2  1  4  8  9  8  7  7  3  3  1  7  3  6  5  2  7  2  2
  4  4  2  2  4  9  4  1  2  7  2  1  2  5  9  0  4  5  8  4  4  9  6  4  1  9  6  8  4  8  7  2  5  6  3  8  2  8  1  7  2  5  4  9  8  5  1  6  7  7
  6  8  1  4  6  4  3  9  3  4  1  9  6  5  6  7  0  1  3  8  1  1  3  5  9  3  5  3  1  5  2  7  2  9  1  2  1  7  3  5  3  5  5  7  4  3  9  2  6  4
  3  1  9  6  2  6  6  4  7  3  3  9  9  8  9  9  6  0  1  9  4  8  3  8  2  8  5  2  5  6  1  7  2  4  8  2  3  8  5  8  8  8  9  1  8  3  9  3  5  5
  1  9  4  7  7  3  7  4  5  2  9  7  5  8  3  8  7  1  0  5  2  1  7  8  6  8  4  9  1  6  1  4  8  8  4  8  6  2  1  7  7  2  7  4  2  7  7  3  2  5
  6  3  5  2  3  8  7  5  8  2  3  1  7  5  1  5  8  2  2  0  4  9  1  4  4  5  6  3  1  1  3  5  5  4  3  6  1  1  3  2  6  9  1  4  1  5  1  1  8  4
  5  8  2  8  8  1  3  5  8  6  3  2  1  4  1  3  9  8  6  8  0  1  7  9  5  1  4  9  4  2  5  9  2  2  9  4  4  1  3  6  9  2  5  9  1  4  5  5  3  1
  9  9  3  6  8  3  3  7  3  2  4  5  3  3  4  4  8  4  2  3  5  0  1  9  8  6  2  3  2  2  4  1  7  7  8  9  7  4  3  4  7  2  5  6  4  7  7  7  8  3
  2  3  9  2  4  3  3  3  8  8  8  6  3  5  1  9  7  6  4  1  6  6  0  3  9  3  9  6  2  4  1  3  1  4  4  7  1  7  3  4  7  8  5  8  3  5  4  3  7  5
  2  7  5  8  9  6  8  9  7  1  8  9  6  2  2  7  5  2  4  3  7  6  9  0  6  6  8  5  5  9  8  8  6  5  2  4  9  7  8  6  6  8  7  6  2  5  1  5  3  8
  8  2  5  5  7  4  2  9  8  8  2  6  7  7  6  1  1  1  7  7  7  3  5  8  0  6  6  5  2  7  8  6  5  5  6  5  9  6  1  7  7  5  8  1  5  5  7  5  6  4
  5  5  7  7  3  4  3  8  6  5  4  2  2  8  6  1  4  7  4  5  2  6  4  9  3  0  8  1  5  8  7  6  9  2  2  5  1  8  3  2  4  4  5  3  5  6  8  4  5  4
  7  3  7  6  6  5  2  5  2  4  8  6  3  9  7  4  3  1  9  4  6  1  5  4  1  6  0  2  3  5  1  7  4  6  7  4  6  3  5  2  4  2  4  6  5  4  8  1  6  1
  1  1  9  9  3  8  6  9  2  2  7  8  2  5  2  2  3  7  2  3  3  4  4  4  5  5  7  0  8  4  5  1  4  7  3  2  5  3  1  4  2  7  4  6  5  8  6  7  4  1
  3  1  6  2  5  1  9  7  4  7  6  9  4  5  1  7  1  4  1  2  7  1  3  4  1  5  8  1  0  1  9  4  3  9  7  9  6  4  2  3  8  5  5  6  1  6  8  1  4  9
  8  7  1  9  1  7  1  1  6  2  1  1  8  1  8  5  5  5  1  3  3  7  4  8  6  3  4  1  8  0  4  4  3  4  1  7  9  6  2  1  2  1  2  3  7  9  7  8  1  2
  1  6  1  4  3  8  5  7  1  6  6  1  7  9  3  6  3  3  3  9  5  3  6  1  7  7  1  5  7  5  0  1  9  5  3  5  5  3  5  4  7  2  5  1  4  6  5  6  9  5
  1  4  9  9  7  6  2  9  9  8  8  3  4  2  6  2  6  1  5  3  1  1  4  6  4  1  4  2  8  6  4  0  7  6  9  4  5  9  3  5  3  1  8  9  9  5  3  5  7  5
  5  3  1  8  2  6  9  8  5  2  3  4  6  5  9  6  9  6  1  1  9  1  5  3  9  8  2  1  6  7  1  9  0  4  1  5  8  4  5  8  4  6  8  7  3  2  1  7  7  3
  5  7  1  4  7  9  1  5  9  4  7  9  8  5  9  1  3  2  1  8  3  6  1  5  2  1  6  5  3  5  2  3  7  0  8  1  5  6  3  7  2  7  9  7  1  8  8  7  5  5
  3  4  1  2  8  5  6  1  3  4  9  7  4  7  2  7  2  5  9  6  4  4  8  1  1  5  2  2  3  9  9  3  9  4  0  9  8  5  6  2  2  3  8  9  3  5  8  9  4  1
  8  8  7  7  9  9  5  8  5  1  5  2  4  1  2  3  1  1  5  4  1  2  9  6  1  8  3  3  4  1  4  1  6  7  5  0  9  1  8  1  7  7  6  2  3  5  2  7  6  2
  8  1  6  7  2  7  8  4  6  2  5  6  2  8  7  3  4  6  6  4  6  1  5  1  1  6  6  9  8  7  4  3  6  3  8  9  0  5  5  2  3  2  1  9  6  2  5  8  4  7
  6  7  3  3  7  9  5  8  5  8  5  6  3  6  5  5  2  4  7  1  3  9  3  4  5  9  1  4  7  7  2  5  7  1  9  1  5  0  4  1  1  7  9  9  9  6  4  6  1  5
  6  4  1  8  7  7  8  1  5  1  4  9  1  8  8  1  7  3  4  9  9  8  8  9  5  6  1  4  8  2  2  8  4  5  6  5  3  4  0  2  7  9  4  6  2  9  5  9  4  2
  1  3  9  4  7  7  7  4  7  7  7  4  4  3  2  3  3  8  1  9  1  3  4  4  8  7  1  6  2  8  9  9  8  4  1  6  8  5  9  0  3  9  5  6  6  8  7  6  8  2
  7  1  3  2  9  3  4  1  8  7  4  7  8  7  9  8  4  7  7  6  2  6  9  4  3  6  2  8  6  2  2  1  3  5  1  7  6  5  9  7  0  1  4  9  1  8  3  3  8  9
  8  4  4  1  9  4  1  3  3  6  2  5  5  9  7  3  1  1  4  6  2  2  3  5  1  1  6  7  7  6  2  9  4  2  2  2  3  9  2  5  3  0  2  7  7  9  9  1  6  7
  4  2  1  8  9  8  7  5  5  9  3  5  3  4  6  6  7  8  1  8  5  1  8  8  6  5  9  9  9  3  5  2  4  5  4  1  5  9  6  5  2  8  0  9  5  3  5  7  4  6
  1  5  2  1  4  6  2  1  6  4  6  7  4  4  9  7  6  7  7  8  3  3  9  5  5  6  2  9  3  2  2  3  7  7  4  8  5  5  4  1  1  3  9  0  2  2  3  4  8  8
  1  5  4  9  9  4  1  5  1  6  7  3  9  7  8  5  4  4  9  4  6  1  6  9  7  6  6  3  9  9  5  2  4  2  2  6  5  5  6  8  3  9  1  1  0  7  3  7  2  3
  2  5  1  1  7  5  3  4  4  3  3  2  7  1  8  3  6  2  6  7  4  3  7  3  5  9  8  7  5  8  8  2  9  7  8  5  3  6  1  4  7  6  6  1  7  0  7  4  7  1
  6  8  9  1  3  6  9  8  6  4  7  5  7  9  1  4  2  2  3  2  6  2  1  5  8  6  7  2  7  5  7  5  5  4  1  9  1  4  7  9  4  7  8  2  1  9  0  3  9  6
  2  4  7  9  6  7  3  6  4  5  1  2  4  6  3  2  3  1  9  1  2  5  8  2  1  9  6  7  7  3  9  5  4  1  8  3  5  7  6  9  3  6  2  9  6  8  3  0  7  3
  9  4  9  2  1  5  7  1  8  1  4  3  2  9  3  6  3  4  4  5  9  6  9  9  8  3  4  4  3  1  7  4  9  4  4  1  9  3  2  7  6  7  2  5  5  7  6  7  0  6
  2  6  7  1  8  5  8  7  3  7  4  4  2  6  8  1  7  3  9  4  3  8  8  9  5  2  7  1  2  6  8  3  7  7  1  7  6  1  6  3  3  1  7  7  4  4  8  5  4  0
M2
  0  9  4  2  1  8  5  6  7  4  2  3  1  5  7  1  6  8  5  1  8  5  6  3  6  6  8  4  5  7  4  9  8  4  7  7  7  6  4  8  4  4  9  3  5  2  5  5  9  4
  7  0  8  1  9  8  6  9  7  5  3  6  9  8  6  2  8  7  8  5  4  9  2  8  2  6  8  6  7  7  3  5  5  7  1  3  7  7  1  2  3  3  5  1  5  4  1  8  7  3
  8  1  0  4  1  2  9  9  6  6  1  4  7  6  2  8  1  1  7  8  1  9  7  7  9  9  7  3  2  5  1  8  2  1  7  5  1  6  3  6  8  3  3  8  6  5  9  3  2  6
  4  1  9  0  9  8  4  4  9  4  5  7  9  9  3  2  6  4  2  5  6  7  8  4  1  6  8  2  2  3  5  9  1  9  2  9  2  8  2  6  9  8  8  7  7  3  4  6  2  4
  1  9  1  4  0  5  9  4  7  7  7  7  4  9  8  2  7  9  2  8  1  1  2  5  5  1  9  3  7  6  3  5  7  2  6  5  2  5  1  2  5  2  3  6  7  5  5  1  1  2
  5  9  4  6  3  0  4  8  1  9  1  4  8  6  7  4  5  5  9  6  2  3  7  2  9  9  6  1  5  5  1  7  5  4  8  6  5  1  6  5  9  4  7  6  9  8  1  7  4  8
  5  9  2  4  1  2  0  9  5  5  9  7  9  5  5  3  9  9  8  9  3  3  4  4  1  1  5  4  1  7  9  7  5  6  1  8  6  9  3  2  9  6  7  5  4  4  8  4  4  9
  8  7  9  9  2  7  5  0  7  4  1  9  5  5  8  8  2  2  6  3  8  6  1  4  9  9  8  5  7  9  5  3  3  8  7  3  4  4  8  3  5  3  5  7  7  8  6  1  3  8
  2  3  4  2  7  6  4  2  0  3  8  8  3  3  8  7  7  8  6  5  6  1  4  5  5  6  1  4  4  1  6  5  6  3  6  1  3  2  6  1  2  6  9  9  5  7  2  4  9  6
  9  9  5  3  2  6  7  6  1  0  8  2  4  4  1  1  4  5  4  4  8  3  2  5  5  6  2  2  1  8  7  5  5  1  7  6  4  4  4  7  6  1  2  4  7  3  7  8  4  3
  2  1  8  5  2  5  3  9  4  4  0  1  8  3  6  3  2  4  7  2  3  5  1  5  2  6  4  6  4  2  6  5  8  6  3  3  7  7  8  5  2  5  9  6  3  3  6  5  4  8
  4  8  6  3  5  3  6  6  8  6  4  0  8  4  9  5  5  8  5  6  1  5  8  6  1  8  1  8  5  2  5  4  1  3  4  4  3  5  9  7  4  2  5  2  2  8  4  6  6  6
  6  6  3  1  2  9  2  3  8  9  8  1  0  2  4  3  7  8  3  2  2  5  4  9  1  5  8  9  6  9  7  1  9  6  5  5  6  1  4  9  2  5  8  5  1  9  6  9  6  3
  7  3  2  2  9  5  7  6  4  2  3  4  5  0  7  4  8  7  3  2  1  1  4  4  8  1  9  6  8  7  7  6  7  9  3  2  5  3  3  3  2  5  1  3  3  6  8  9  6  2
  7  6  4  1  1  5  3  6  2  9  6  9  6  6  0  4  8  3  6  2  5  4  3  3  9  9  5  1  2  7  6  9  5  7  7  5  3  4  4  2  2  3  9  7  4  4  2  4  7  1
  7  4  7  1  4  9  2  8  7  6  9  2  9  7  4  0  1  4  8  7  4  8  8  7  6  6  1  1  8  9  8  4  7  6  7  8  2  8  2  3  7  6  1  4  3  9  7  5  1  2
  3  9  8  6  1  1  5  2  4  7  2  8  9  4  7  5  0  6  5  2  5  8  8  7  5  3  4  8  1  9  6  5  1  8  2  9  3  4  2  4  6  6  6  4  4  1  9  5  3  5
  4  6  8  1  1  1  1  2  5  1  4  4  1  5  6  5  4  0  9  7  3  4  9  5  2  1  5  6  8  3  6  4  7  1  4  1  2  5  9  7  9  9  7  8  3  8  6  1  1  7
  1  4  6  2  9  4  6  2  7  6  2  8  5  3  9  7  6  6  0  5  6  5  1  5  6  2  8  8  6  7  8  2  5  1  5  7  7  3  3  5  2  2  6  4  4  5  4  1  3  6
  9  9  6  3  3  1  2  5  3  3  7  2  8  1  4  7  6  5  7  0  9  2  9  3  6  7  7  4  2  6  2  1  6  9  2  4  5  6  6  7  9  9  5  5  3  5  1  7  9  8
  2  2  9  4  6  9  6  3  1  1  2  6  5  7  3  5  2  4  8  8  0  9  7  9  2  1  6  5  7  6  4  2  5  7  7  7  5  3  2  1  1  2  4  9  4  8  3  3  8  1
  2  8  2  3  3  6  7  4  7  2  8  1  6  1  2  7  3  2  9  8  6  0  8  2  9  6  9  1  6  6  8  2  1  3  4  4  6  3  1  5  2  1  7  5  9  7  4  1  1  5
  8  3  9  4  8  6  7  9  5  2  5  5  3  6  5  4  7  3  9  1  1  3  0  4  3  3  3  6  4  2  3  6  1  4  1  5  5  6  5  8  3  6  1  8  3  3  6  3  5  6
  9  2  8  1  4  9  8  3  6  5  5  9  6  4  4  8  9  6  6  7  3  8  3  0  8  8  3  7  2  5  9  2  1  8  3  7  8  9  4  8  1  6  8  8  8  2  2  6  8  2
  9  8  5  4  9  9  7  5  7  1  4  6  7  2  9  8  6  6  1  2  7  5  9  2  0  7  2  6  6  2  5  6  8  6  3  7  4  2  8  9  8  8  6  8  3  4  8  3  4  2
  3  3  7  8  5  7  8  4  8  2  3  5  1  5  2  1  9  4  4  7  5  4  7  9  7  0  4  5  8  2  8  6  2  3  2  1  5  3  4  7  6  6  5  5  8  6  6  6  6  5
  4  5  6  2  3  7  6  3  5  5  6  5  1  3  8  3  1  6  5  9  8  9  2  5  8  6  0  1  4  5  9  9  8  3  3  1  9  8  7  1  6  5  1  5  1  6  8  4  8  1
  9  9  8  9  1  5  6  8  2  8  3  7  8  4  3  8  5  9  7  3  5  2  3  2  6  4  8  0  6  4  1  4  4  7  3  9  3  6  6  2  8  4  4  5  5  7  6  7  9  5
  7  2  5  6  7  8  4  3  7  7  5  4  4  2  2  6  3  3  8  3  8  5  7  1  6  4  9  2  0  3  3  2  9  9  4  1  5  6  1  1  4  9  4  9  1  6  2  9  1  3
  1  4  7  3  3  1  9  5  5  3  1  3  7  4  6  5  3  9  6  4  2  9  2  5  3  5  9  4  9  0  8  1  9  7  9  6  4  8  1  1  8  5  8  1  1  4  2  8  6  6
  3  9  8  1  7  2  9  1  6  8  9  4  2  9  6  9  7  9  4  6  7  3  5  8  7  9  7  9  1  7  0  7  8  3  2  5  6  3  6  9  5  2  9  3  1  9  5  9  2  7
  9  7  6  3  2  7  6  9  2  8  9  5  7  6  5  3  9  1  6  2  6  5  9  8  7  3  1  9  1  5  2  0  7  4  6  2  2  3  8  1  2  7  6  6  2  6  5  6  3  9
  7  7  9  2  3  1  9  2  6  8  8  7  7  3  3  5  3  6  1  5  8  5  2  1  1  3  4  3  9  8  3  5  0  3  3  7  1  6  6  2  1  2  7  7  4  1  1  7  6  9
  4  3  1  1  1  9  2  5  9  8  6  5  3  6  9  8  3  8  5  2  7  3  3  3  8  4  6  8  2  1  2  6  7  0  7  4  2  6  3  4  4  9  5  2  8  4  8  2  4  6
  6  2  6  6  7  7  4  4  3  1  7  1  1  3  6  2  9  4  1  5  3  7  7  7  4  7  9  8  6  6  1  3  4  1  0  9  1  1  7  1  6  8  5  3  2  9  7  9  6  4
  8  9  1  3  1  3  1  9  4  1  6  7  7  6  5  2  4  4  8  1  4  7  3  3  8  1  4  8  6  7  2  5  5  1  4  0  8  7  1  1  4  7  5  6  2  3  9  8  3  3
  2  5  2  2  9  1  6  3  5  7  8  6  3  1  9  7  5  5  9  2  7  1  9  7  9  2  7  2  2  9  3  2  3  4  1  9  0  7  9  8  3  5  1  5  3  4  1  6  7  9
  3  4  5  6  3  1  1  3  4  8  4  2  8  6  4  4  6  5  5  4  7  9  1  2  3  7  2  3  2  3  3  1  4  3  7  8  2  0  9  1  2  2  1  4  3  5  1  2  8  6
  6  4  4  2  2  1  1  3  7  2  7  7  5  4  2  2  4  4  8  5  5  5  2  3  8  3  8  4  8  4  5  4  4  3  1  4  9  7  0  5  6  2  6  1  2  8  4  2  6  9
  2  8  5  5  8  9  6  2  4  9  5  1  2  9  4  8  5  8  2  5  5  8  7  1  9  7  2  4  4  4  8  3  8  2  3  6  6  1  8  0  9  1  5  4  9  8  1  1  7  9
  9  8  4  6  9  4  7  8  9  3  1  1  9  1  3  2  5  7  5  6  5  9  6  2  2  3  6  7  5  1  6  3  8  2  6  2  8  7  6  3  0  6  6  2  1  5  1  3  9  1
  7  3  6  6  4  3  9  8  4  2  3  9  7  3  9  5  6  3  5  2  9  7  1  8  3  3  1  7  1  6  2  8  1  5  6  1  5  1  3  4  7  0  4  6  5  6  8  7  3  2
  6  8  3  5  6  3  5  4  1  4  2  5  4  9  6  7  9  5  5  6  2  6  4  9  8  9  8  1  7  1  5  5  6  7  1  4  4  4  5  8  1  6  0  6  7  3  8  1  7  1
  1  5  5  3  2  9  8  3  9  2  4  8  5  5  5  4  2  8  6  7  2  4  7  9  4  4  9  2  2  3  6  5  3  2  6  3  1  5  7  2  5  6  4  0  2  7  2  2  3  5
  1  8  6  3  9  8  4  4  4  6  8  7  5  9  7  7  9  8  4  5  5  4  1  1  2  9  1  5  7  5  1  3  4  2  8  4  9  6  3  6  3  2  9  9  0  6  5  4  3  8
  2  5  4  4  9  7  9  2  2  1  3  9  3  6  9  9  7  3  1  3  1  7  3  8  5  9  2  2  2  7  7  7  2  2  8  3  3  3  4  1  2  3  6  1  2  0  9  4  7  6
  3  1  1  4  8  3  5  3  1  4  3  9  5  3  6  4  8  4  1  3  2  2  2  1  3  6  6  5  1  9  8  7  8  9  9  8  2  2  6  2  3  9  9  1  4  9  0  9  7  1
  3  1  3  2  5  1  8  3  6  4  9  5  3  9  4  3  3  4  5  2  9  9  3  9  1  2  4  5  7  3  1  6  6  5  1  3  2  5  1  3  5  1  5  5  6  8  6  0  3  9
  8  8  8  8  1  1  1  6  5  9  9  4  3  7  3  8  7  8  6  6  9  1  5  3  1  2  6  9  9  4  6  8  8  9  5  4  9  9  4  2  6  7  4  8  8  7  1  1  0  6
  7  4  2  5  8  5  6  1  2  4  3  3  7  9  1  5  6  4  3  2  4  9  1  6  3  6  2  1  5  6  5  4  1  6  3  4  3  7  2  4  5  4  1  3  4  6  3  7  8  0
M3
  0  4  2  5  2  8  6  8  8  2  4  5  8  9  5  3  4  1  6  8  6  1  4  9  4  4  4  2  8  3  4  2  1  7  6  3  4  2  9  6  1  9  8  8  2  6  7  7  9  9
  1  0  7  5  4  8  7  5  3  5  7  4  7  2  5  5  6  5  6  1  2  2  7  2  6  2  1  3  4  4  9  9  7  1  3  5  9  4  4  4  2  2  9  4  5  2  2  5  7  6
  8  6  0  8  9  6  9  6  2  9  2  1  7  4  6  1  7  2  2  9  8  9  2  8  3  6  6  1  7  8  3  3  9  8  1  5  4  9  1  5  7  6  8  3  1  2  9  4  1  4
  4  4  4  0  2  5  7  9  3  2  3  7  7  8  6  7  6  1  2  7  7  4  7  2  2  1  8  3  5  4  2  9  2  5  1  2  3  1  3  7  3  1  6  3  5  5  2  8  4  6
  4  2  5  9  0  3  2  1  2  1  1  2  4  5  8  5  7  8  4  6  4  6  7  8  1  3  7  3  8  3  8  6  4  6  9  9  8  9  4  7  4  2  5  1  2  6  7  5  9  9
  1  4  9  6  5  0  6  8  5  1  6  8  1  4  2  9  6  3  8  4  5  3  4  8  9  6  4  3  4  4  8  1  7  8  4  9  3  6  5  3  9  8  3  7  6  3  5  1  8  9
  5  8  5  6  9  7  0  8  5  8  5  9  5  8  9  6  4  3  7  6  7  6  7  4  3  7  4  7  4  5  4  2  9  7  6  2  6  5  2  6  7  5  6  2  3  5  7  6  1  5
  9  4  7  5  5  7  3  0  7  9  7  9  4  3  6  1  3  3  1  6  8  1  5  8  5  1  6  3  2  6  3  4  9  2  5  4  6  3  8  7  5  7  3  4  6  1  9  6  6  8
  7  1  2  5  3  5  9  9  0  6  4  1  5  7  3  4  2  7  7  9  8  6  4  8  9  5  9  1  7  5  8  9  6  5  2  5  2  4  3  8  3  3  3  2  1  4  7  2  1  9
  1  7  5  3  2  1  5  6  4  0  4  1  9  3  7  7  4  3  6  7  9  7  6  1  5  7  2  8  5  6  1  7  8  5  5  9  7  9  8  9  5  3  5  6  5  4  8  8  8  7
  8  8  2  3  9  5  3  7  8  6  0  8  2  4  3  8  2  1  1  5  7  7  2  4  8  7  9  9  8  1  7  9  9  5  4  6  3  8  9  6  6  2  6  8  5  4  7  1  4  7
  7  6  5  9  5  6  6  8  7  8  8  0  8  6  9  2  7  9  8  2  2  4  5  2  4  8  9  2  2  6  1  6  5  4  9  4  7  4  8  2  7  8  9  9  1  2  8  2  7  7
  2  6  2  6  9  1  3  6  9  8  6  9  0  6  3  2  8  8  8  1  6  9  8  3  9  5  2  5  7  3  5  6  9  6  4  5  9  7  3  7  2  7  7  8  2  3  7  2  9  6
  1  9  2  2  1  7  1  3  7  7  8  9  2  0  6  4  6  9  2  4  2  8  3  7  6  5  6  8  5  8  7  7  6  5  9  3  7  2  7  1  1  7  4  2  1  2  9  7  5  6
  5  9  7  9  4  1  5  2  9  1  6  6  7  8  0  9  4  7  1  5  9  9  4  9  6  5  8  3  3  7  6  3  7  5  6  6  1  6  4  7  5  2  1  4  3  1  1  9  6  1
  3  6  4  4  5  8  4  6  7  8  5  8  7  9  1  0  3  5  5  6  1  3  3  8  4  3  9  6  5  7  9  5  1  2  8  2  1  3  8  9  1  5  6  4  8  6  7  1  1  1
  1  9  6  1  1  8  8  9  2  2  8  5  2  1  4  5  0  6  4  1  2  8  8  6  8  7  9  3  4  3  7  8  6  6  2  9  1  1  2  8  6  5  8  3  8  7  5  6  6  1
  9  3  9  8  9  8  2  7  2  4  6  6  2  8  3  3  9  0  9  8  4  3  9  8  4  6  6  1  4  1  7  7  4  2  5  3  4  9  4  4  9  4  9  7  7  6  5  2  8  3
  2  3  2  5  7  8  6  2  7  4  7  5  2  2  2  5  9  5  0  3  6  3  8  9  8  5  7  8  4  2  3  5  4  6  7  2  3  3  3  7  3  1  6  6  7  1  8  6  2  1
  8  6  6  3  8  8  9  7  5  6  5  2  5  3  1  3  1  5  3  0  6  8  9  1  1  2  4  6  4  9  8  2  9  9  3  7  9  4  5  5  8  1  2  8  3  5  1  4  4  3
  6  4  2  2  2  8  6  1  8  7  5  3  6  6  2  9  5  7  3  5  0  5  5  6  9  7  7  6  1  8  5  2  8  3  1  2  8  3  2  9  7  2  4  3  2  2  7  6  4  6
  8  3  8  4  7  6  9  1  4  9  5  8  5  7  6  1  2  5  2  6  9  0  4  5  6  8  9  2  8  8  2  9  8  2  4  8  6  4  4  8  3  7  4  6  2  3  4  3  1  4
  7  6  3  1  8  3  3  9  3  9  9  6  9  5  8  7  5  3  9  3  3  9  0  7  5  2  1  7  4  1  5  8  9  7  3  9  1  4  1  2  1  1  4  3  9  2  1  7  2  3
  2  6  7  2  4  6  2  7  5  9  4  9  6  2  8  4  9  8  8  6  5  7  9  0  8  1  5  3  4  6  5  8  2  8  6  7  4  8  1  6  6  1  1  3  1  4  4  1  5  9
  3  5  7  8  1  2  4  4  1  7  9  8  2  2  7  3  8  5  9  8  8  1  3  4  0  7  4  9  2  2  5  8  6  8  8  4  3  5  6  5  8  6  9  2  2  8  8  7  8  6
  5  7  2  8  7  1  6  1  6  1  9  7  7  8  1  1  5  2  7  1  6  1  2  2  8  0  2  2  8  2  8  7  8  9  6  7  3  7  2  1  9  2  8  9  1  1  9  4  1  2
  7  9  8  1  9  8  2  6  3  7  7  2  7  8  7  1  9  1  2  5  1  2  5  5  3  8  0  5  1  3  3  5  1  3  9  6  8  2  7  8  7  2  5  7  1  9  1  4  8  5
  1  2  4  7  8  3  6  3  9  3  5  3  1  4  8  6  2  8  8  3  5  9  4  1  3  4  6  0  5  7  7  4  9  8  1  3  3  7  5  4  1  5  8  6  7  8  2  6  8  1
  1  9  3  2  7  3  4  3  9  1  8  6  4  3  1  6  6  2  3  4  2  1  7  7  4  1  8  5  0  5  4  2  6  2  2  2  5  3  3  4  5  8  8  8  4  1  5  7  6  2
  9  1  2  3  3  6  1  8  2  7  3  6  5  9  4  6  6  1  3  7  6  7  3  4  4  1  4  8  4  0  8  4  7  1  8  4  3  5  8  4  9  4  4  4  2  2  1  6  7  8
  5  1  1  2  3  1  5  2  9  2  3  2  9  1  5  2  1  6  8  7  8  9  5  8  2  4  5  8  8  6  0  9  3  5  2  1  8  3  2  7  5  1  8  6  9  8  5  1  3  8
  9  9  6  5  4  2  1  6  6  7  5  6  4  9  7  3  9  1  2  4  6  3  5  4  7  2  4  9  3  2  2  0  9  9  1  4  7  8  4  7  8  8  3  8  8  2  1  8  4  8
  3  6  1  4  1  7  1  2  4  1  6  6  3  5  5  4  8  7  9  2  5  4  4  5  7  5  4  2  5  3  2  9  0  2  9  8  6  3  5  6  9  8  1  4  9  3  9  4  1  7
  7  6  3  3  9  6  7  3  9  7  2  6  4  7  6  1  7  9  2  3  8  7  3  2  8  4  6  4  8  3  9  6  3  0  1  9  8  1  1  9  8  3  9  3  5  7  3  9  4  6
  4  6  4  3  5  6  3  8  4  9  1  8  2  8  1  4  5  9  3  1  2  7  4  5  8  5  3  6  7  3  9  7  5  3  0  3  7  5  4  4  7  2  9  5  9  4  2  8  2  3
  6  7  9  9  6  1  2  1  5  5  5  2  9  2  8  1  7  3  7  2  1  6  4  6  4  7  2  4  8  3  5  1  1  1  5  0  9  8  6  8  1  7  1  5  3  4  6  8  3  8
  1  6  8  7  1  3  8  5  1  3  3  2  4  3  2  5  1  8  9  5  2  7  3  9  8  9  4  1  5  7  7  3  7  6  6  3  0  3  1  9  6  6  2  5  7  1  6  3  2  9
  5  9  2  8  3  2  4  7  7  2  2  3  1  3  5  9  5  1  6  8  3  6  8  5  3  8  9  6  2  8  2  6  3  9  7  2  6  0  2  7  4  5  2  4  7  9  2  5  2  4
  7  3  9  5  4  9  3  3  6  9  5  7  5  6  3  2  4  5  8  8  2  1  2  2  1  5  7  1  4  8  1  4  6  2  7  5  6  7  0  9  6  4  5  1  4  1  9  2  7  2
  9  2  7  4  1  1  8  7  2  9  9  2  9  6  1  6  5  4  5  3  9  2  8  4  9  6  8  4  7  3  6  6  5  3  5  3  5  8  8  0  1  5  7  8  3  5  6  2  3  8
  3  9  1  4  4  6  5  5  9  7  4  4  8  1  2  3  6  3  4  5  3  1  8  5  6  3  3  1  6  3  9  3  2  6  7  7  1  7  2  1  0  7  7  2  8  4  8  6  9  4
  2  3  5  1  9  5  8  5  4  2  8  7  6  6  7  8  5  6  5  3  8  8  3  3  7  4  5  4  7  3  8  9  4  7  6  5  4  3  8  3  6  0  8  2  3  6  3  1  8  4
  1  9  2  2  7  9  3  2  5  6  9  8  6  9  7  5  2  5  9  6  3  1  8  5  7  1  3  3  2  6  8  9  2  9  6  6  8  2  3  2  4  4  0  1  9  8  8  9  5  1
  6  9  1  1  3  3  1  2  8  7  8  4  1  4  1  7  3  8  9  9  9  5  2  4  1  7  6  1  9  5  9  6  8  6  1  4  3  9  3  7  5  8  9  0  2  3  6  4  1  7
  2  6  7  6  9  2  1  5  7  7  8  1  8  2  5  1  3  3  8  5  1  4  7  2  8  1  8  8  3  3  9  1  3  2  8  4  1  5  7  4  7  9  5  7  0  6  8  5  1  9
  9  3  3  1  8  8  9  8  9  4  3  4  8  6  1  4  2  8  6  8  3  5  4  3  7  4  5  7  7  4  9  4  5  3  9  5  9  2  7  7  3  3  7  8  9  0  9  1  7  3
  5  8  5  6  6  5  3  4  4  7  3  9  4  9  3  3  4  9  1  1  1  6  9  5  2  3  9  5  3  1  8  6  1  9  2  1  6  9  6  6  9  1  9  7  5  1  0  2  5  9
  4  7  5  3  4  7  6  1  3  4  1  8  1  9  9  2  6  2  5  6  8  6  5  6  3  8  1  7  8  8  3  6  1  4  4  9  3  8  6  6  7  2  9  5  4  7  8  0  8  6
  5  1  3  5  5  9  9  7  5  9  3  9  7  5  1  6  2  6  6  1  1  4  9  1  7  4  9  8  9  8  4  1  3  5  7  1  6  4  9  4  2  9  4  7  4  9  9  3  0  1
  8  6  5  5  8  5  7  6  4  3  7  7  3  4  4  6  3  2  2  3  8  2  5  7  1  3  9  2  9  4  5  2  6  1  5  1  6  7  7  1  4  8  7  4  5  5  3  4  1  0
M4
  0  6  6  6  1  5  4  1  9  4  1  7  4  6  8  6  8  1  3  7  5  4  2  9  6  2  8  4  8  6  7  9  4  5  2  5  1  2  4  7  7  7  1  7  1  1  5  2  3  4
  1  0  1  7  6  7  4  6  5  1  9  9  4  1  7  3  9  3  5  3  1  4  1  8  4  3  9  6  1  6  9  9  4  8  9  9  9  9  8  6  1  8  6  8  2  5  4  9  3  9
  9  3  0  2  5  8  2  1  3  4  6  3  6  3  1  3  5  7  7  2  1  6  7  4  8  9  1  7  7  7  6  7  1  5  7  2  9  9  4  5  7  5  8  5  7  4  1  5  7  4
  8  1  3  0  3  6  1  2  2  9  7  9  7  5  6  7  5  1  6  6  5  5  6  3  6  5  1  7  5  7  8  6  8  2  9  5  8  7  5  7  2  8  7  9  4  7  1  9  4  2
  7  5  1  1  0  4  1  3  7  8  4  9  8  4  6  6  1  9  3  3  2  2  3  1  5  2  2  9  3  2  2  5  7  3  3  8  6  2  2  2  7  1  8  5  9  1  8  3  1  2
  9  9  4  3  7  0  1  7  2  3  4  9  8  7  7  2  8  3  1  1  6  3  5  3  9  3  9  2  3  2  3  2  7  1  1  5  1  5  5  4  9  4  4  2  7  5  8  6  3  2
  6  2  3  1  1  5  0  2  4  6  6  5  5  5  3  6  4  4  2  3  3  2  2  3  5  4  9  9  2  4  1  7  9  6  6  8  1  4  4  8  4  8  5  6  2  7  5  3  5  3
  1  3  8  3  4  8  7  0  8  1  7  3  2  1  4  6  8  6  5  4  5  2  3  3  9  1  7  5  8  5  3  7  2  8  4  4  6  5  6  8  3  3  5  9  2  1  3  3  3  4
  2  3  8  7  2  6  3  1  0  1  7  2  1  6  2  7  4  7  4  8  2  7  9  2  4  6  8  8  8  6  3  8  5  3  1  7  3  8  7  5  8  7  3  9  3  7  4  9  3  3
  1  5  3  1  2  3  4  7  7  0  3  1  7  5  5  1  8  8  2  2  1  5  5  3  5  5  3  2  3  3  9  8  8  5  8  4  2  5  2  7  7  3  1  4  7  5  8  5  6  2
  7  7  2  7  7  5  3  3  3  3  0  1  3  2  3  6  5  1  6  7  6  2  6  6  3  5  7  4  2  2  2  5  1  6  1  6  7  1  5  7  4  8  2  9  2  5  1  4  6  7
  8  7  5  4  2  5  8  5  9  3  7  0  3  6  5  7  7  6  3  8  2  8  5  3  2  3  4  8  3  7  9  8  9  4  9  7  7  8  8  3  1  1  6  1  7  8  6  5  9  8
  3  4  5  3  1  5  6  1  3  5  5  9  0  8  4  1  9  3  7  7  8  7  6  1  2  1  6  5  8  8  6  6  1  9  2  9  9  6  9  3  6  2  6  7  8  7  8  2  3  3
  6  7  9  7  4  8  8  1  2  1  1  9  5  0  5  9  6  7  4  6  9  9  6  9  6  6  4  3  1  2  7  5  3  8  2  8  1  8  4  8  6  9  2  3  3  8  8  1  2  3
  2  6  5  2  6  2  8  9  9  2  7  8  1  1  0  3  3  2  8  5  6  5  3  4  5  1  9  2  9  2  3  6  2  2  6  9  3  4  8  5  4  3  2  3  3  1  9  9  4  8
  2  5  4  9  1  1  7  3  2  1  5  1  6  7  6  0  9  9  2  7  6  5  3  7  5  7  4  5  6  2  7  1  2  8  1  3  4  9  9  8  7  6  9  9  2  5  3  1  2  4
  9  2  2  1  7  1  4  6  4  2  1  5  2  8  4  8  0  3  7  8  7  6  9  9  5  7  9  1  4  2  9  5  1  7  1  8  3  6  6  7  4  2  6  2  4  6  9  5  9  9
  7  9  7  6  3  8  5  8  7  2  6  7  7  5  3  3  6  0  9  9  8  4  5  7  1  7  4  7  4  8  8  8  3  6  8  4  8  5  9  8  2  7  4  2  1  9  5  8  8  6
  2  9  6  7  2  9  3  3  6  6  3  7  5  2  9  1  7  4  0  7  1  6  6  5  8  3  5  2  8  9  7  4  8  9  4  9  2  8  9  5  7  1  4  2  4  7  5  6  5  7
  8  2  6  1  2  5  8  9  1  5  1  9  7  1  7  6  3  4  5  0  7  6  3  3  6  2  8  9  9  6  9  9  8  2  3  9  3  4  9  6  8  8  9  9  8  7  1  4  5  1
  4  5  8  9  7  7  5  3  1  5  8  6  2  6  7  7  4  7  3  5  0  7  4  3  3  6  1  7  9  4  2  3  6  1  6  7  9  8  6  2  5  3  5  5  7  8  5  6  9  1
  6  3  5  7  9  3  3  4  8  8  6  1  1  8  9  2  6  6  3  4  8  0  5  8  1  4  7  8  5  4  2  7  1  7  6  6  9  7  6  3  8  5  7  9  5  5  5  1  6  3
  7  1  7  8  6  7  1  1  6  1  6  8  7  5  5  5  1  7  2  1  2  7  0  1  5  1  2  6  7  5  5  9  1  2  9  1  3  3  1  5  8  8  7  1  8  3  9  2  6  1
  3  4  2  8  8  5  4  9  8  5  5  2  9  2  1  6  1  1  6  7  5  1  2  0  6  5  6  1  9  3  7  7  2  7  3  5  6  1  4  4  6  2  8  7  1  2  3  3  5  4
  1  5  5  9  7  9  4  7  8  1  7  9  5  6  5  1  9  6  1  5  1  9  8  7  0  2  6  4  1  6  5  3  8  2  8  9  4  1  5  5  7  2  1  2  1  9  4  4  1  8
  5  1  3  2  3  9  7  9  9  4  3  1  4  8  4  9  8  8  1  5  2  4  4  9  1  0  1  4  1  6  1  3  1  3  3  5  4  9  4  4  2  6  6  9  2  2  3  1  7  7
  8  7  5  9  8  1  1  6  9  4  3  7  9  4  3  6  9  4  9  8  7  4  4  6  6  8  0  4  1  1  2  8  3  7  5  8  4  2  2  6  1  4  7  1  2  5  2  4  5  2
  9  4  3  3  5  5  3  4  6  4  9  8  9  4  2  4  4  5  3  3  4  2  7  9  1  7  7  0  5  2  1  6  1  4  5  4  3  9  8  9  4  2  2  2  7  2  4  9  7  7
  6  1  9  9  3  7  9  9  7  8  2  2  6  5  2  4  5  5  5  1  4  4  9  1  2  2  6  7  0  5  7  4  5  1  2  8  8  5  2  6  4  7  5  4  9  4  7  9  5  3
  5  9  2  4  1  2  6  7  9  2  5  9  6  8  3  7  5  7  7  3  1  7  3  5  5  7  7  8  8  0  1  1  3  3  6  4  9  7  3  9  8  5  2  9  8  6  1  6  4  9
  5  8  4  2  9  2  8  2  3  8  5  5  2  9  7  8  4  8  5  9  9  7  1  3  8  6  5  7  7  7  0  4  3  8  1  3  6  6  3  5  8  1  1  3  5  4  6  9  4  1
  8  9  9  7  2  8  8  1  2  4  8  2  7  6  1  4  5  3  4  8  2  3  5  4  9  4  2  3  5  6  7  0  1  8  5  7  3  5  7  3  7  3  9  6  9  3  7  5  8  6
  2  6  9  3  8  5  2  6  4  3  2  6  3  9  6  6  3  8  7  7  9  2  6  9  1  3  3  5  2  5  8  9  0  1  6  2  1  5  2  4  8  4  8  5  3  7  6  4  1  5
  5  1  5  4  8  7  1  8  3  3  1  5  9  4  2  4  2  7  3  4  9  4  5  9  8  5  9  9  7  4  1  4  9  0  4  1  9  1  2  8  9  4  6  6  1  7  3  1  9  9
  1  6  9  7  8  6  6  9  9  5  1  4  2  8  8  8  3  9  4  3  7  5  7  5  4  5  5  9  5  7  5  1  1  7  0  7  1  6  9  2  4  5  9  2  3  2  4  6  9  4
  4  2  7  9  6  5  8  5  1  1  5  7  4  6  2  6  2  3  6  9  1  3  3  1  6  5  8  8  1  4  6  9  4  5  2  0  9  4  9  2  2  4  2  9  3  9  4  6  4  7
  9  7  5  3  5  6  7  6  7  2  2  2  3  4  4  3  7  8  8  4  1  2  3  6  4  4  3  4  8  2  6  8  6  7  4  6  0  9  7  3  3  5  3  4  7  4  8  4  3  8
  4  4  5  5  5  9  2  9  6  4  7  8  4  4  8  6  6  8  4  2  5  5  7  1  7  9  5  9  4  8  1  6  2  6  7  2  1  0  1  3  3  1  4  5  9  1  8  8  2  9
  5  5  6  2  9  4  5  1  1  2  5  1  9  8  7  5  3  5  4  2  7  2  4  6  7  1  8  8  4  9  5  1  1  7  5  3  2  4  0  8  4  5  1  8  6  6  8  5  2  6
  9  1  4  9  4  3  5  7  2  5  4  5  3  1  8  1  4  4  2  9  6  1  1  6  7  3  8  6  4  6  3  6  9  8  6  4  5  6  9  0  4  4  1  3  1  9  3  7  3  7
  7  8  1  2  9  4  3  7  6  9  6  1  8  6  1  4  7  9  1  4  9  4  5  3  1  4  2  5  2  8  8  8  7  7  2  8  9  7  8  6  0  6  8  7  2  7  4  4  7  8
  2  1  4  3  3  9  8  3  8  6  3  6  6  2  5  3  8  9  7  4  1  2  6  8  5  5  2  2  4  7  7  2  7  2  9  7  6  2  3  8  9  0  4  9  7  5  1  6  4  9
  2  8  2  4  9  1  7  4  4  3  4  4  4  9  1  9  6  1  7  9  7  5  9  8  4  8  5  5  5  8  4  4  8  5  2  9  5  6  2  3  7  5  0  6  2  6  3  5  9  5
  3  2  2  8  7  5  7  1  1  1  4  4  5  2  8  6  7  7  4  1  4  8  4  8  3  3  6  4  2  8  9  6  2  7  5  7  9  6  3  4  3  6  3  0  5  8  1  6  9  7
  1  2  7  2  5  1  2  9  9  2  8  4  2  6  1  6  3  3  5  8  9  7  7  6  6  8  7  6  2  3  5  4  6  6  4  7  2  5  9  5  2  1  9  4  0  6  4  4  7  8
  7  4  6  7  8  2  7  7  2  9  9  6  5  2  9  2  8  7  2  2  8  8  5  6  2  8  1  1  4  1  2  2  6  4  2  6  1  8  9  1  4  8  8  4  8  0  8  7  5  8
  2  5  2  6  2  3  6  9  8  8  3  7  8  4  5  9  2  9  9  8  9  6  2  7  7  6  9  3  6  1  1  6  5  7  2  3  1  9  8  9  2  6  9  6  4  9  0  7  3  1
  6  2  9  8  8  1  3  7  4  4  4  4  4  1  7  2  8  5  5  4  8  1  4  8  3  5  5  4  4  2  1  2  9  8  3  7  9  1  8  4  6  1  2  7  4  5  2  0  7  9
  2  1  7  1  5  8  2  1  9  7  6  4  6  4  9  1  9  8  5  9  1  4  4  2  3  6  8  3  6  7  8  3  5  9  7  5  6  7  4  4  6  7  1  1  5  1  4  2  0  4
  7  3  6  2  3  8  8  3  2  5  2  9  1  7  9  9  7  6  2  7  5  4  3  7  9  3  1  8  9  9  4  3  3  4  9  3  6  1  5  8  8  9  3  9  4  4  2  9  1  0
M5
  0  5  9  4  7  7  5  2  1  1  4  9  1  2  1  9  6  2  5  4  2  7  9  7  7  4  7  8  5  4  1  4  7  4  1  2  3  4  6  4  8  2  8  7  9  7  2  6  8  9
  1  0  8  3  6  8  8  1  6  7  5  5  2  4  3  3  9  3  6  2  3  1  7  8  6  7  4  1  4  1  9  9  9  4  8  9  1  2  4  3  9  5  9  6  8  2  6  4  3  2
  6  7  0  5  2  2  1  3  4  6  7  4  4  8  1  5  1  3  8  9  8  6  4  2  2  5  7  2  8  2  5  4  9  4  8  4  6  7  2  7  5  1  1  6  5  6  9  4  6  2
  3  1  2  0  5  8  2  5  6  1  8  3  3  8  2  1  9  7  6  3  1  4  7  8  6  6  4  7  8  5  7  3  4  9  2  7  8  1  9  1  9  2  9  7  4  2  5  9  7  4
  4  7  3  9  0  6  9  8  2  1  1  6  2  8  5  9  5  9  7  1  9  5  4  5  9  6  1  6  9  3  5  6  5  2  7  6  5  7  2  7  5  8  1  6  2  2  2  8  8  4
  5  1  5  9  2  0  2  7  9  6  7  5  9  5  6  5  6  6  6  7  5  9  6  7  8  2  1  4  6  4  3  2  7  8  5  5  4  2  5  5  5  8  5  6  1  9  2  8  1  7
  8  3  7  8  7  4  0  8  8  8  6  1  9  1  4  5  7  3  7  2  5  4  8  1  5  3  4  2  1  9  8  3  3  5  1  3  7  3  4  8  1  3  2  6  5  2  1  9  8  2
  2  4  3  4  5  7  8  0  6  7  3  8  3  1  6  7  9  2  3  3  7  6  1  1  4  1  4  8  2  5  3  9  7  1  7  6  2  5  6  1  8  1  7  3  2  2  8  4  2  6
  6  1  5  4  7  2  6  8  0  4  6  6  3  7  3  4  4  1  4  2  3  4  4  7  4  9  6  3  4  2  6  6  8  3  7  8  3  7  9  3  3  1  9  7  3  5  6  2  1  7
  1  6  8  7  1  4  4  4  2  0  6  7  5  9  9  2  5  2  1  7  4  1  5  9  9  7  6  4  8  1  8  7  5  8  4  5  2  5  8  4  8  4  7  5  8  6  3  8  9  4
  6  5  1  5  6  1  8  6  5  9  0  9  2  8  6  4  9  5  1  2  6  7  8  6  2  9  5  2  2  7  6  4  4  3  3  8  7  2  1  4  3  8  6  7  6  1  8  2  8  3
  1  3  9  6  9  6  2  1  7  7  3  0  7  8  1  7  8  8  8  8  3  7  9  9  4  8  9  7  1  8  4  9  9  9  5  4  6  7  4  8  9  6  2  1  9  6  4  5  8  1
  6  1  3  3  4  8  4  4  4  4  6  8  0  5  3  2  5  9  7  6  4  4  4  4  9  8  8  6  5  8  9  7  6  3  3  3  8  1  5  8  4  3  2  5  5  7  9  4  7  8
  2  3  1  6  7  1  8  2  2  2  4  5  3  0  9  5  8  6  3  4  6  4  5  1  9  4  1  3  2  4  8  5  5  8  6  4  7  9  7  6  9  7  4  6  8  8  3  3  4  7
  3  3  2  3  9  6  5  2  3  8  8  4  3  1  0  7  8  5  5  1  3  9  7  4  6  3  8  2  2  9  5  4  4  3  7  1  4  3  1  6  3  3  4  9  5  8  9  3  3  7
  1  4  7  6  8  2  1  3  6  8  7  3  6  6  1  0  6  6  5  2  9  4  8  8  7  1  6  3  8  2  7  5  5  3  1  4  9  5  5  9  6  5  8  2  3  6  3  3  8  2
  4  8  3  1  9  4  9  6  6  5  4  9  2  3  6  9  0  3  5  3  2  7  6  8  3  8  9  9  7  4  6  4  5  6  8  2  5  6  2  2  6  2  5  4  7  3  1  9  5  9
  7  3  5  5  4  9  2  6  1  7  3  5  7  7  2  1  2  0  6  3  1  3  4  7  7  2  5  5  9  5  9  1  1  7  2  3  7  7  6  6  7  7  7  9  7  5  3  7  3  9
  4  5  3  3  6  6  9  4  2  5  2  1  4  4  9  6  5  7  0  2  3  7  9  8  4  8  9  1  8  2  1  6  5  8  3  2  7  7  3  9  7  1  7  3  7  5  1  9  7  4
  8  4  1  6  3  9  8  4  4  3  9  4  9  2  9  4  8  7  8  0  9  7  6  3  2  4  8  7  3  4  7  1  9  5  8  8  4  3  3  8  9  7  2  9  5  9  1  6  5  6
  3  8  2  8  5  7  2  4  1  3  4  9  4  6  1  6  1  5  5  5  0  8  2  2  6  3  9  5  2  3  7  2  7  3  1  6  4  5  8  8  5  7  2  8  9  2  3  5  5  2
  3  7  1  5  5  1  3  3  5  6  7  8  4  1  3  2  8  5  3  5  2  0  5  6  2  4  7  1  9  9  8  7  7  9  7  2  2  8  6  5  4  3  9  4  6  8  5  8  9  8
  1  7  2  9  6  3  1  6  5  3  4  9  6  4  6  2  3  2  3  9  8  2  0  1  7  8  6  1  1  1  9  6  9  1  4  8  2  5  5  1  5  8  6  1  3  4  1  5  6  2
  2  6  2  4  6  3  6  5  8  5  5  3  8  2  8  6  5  1  8  9  5  1  1  0  5  8  1  8  3  1  6  2  6  7  9  1  6  4  3  6  3  6  8  2  4  6  1  7  8  5
  5  9  5  1  6  1  1  2  3  4  6  7  5  4  5  4  7  6  8  6  4  2  5  4  0  9  4  1  5  8  8  9  1  8  3  7  6  6  1  3  8  1  6  3  3  6  9  9  7  8
  5  5  3  4  9  6  5  4  4  2  1  8  2  5  9  6  8  4  2  2  1  2  7  2  9  0  5  4  2  1  3  3  2  3  8  8  5  6  6  6  2  5  6  6  8  8  8  5  6  2
  4  6  9  5  6  1  4  7  5  6  9  4  6  7  4  7  5  3  7  7  4  5  6  6  5  2  0  3  9  1  1  5  1  1  6  1  5  6  3  6  7  4  6  1  8  1  9  3  8  3
  6  4  6  9  2  2  1  2  6  6  8  2  3  4  1  3  1  1  5  8  6  4  2  6  6  7  6  0  6  1  4  9  1  7  3  9  6  3  7  2  5  8  8  5  1  3  2  4  9  6
  2  5  8  1  2  7  1  9  4  3  3  5  7  3  1  7  3  8  1  8  5  5  3  8  3  9  4  8  0  1  3  4  9  1  2  2  3  2  9  9  9  6  3  4  6  3  1  2  6  9
  5  6  7  3  6  5  8  7  5  5  8  4  3  5  1  4  3  6  8  4  6  2  1  6  9  4  1  6  6  0  7  3  7  8  1  8  9  2  5  7  5  3  6  3  6  4  3  8  6  6
  5  3  8  5  5  6  2  9  8  3  6  4  2  1  3  2  6  5  7  7  4  3  5  4  1  5  9  5  8  9  0  9  3  8  9  5  1  9  1  5  2  8  4  2  2  8  9  7  4  6
  7  9  1  3  8  2  5  9  2  4  5  5  9  8  9  7  9  6  2  7  5  3  1  6  8  7  8  7  6  5  3  0  7  1  5  9  9  4  6  4  5  1  4  7  3  6  1  6  3  8
  3  1  5  1  7  2  9  4  6  2  3  5  2  4  2  5  9  9  6  4  6  5  3  3  2  8  6  2  4  7  5  2  0  5  7  2  1  1  6  9  5  9  4  2  7  5  7  2  4  9
  3  6  1  9  6  9  9  3  9  3  6  7  2  3  3  3  7  2  7  1  8  9  1  4  1  2  1  4  4  3  8  6  2  0  4  5  1  1  7  6  3  1  3  3  8  9  1  9  3  1
  4  2  9  4  7  8  5  4  5  2  7  1  8  3  7  2  3  6  4  8  9  1  9  2  2  5  7  6  3  9  3  5  3  4  0  5  5  7  8  4  7  2  2  8  6  2  9  9  6  3
  5  4  6  3  1  1  6  5  8  2  6  8  1  5  2  8  1  5  8  5  6  9  8  2  3  4  7  3  6  5  5  9  6  8  5  0  1  6  8  6  8  3  4  8  2  4  8  7  6  1
  3  6  6  7  9  5  9  7  2  2  5  8  2  4  7  9  5  7  1  4  3  6  8  7  4  8  6  8  3  3  7  2  3  5  5  1  0  4  4  8  3  7  1  5  1  1  6  9  3  4
  4  6  4  4  6  4  2  8  5  7  1  8  8  9  8  2  7  8  3  2  2  2  3  2  7  9  3  9  1  9  1  2  3  7  6  9  2  0  1  8  2  7  6  7  3  6  9  7  7  7
  8  7  4  3  3  4  1  5  8  2  5  7  5  5  1  7  2  1  5  7  4  1  6  4  8  1  9  2  5  9  4  3  6  4  9  9  4  5  0  5  1  7  8  8  3  9  6  7  1  1
  3  8  6  7  4  7  2  9  3  9  1  8  1  5  7  5  3  9  3  3  3  5  5  1  2  1  3  5  3  1  7  9  9  7  4  5  9  5  9  0  7  8  5  4  6  4  7  2  6  7
  9  7  2  7  3  9  8  4  3  3  9  7  2  3  6  4  9  9  5  5  9  7  8  8  2  3  2  6  7  9  2  6  4  3  7  9  5  1  1  9  0  7  3  8  7  2  9  5  3  1
  5  9  3  1  2  3  2  7  3  7  4  4  9  1  9  3  6  5  7  4  8  9  6  4  6  9  1  8  9  4  5  8  9  5  6  9  5  2  9  8  8  0  7  5  3  2  1  2  8  5
  4  5  8  9  4  7  2  3  3  5  9  7  6  3  4  5  2  1  2  6  6  6  2  6  7  4  4  8  5  7  6  5  1  7  8  4  7  6  5  2  5  1  0  8  3  3  4  8  2  1
  3  6  1  2  1  7  3  6  6  3  7  4  1  6  6  7  1  2  2  9  4  8  8  2  1  9  5  3  7  8  7  7  1  2  6  6  7  7  3  7  4  2  2  0  2  4  1  1  4  3
  7  4  3  8  6  5  3  8  1  2  4  5  6  5  7  1  9  4  5  3  7  4  3  9  9  5  6  9  2  3  5  3  1  6  5  1  9  2  6  7  7  8  1  7  0  6  6  9  8  5
  6  8  5  8  4  3  6  6  9  8  9  4  5  8  8  5  7  3  9  6  6  5  8  7  4  5  1  2  9  8  3  2  3  5  7  8  3  5  5  1  4  2  5  6  3  0  7  2  2  5
  5  3  5  6  3  2  5  8  2  6  8  8  6  6  4  6  7  9  9  5  6  6  6  2  3  5  1  1  4  4  7  4  8  8  9  9  2  1  5  7  2  2  6  3  7  7  0  5  6  1
  2  2  3  6  8  1  1  7  9  9  9  4  1  3  8  2  4  6  4  6  5  4  5  7  6  7  9  4  8  4  9  9  3  5  4  6  8  4  8  6  8  4  3  6  1  5  4  0  2  9
  4  5  1  5  9  7  2  9  3  1  7  5  3  4  3  6  6  9  3  2  3  2  5  7  9  6  5  8  8  4  1  7  5  3  8  3  7  3  9  7  5  6  1  7  3  6  2  9  0  3
  2  6  8  4  5  9  6  3  8  1  1  7  2  9  3  3  7  2  9  8  5  6  5  2  9  5  1  5  2  3  8  6  6  5  3  6  2  3  6  7  4  7  3  3  1  2  4  4  7  0
M6
  0  6  3  4  5  2  3  9  8  7  3  5  1  9  8  8  4  3  9  8  6  8  5  5  5  4  1  4  6  3  8  4  6  9  8  1  4  1  4  7  4  5  9  7  3  9  2  7  1  6
  5  0  4  1  4  5  2  9  7  5  6  3  6  3  8  3  9  8  1  5  7  6  6  8  8  1  1  7  7  8  9  1  1  2  7  3  2  1  4  5  8  1  5  2  2  7  3  1  4  2
  2  5  0  4  7  7  8  1  5  9  4  5  7  8  1  4  6  7  3  2  4  4  1  7  3  3  4  4  6  4  7  6  7  8  1  9  6  5  7  5  3  4  3  9  9  4  8  1  4  5
  6  4  5  0  7  7  1  6  6  6  3  4  4  6  2  4  4  3  9  9  2  2  2  1  4  3  8  5  8  2  7  8  8  2  8  8  4  4  9  8  5  9  6  7  8  1  9  9  7  9
  3  7  7  9  0  7  3  3  4  7  1  8  4  4  3  1  6  6  8  4  1  3  4  3  5  6  6  4  5  7  5  3  8  5  5  9  8  2  7  7  4  1  2  7  1  4  5  4  7  7
  6  7  2  6  4  0  3  6  5  1  8  7  8  7  7  3  6  5  9  9  8  7  7  1  9  4  1  4  6  8  2  7  1  2  1  8  9  5  7  5  2  4  3  3  5  3  8  5  9  2
  2  8  6  6  3  9  0  4  3  5  8  7  8  3  3  2  7  3  9  3  6  6  5  4  7  5  2  5  7  7  8  6  7  7  1  4  1  1  6  8  2  9  6  8  4  2  8  9  1  3
  1  5  7  6  1  8  2  0  1  5  9  4  5  7  1  6  5  8  7  7  1  8  6  3  8  3  2  7  6  1  2  5  9  6  6  8  9  5  5  9  3  1  3  9  5  7  4  1  8  1
  6  3  7  6  2  8  8  7  0  8  2  2  5  7  8  9  9  4  6  1  9  6  6  6  6  9  4  9  5  6  3  8  7  4  5  8  8  5  6  4  8  3  4  2  5  1  4  1  8  6
  7  2  3  9  5  8  8  9  5  0  1  5  9  5  4  2  8  5  2  8  4  9  1  2  6  3  2  4  2  8  1  8  8  3  7  8  9  1  1  2  8  3  5  3  5  8  2  8  9  9
  2  7  9  4  4  7  3  6  3  5  0  8  1  8  5  3  2  1  4  8  9  9  2  4  6  6  9  2  7  2  9  6  4  5  8  8  3  1  6  7  6  2  5  3  3  6  9  5  7  9
  4  9  2  4  4  2  4  6  4  9  1  0  7  1  6  5  3  8  4  2  3  3  4  3  3  8  5  9  6  5  4  2  1  5  6  5  5  9  5  5  4  5  1  4  2  9  2  3  8  3
  7  4  8  9  9  6  2  7  8  1  5  6  0  9  6  5  8  4  3  3  3  7  8  7  1  2  9  5  9  7  2  2  2  4  7  1  4  7  2  6  7  9  1  5  2  2  6  7  6  3
  5  2  6  5  4  5  5  9  7  9  5  9  3  0  7  9  3  3  7  5  4  4  3  5  4  2  6  1  5  3  6  8  6  8  7  3  7  7  4  5  4  7  4  9  4  4  9  4  6  1
  4  1  1  3  6  2  8  4  6  7  4  4  9  9  0  7  4  6  5  4  6  6  9  5  2  9  3  2  2  7  8  5  2  5  7  1  6  2  9  9  8  2  6  1  5  6  8  9  5  1
  7  7  2  4  6  6  6  7  6  1  5  4  3  8  2  0  6  8  7  9  3  5  6  8  9  6  7  2  5  3  3  5  6  2  5  5  4  8  8  1  4  4  3  9  2  3  4  5  2  3
  8  9  1  6  8  8  6  7  6  3  8  8  2  1  7  9  0  1  9  2  6  1  4  7  2  8  9  3  8  3  2  9  2  2  6  6  5  1  4  7  5  3  7  4  4  7  7  9  4  7
  5  1  6  2  7  7  2  1  6  4  9  7  4  5  2  7  3  0  9  7  2  7  4  1  7  3  7  8  3  2  7  2  7  1  2  3  9  2  2  4  9  7  9  2  6  7  1  4  7  4
  1  9  9  6  1  8  5  9  7  6  3  2  1  7  4  6  1  3  0  9  7  3  1  8  7  8  7  3  6  5  6  4  2  5  9  9  2  6  4  9  4  2  8  5  4  3  8  9  9  4
  4  2  4  3  9  6  7  2  7  8  3  1  2  5  4  1  6  3  4  0  7  2  2  7  1  4  6  7  2  9  8  1  6  2  9  6  4  4  3  4  6  9  7  3  9  1  9  8  6  8
  6  7  4  9  9  3  5  2  4  3  3  5  5  8  5  8  3  9  1  8  0  2  7  8  4  2  3  2  5  8  9  5  4  1  5  4  4  9  2  7  7  2  9  8  2  6  7  2  3  3
  4  7  7  4  5  6  8  3  5  6  3  6  3  9  5  4  9  2  7  9  4  0  8  3  2  5  3  3  3  9  9  7  8  2  9  8  3  3  2  5  3  5  5  9  9  4  8  9  7  9
  5  6  8  9  3  6  6  2  9  1  4  9  8  4  7  7  9  1  8  8  4  3  0  1  7  6  3  3  9  6  3  4  5  7  6  5  4  3  7  6  9  6  8  4  5  5  1  1  4  4
  5  1  2  3  8  1  7  4  9  3  3  2  4  1  7  4  6  1  5  9  1  1  3  0  3  4  4  4  5  2  8  3  1  6  4  9  1  1  1  8  4  1  6  6  8  8  3  9  6  2
  9  6  2  3  7  9  7  9  1  5  4  8  7  9  3  1  8  8  4  4  2  5  4  5  0  3  8  6  6  6  2  2  3  5  3  4  1  2  4  1  4  5  1  8  5  2  1  6  2  5
  7  3  5  9  5  4  3  4  6  1  9  7  7  1  7  9  4  6  7  8  5  8  8  4  8  0  8  3  4  2  2  1  8  4  2  8  7  8  7  4  5  8  2  5  7  6  6  8  8  1
  3  1  2  4  6  6  6  9  7  7  9  3  6  9  8  9  7  9  7  9  9  3  7  7  4  8  0  1  6  7  8  4  7  1  4  1  9  1  3  3  1  6  7  1  7  6  8  6  2  2
  1  7  5  9  5  6  8  1  3  7  5  1  7  7  1  4  1  8  4  9  9  1  5  2  9  8  5  0  6  4  2  5  9  8  9  5  3  8  4  6  4  1  2  6  9  4  1  6  8  4
  5  4  8  3  2  4  8  1  1  8  3  5  4  6  1  4  5  5  8  1  9  1  6  5  2  4  6  8  0  5  1  3  4  4  2  5  4  4  9  4  1  8  6  7  3  2  7  1  7  4
  1  7  1  1  6  5  2  1  9  8  4  1  1  5  6  8  5  4  8  1  5  9  7  1  2  6  4  5  7  0  8  3  7  3  5  3  9  6  3  6  6  2  9  5  3  6  2  9  6  7
  7  7  9  4  5  2  5  8  4  6  2  3  3  4  8  6  1  6  2  9  2  9  7  9  9  4  6  8  6  1  0  7  5  5  2  2  2  4  9  7  3  2  1  3  1  6  9  8  5  2
  9  5  5  8  7  4  8  2  1  1  9  4  1  4  2  5  2  6  3  8  6  2  7  4  1  9  8  1  1  4  3  0  7  3  2  7  9  3  1  4  1  5  6  4  5  9  2  4  2  9
  3  8  3  2  4  1  6  1  2  9  2  7  6  8  7  2  2  1  3  2  5  2  7  1  3  2  8  8  4  5  5  8  0  5  6  2  7  8  4  1  6  6  4  9  3  1  6  8  3  3
  7  8  6  7  4  1  4  7  1  2  7  4  5  8  6  9  7  2  9  8  4  5  9  9  8  2  2  6  7  2  5  3  9  0  7  4  1  1  4  6  3  7  3  6  4  7  2  8  6  3
  4  7  4  8  3  4  1  1  7  2  3  9  4  7  6  3  7  5  2  1  7  2  4  2  3  8  9  5  3  7  3  5  7  3  0  2  4  3  8  2  1  4  6  2  2  7  2  4  2  1
  5  9  5  4  5  9  4  7  7  4  7  2  8  5  8  3  5  9  5  7  8  3  2  3  1  2  1  2  2  7  8  3  2  3  8  0  4  3  2  1  3  3  4  7  8  4  7  1  5  3
  3  7  1  2  5  4  3  6  2  9  1  2  8  7  2  3  2  8  6  2  2  5  9  1  6  9  1  8  1  3  9  8  7  6  4  9  0  9  4  9  1  7  7  6  9  8  9  4  8  6
  7  8  2  2  4  8  1  5  7  3  8  3  6  2  2  6  6  4  6  4  9  4  2  3  1  8  1  1  8  6  3  1  3  4  2  9  2  0  2  7  3  6  7  3  1  4  4  7  7  1
  6  5  2  2  1  1  3  5  2  7  2  7  1  1  2  9  1  1  8  2  1  4  7  8  2  9  4  4  2  8  2  6  6  8  9  9  9  8  0  1  3  8  5  1  4  5  5  4  3  6
  8  5  9  8  5  3  3  9  2  7  4  4  7  3  5  8  2  7  2  9  2  3  2  9  6  8  9  9  6  8  4  9  7  9  3  9  2  8  3  0  4  2  5  5  4  1  9  6  2  5
  2  8  1  1  9  2  5  9  1  3  4  9  2  1  7  5  8  7  6  5  9  5  2  4  7  8  8  8  1  9  6  5  9  1  7  3  7  2  6  2  0  5  7  6  1  1  2  5  2  2
  8  2  4  7  7  5  1  2  6  6  5  8  6  3  8  2  2  2  5  1  7  9  7  6  5  6  3  1  3  6  7  4  6  6  7  5  1  8  3  7  7  0  3  7  8  8  3  2  4  8
  2  7  3  4  7  9  6  2  8  7  1  3  4  3  1  2  6  3  5  2  6  8  2  4  3  2  2  9  5  7  1  6  6  2  6  6  9  4  1  3  2  2  0  2  9  1  9  7  6  1
  8  7  5  1  7  5  5  5  8  2  2  5  6  7  8  1  6  5  6  6  3  2  3  8  2  7  5  9  4  1  2  1  1  2  8  8  8  7  6  9  5  7  6  0  3  4  8  8  1  4
  9  8  7  1  4  5  9  5  9  2  1  6  8  7  1  9  8  4  2  4  8  3  4  2  7  7  5  5  1  5  9  2  8  9  6  2  3  1  3  9  6  7  5  3  0  8  8  1  9  5
  7  1  7  7  4  6  5  3  3  6  9  4  4  4  5  7  1  9  9  9  5  5  1  6  2  6  2  5  1  8  4  7  6  8  8  2  7  8  5  4  3  4  8  4  4  0  9  3  1  5
  2  1  5  4  9  1  8  5  8  1  1  1  4  5  3  5  9  5  9  4  3  5  1  6  3  8  8  7  4  8  6  8  4  3  6  8  2  2  8  7  1  1  4  9  1  7  0  6  6  8
  8  6  1  7  1  5  3  1  5  3  2  4  4  4  4  4  3  1  5  5  5  8  4  2  2  1  3  1  3  5  1  6  1  4  3  6  8  8  1  6  8  2  2  5  5  2  1  0  4  1
  6  4  4  3  4  9  6  6  7  7  2  5  7  1  2  4  3  3  6  7  3  6  8  1  8  7  7  6  4  2  3  1  6  4  7  9  5  4  1  9  7  4  4  8  1  8  8  2  0  1
  8  6  8  9  7  8  1  6  9  9  9  9  4  7  3  9  3  5  8  9  4  2  8  6  1  5  9  9  9  5  7  5  7  5  3  2  3  3  5  3  3  9  8  6  8  6  1  9  6  0
M7
  0  9  7  5  4  6  3  2  2  3  7  7  8  5  5  6  2  5  9  1  9  1  8  6  4  2  8  6  4  8  3  3  4  1  9  8  9  2  1  2  3  4  9  6  9  9  8  2  9  4
  6  0  2  4  4  1  2  7  4  4  9  3  6  7  8  5  9  3  5  4  3  4  5  7  3  1  5  8  3  3  5  9  8  7  1  4  7  9  4  7  6  8  7  5  2  6  8  5  4  9
  7  3  0  2  7  8  5  8  2  1  7  4  8  5  7  7  8  2  2  8  4  7  7  3  7  8  6  1  7  6  9  6  6  8  6  5  3  7  6  6  5  1  7  1  9  2  9  8  6  7
  3  6  6  0  1  4  9  9  6  6  4  6  8  3  7  6  8  5  9  3  5  8  6  4  2  7  4  7  3  7  7  6  7  2  7  1  5  6  4  1  2  7  1  3  7  2  6  8  7  9
  3  3  1  9  0  5  8  5  3  2  7  8  5  6  6  4  9  2  5  3  7  2  6  9  9  1  7  5  1  7  2  8  7  3  2  3  5  6  7  8  6  3  6  9  9  1  5  5  6  6
  5  5  3  6  7  0  8  3  7  9  5  6  2  6  4  5  1  3  4  7  5  3  4  1  3  7  2  2  6  5  5  4  5  1  6  6  8  6  7  3  5  2  6  3  7  5  6  6  3  8
  7  1  7  3  4  4  0  9  2  7  2  9  1  5  6  4  3  6  8  6  7  2  5  9  5  7  8  5  4  5  1  8  9  8  8  9  8  1  3  6  3  6  3  6  5  8  2  3  7  8
  6  2  8  1  1  8  1  0  5  5  3  9  5  3  9  7  4  8  8  1  4  1  5  7  8  5  3  8  4  9  1  6  9  4  8  4  8  5  3  3  7  1  5  6  6  1  7  3  5  7
  5  6  9  6  5  2  9  3  0  9  7  5  5  2  4  9  9  3  6  9  8  3  6  8  9  1  9  6  4  7  7  1  8  2  2  2  4  8  7  7  9  2  6  9  5  3  3  1  3  8
  2  4  3  7  4  6  5  2  6  0  8  9  9  5  8  3  3  9  6  2  2  1  1  5  4  5  4  8  5  8  5  2  6  4  4  8  5  8  6  8  4  8  2  1  9  3  5  5  4  4
  3  8  8  9  4  8  9  2  3  8  0  6  4  6  3  4  3  5  8  1  3  1  1  2  9  2  5  4  1  3  1  6  2  1  4  3  4  4  2  6  4  6  6  5  5  2  2  7  3  9
  3  8  5  2  3  7  6  1  6  1  8  0  9  4  3  3  3  4  7  3  5  2  6  7  4  8  3  2  2  1  3  1  2  1  5  5  1  1  4  4  4  1  1  5  4  4  2  8  2  1
  8  5  2  6  5  7  2  8  2  2  7  1  0  7  9  7  2  7  3  2  9  2  6  9  7  2  8  3  2  4  9  4  6  8  1  5  9  9  6  7  6  6  6  7  6  2  9  9  3  3
  8  4  4  7  6  7  1  8  6  3  3  5  7  0  7  9  2  9  1  4  7  3  5  2  6  1  4  3  1  6  6  8  5  9  9  1  5  4  4  5  4  1  9  5  4  5  6  7  2  5
  1  8  4  8  4  3  2  1  5  7  5  3  7  1  0  5  3  7  8  8  8  4  5  9  9  5  4  5  7  1  4  5  3  3  1  2  1  6  1  8  2  7  3  9  1  1  8  8  8  4
  7  8  9  9  8  2  8  5  2  7  3  4  1  9  4  0  1  1  4  2  3  8  2  9  2  4  6  8  7  1  4  8  8  4  3  6  6  7  1  7  7  9  3  8  9  1  3  5  4  5
  7  3  9  7  2  8  5  8  7  8  3  7  4  1  2  7  0  7  1  5  4  4  3  7  7  9  6  6  8  3  5  8  2  5  8  7  3  4  9  4  1  8  3  3  8  8  1  6  5  8
  5  4  8  4  9  3  2  1  1  3  9  7  2  7  8  3  4  0  2  8  6  3  7  6  7  8  5  4  1  5  9  2  7  6  2  7  6  4  6  5  9  8  6  3  7  2  3  9  3  6
  6  8  4  8  9  1  1  6  2  5  7  4  8  6  2  7  8  9  0  3  8  4  9  5  2  8  3  1  9  7  2  7  6  7  8  9  4  4  4  3  4  8  6  4  7  9  2  1  8  1
  6  6  6  2  7  4  5  6  5  6  3  9  6  3  1  1  3  7  1  0  4  6  4  2  5  9  1  3  5  6  1  7  3  3  8  9  3  7  4  3  4  5  9  4  8  8  9  5  8  5
  7  9  2  2  6  4  8  8  3  1  3  7  5  5  4  6  1  6  2  3  0  7  8  1  5  3  5  3  9  3  6  4  7  7  5  4  3  4  3  2  2  2  9  3  7  4  8  3  5  4
  3  4  5  7  1  1  1  9  8  4  2  4  4  1  7  2  2  7  2  9  2  0  7  8  6  9  7  6  9  6  4  6  5  5  9  8  3  2  2  5  7  1  6  8  5  8  7  9  6  8
  6  7  6  8  6  1  8  5  9  4  3  3  1  9  9  7  5  1  6  3  8  7  0  5  5  7  8  2  7  1  4  7  5  2  8  2  4  1  2  2  1  7  6  7  5  6  4  4  2  2
  8  3  6  6  8  1  3  5  7  8  7  4  6  4  9  6  5  6  3  3  4  9  1  0  6  1  6  6  9  9  5  3  9  4  3  7  4  2  5  3  7  2  7  3  3  6  2  4  2  1
  4  6  1  8  9  3  3  6  9  5  3  3  3  5  4  8  7  7  6  2  6  3  8  6  0  9  6  2  7  7  1  4  2  2  8  3  9  2  6  4  4  1  6  8  7  5  6  3  5  5
  9  5  1  3  2  3  3  7  6  7  2  3  2  2  4  3  9  7  3  8  2  8  6  5  9  0  5  3  2  9  1  2  3  6  6  1  4  2  7  6  7  8  2  9  5  6  7  9  9  2
  5  9  5  2  5  5  2  7  6  4  2  4  5  9  9  2  6  3  7  1  6  5  1  3  4  6  0  4  9  2  4  6  9  9  8  1  7  4  7  5  3  8  3  6  9  4  5  7  2  2
  9  9  5  4  7  2  8  5  9  2  1  7  5  5  3  7  5  6  3  3  3  8  3  9  8  1  7  0  7  4  7  5  1  9  6  6  8  6  8  1  9  9  1  8  7  2  3  9  3  7
  3  2  6  3  9  3  8  3  9  9  9  9  5  5  4  4  8  4  6  3  1  6  8  3  5  9  3  7  0  8  9  7  4  5  5  8  3  5  8  1  4  8  3  6  3  9  3  8  6  7
  9  1  8  3  9  3  4  6  1  5  3  8  3  7  4  1  9  7  5  6  5  4  4  2  8  6  5  8  5  0  1  4  3  9  2  6  6  6  4  7  4  9  7  6  8  6  9  5  8  4
  2  6  1  9  6  7  3  6  4  6  2  3  9  6  9  1  7  8  7  2  4  6  5  7  2  3  1  5  4  8  0  1  1  2  1  9  5  6  9  7  4  6  7  7  1  9  4  6  4  3
  7  7  7  4  2  3  7  9  6  2  1  1  8  6  2  3  5  2  8  7  6  1  5  8  7  1  9  1  1  1  4  0  3  5  5  5  9  3  4  6  6  2  2  4  6  9  3  4  5  4
  4  4  3  4  6  3  5  2  1  5  4  6  4  7  3  3  4  4  3  1  2  2  4  4  7  8  6  5  6  2  6  9  0  7  9  4  2  9  5  3  9  9  7  6  9  8  5  3  7  1
  2  9  5  4  3  6  8  3  4  5  1  4  9  6  9  1  1  6  6  2  4  3  9  1  1  7  6  2  1  6  9  6  1  0  1  6  9  1  9  3  6  3  5  4  9  4  1  4  1  3
  3  8  3  2  4  9  3  1  7  8  4  7  5  7  5  3  7  2  6  3  1  3  6  1  8  4  3  1  6  3  9  5  3  4  0  9  1  6  4  9  7  1  7  9  3  7  5  6  2  1
  7  3  6  1  2  8  5  3  7  5  6  2  8  2  3  8  4  2  9  8  4  2  4  9  9  1  2  7  1  9  5  8  1  4  8  0  8  4  4  5  1  2  9  9  3  1  7  2  9  9
  7  8  1  8  3  6  7  1  8  6  7  9  8  9  2  4  1  8  3  8  7  8  2  4  7  8  3  6  5  2  7  3  7  6  6  4  0  1  5  3  5  3  7  3  2  3  6  8  1  6
  8  3  3  1  8  9  9  8  8  3  9  6  6  2  8  4  7  6  4  9  7  8  2  9  3  6  5  3  1  7  3  1  4  6  8  8  5  0  4  3  4  4  6  1  5  9  3  9  7  9
  7  6  1  4  9  2  3  7  4  5  2  4  4  1  8  8  5  6  9  7  7  2  2  3  7  1  9  8  9  7  2  4  2  2  1  1  3  2  0  3  7  3  2  2  4  6  7  2  3  5
  2  4  4  7  8  7  8  8  7  7  1  3  4  4  4  4  8  6  7  5  8  1  1  7  2  9  8  6  4  1  5  1  8  9  7  1  2  3  3  0  6  5  3  6  7  5  7  5  3  2
  3  5  6  3  8  3  7  1  6  5  8  8  5  3  4  8  9  1  7  9  8  6  5  1  5  9  3  3  3  9  7  6  2  6  8  9  9  2  7  3  0  4  5  3  1  6  2  7  5  2
  5  2  3  5  1  2  1  6  6  4  6  6  8  9  1  3  5  9  9  8  4  8  8  5  7  5  5  5  9  6  2  8  2  2  4  1  2  2  6  6  9  0  5  6  2  3  1  3  4  4
  4  5  5  8  9  6  5  8  2  4  2  4  7  9  4  9  1  6  2  9  8  8  1  8  5  3  9  3  8  2  7  5  4  2  6  4  1  1  8  5  3  8  0  5  1  9  8  6  8  6
  6  9  3  2  9  7  4  3  8  2  4  3  7  3  7  7  2  7  3  8  7  9  7  6  3  9  5  3  7  1  1  6  2  1  8  9  4  9  3  9  4  7  9  0  9  3  5  6  7  6
  6  8  1  9  2  7  9  4  9  8  4  8  6  7  2  9  9  3  5  4  9  6  5  4  8  2  1  7  9  5  9  9  3  5  7  4  6  4  8  3  6  5  9  8  0  5  8  6  5  8
  4  5  2  8  1  8  1  9  5  9  4  3  2  6  1  5  6  4  1  6  4  3  4  5  3  3  7  2  8  1  9  8  3  2  6  4  6  9  6  1  8  8  1  1  2  0  4  7  4  5
  9  9  5  4  4  6  3  8  3  9  9  8  4  2  2  5  3  8  7  9  6  4  3  8  2  6  7  7  1  7  7  2  7  9  8  9  8  8  3  9  8  3  6  9  4  9  0  9  5  2
  8  1  7  6  6  1  8  9  5  2  1  3  5  8  6  8  4  8  3  1  6  5  5  8  9  5  8  3  8  6  5  1  6  3  8  7  1  2  3  8  7  2  1  3  5  1  7  0  4  4
  9  9  2  2  4  4  8  4  5  4  6  4  3  2  7  8  7  3  2  3  2  6  4  1  6  2  5  8  1  5  7  2  6  3  2  4  6  9  1  9  5  9  7  9  9  4  8  7  0  4
  7  7  9  7  8  1  6  7  2  2  5  9  6  4  8  3  2  7  5  3  4  6  2  5  5  6  3  5  3  9  3  2  3  8  4  3  2  5  2  9  9  1  7  9  7  5  3  2  4  0
M8
  0  2  2  9  3  2  8  2  3  8  6  6  4  7  4  1  5  3  6  1  4  8  8  2  8  3  6  1  2  9  3  4  1  1  7  8  1  5  2  5  3  2  7  1  9  2  6  4  9  8
  8  0  8  1  9  1  4  1  8  6  6  4  7  8  5  5  5  2  9  4  9  6  9  5  2  8  4  8  5  7  3  5  4  2  8  5  9  6  5  3  9  8  4  8  8  1  7  7  8  8
  8  8  0  3  3  8  9  8  9  9  2  7  6  2  1  5  6  8  9  3  2  3  5  1  4  3  7  2  2  5  4  3  6  3  5  5  3  9  6  4  7  9  9  1  3  5  8  9  5  5
  3  8  1  0  9  7  7  2  8  4  4  7  6  8  1  9  1  9  4  5  5  5  9  8  6  2  8  4  9  4  3  9  8  8  9  4  5  6  4  6  4  5  8  6  8  6  5  5  6  1
  6  5  6  3  0  2  2  9  5  6  2  9  5  7  3  4  5  4  8  2  9  4  5  5  2  8  7  4  6  9  8  5  6  6  3  3  2  3  8  8  9  3  3  8  7  7  5  6  7  2
  9  8  8  1  2  0  6  6  2  4  8  6  5  8  7  9  5  7  4  3  8  9  2  3  3  3  3  6  2  6  5  1  6  4  4  2  4  8  8  7  2  9  1  3  8  4  9  2  5  9
  4  1  1  6  3  6  0  2  7  2  6  8  2  2  8  2  9  6  1  8  5  7  9  6  2  1  3  8  7  5  1  4  1  5  6  3  1  4  6  4  2  9  2  6  1  6  9  1  3  5
  6  6  2  9  6  1  5  0  4  7  4  7  1  9  1  7  9  7  2  8  1  4  2  9  4  7  3  2  1  6  4  3  9  9  4  9  6  5  4  9  4  7  6  6  1  3  7  3  7  2
  4  7  9  6  5  7  6  7  0  4  9  1  1  7  7  1  8  8  1  3  9  3  1  6  6  8  8  6  4  8  2  3  9  3  7  5  6  5  9  4  5  9  2  4  2  6  1  4  5  4
  5  2  1  7  4  5  5  3  5  0  8  1  1  1  5  9  8  3  4  8  1  3  1  7  3  7  8  4  5  3  4  8  7  5  1  2  6  2  8  8  2  6  6  9  1  1  4  7  5  1
  8  4  7  5  7  7  1  3  2  2  0  4  5  9  8  1  7  3  8  7  6  9  9  5  6  1  5  3  3  6  6  3  8  5  1  2  1  6  1  1  3  9  6  2  5  8  7  4  9  8
  5  1  3  8  2  4  3  3  6  7  8  0  7  8  2  3  1  1  4  9  4  9  1  9  5  1  4  8  4  4  2  6  4  8  9  8  6  1  3  5  1  8  3  6  2  1  6  3  6  1
  4  6  6  9  8  2  7  5  7  8  8  6  0  7  7  5  9  4  1  2  6  8  5  7  3  4  3  3  5  3  5  3  8  1  9  4  9  6  8  8  4  6  3  7  2  1  5  6  5  6
  3  6  6  8  4  5  1  5  1  9  8  1  5  0  6  8  5  9  3  6  4  2  1  4  5  1  6  7  4  9  2  8  8  5  8  9  2  6  6  3  9  4  8  5  6  8  3  8  9  5
  2  8  6  6  8  9  7  6  8  2  3  4  6  6  0  3  3  2  6  8  8  4  2  8  7  1  2  9  3  7  5  8  2  1  4  3  3  2  2  7  8  2  8  4  5  7  1  7  2  9
  8  1  5  8  7  8  7  4  7  4  3  8  2  8  4  0  5  2  6  2  9  2  6  6  3  1  9  2  5  9  7  8  6  4  6  5  2  9  2  2  7  7  1  2  8  5  4  6  9  6
  5  5  9  9  6  8  3  8  3  6  1  6  4  9  3  7  0  8  8  3  7  8  5  4  8  3  7  3  6  1  8  5  8  8  2  6  5  8  6  4  3  8  7  5  4  1  6  6  5  3
  7  1  8  5  2  7  1  2  3  4  1  1  7  7  2  8  5  0  5  5  2  1  3  1  2  4  5  6  3  8  1  8  2  7  1  2  7  2  3  7  9  5  6  9  6  3  6  9  1  1
  2  4  3  8  2  2  3  7  2  3  7  4  4  7  4  4  4  1  0  3  4  7  9  6  5  5  1  2  4  9  9  4  5  1  5  1  6  7  7  6  6  6  2  5  8  2  8  5  9  1
  5  8  8  2  5  2  7  3  8  6  8  7  8  4  2  2  3  6  5  0  3  6  7  4  7  7  5  3  1  8  8  8  5  2  7  4  2  9  1  2  4  4  6  7  7  8  4  9  5  6
  2  5  8  8  5  8  7  3  8  3  3  1  2  9  9  4  2  4  6  9  0  8  3  8  6  5  7  9  7  9  6  4  2  6  1  8  8  8  1  3  6  5  6  3  3  9  6  9  7  5
  9  6  7  4  2  3  2  9  4  1  8  3  6  3  7  9  1  2  6  3  2  0  7  7  1  1  1  8  7  2  1  3  9  4  8  2  6  9  2  5  1  4  8  1  7  5  5  9  2  5
  4  6  4  9  2  4  4  1  6  4  1  5  1  7  6  2  6  6  2  4  6  4  0  4  1  8  4  3  4  1  1  5  3  4  4  8  4  9  5  2  6  8  4  6  2  6  9  8  1  8
  3  7  7  6  9  8  7  1  6  3  9  2  5  1  2  8  9  6  5  7  4  8  4  0  2  6  4  3  7  7  8  1  8  6  8  7  1  9  3  9  6  5  2  4  5  7  1  2  3  4
  7  5  9  7  4  5  5  1  8  2  5  4  9  7  6  5  9  2  5  3  5  1  8  6  0  7  9  3  3  6  8  2  7  4  1  6  9  3  9  6  5  9  3  6  1  2  9  4  2  5
  8  4  1  5  2  2  1  7  8  8  3  4  6  1  4  2  8  1  3  6  8  5  4  3  1  0  4  9  2  4  1  3  3  5  9  9  7  7  6  9  8  6  8  5  4  4  3  4  8  5
  1  9  8  3  8  6  6  2  7  8  3  6  6  8  8  4  3  5  9  1  4  7  3  8  5  6  0  5  6  5  9  3  2  1  2  7  7  2  4  6  3  2  1  1  8  1  6  2  7  2
  5  8  3  9  1  2  7  3  6  5  3  3  3  7  3  5  5  1  4  8  6  9  8  8  6  1  2  0  8  5  1  1  5  9  1  1  7  4  6  8  1  6  3  8  2  8  1  4  2  3
  6  8  8  2  6  2  6  1  7  9  2  6  1  4  7  6  2  2  3  6  8  2  9  5  4  9  8  8  0  5  6  4  4  5  5  9  8  5  4  8  9  5  2  2  6  7  8  7  6  7
  6  9  4  8  1  3  3  6  5  6  5  3  7  1  8  8  1  8  6  6  7  3  1  2  8  5  7  1  9  0  1  1  9  6  6  8  3  4  9  3  9  6  8  3  1  1  7  9  6  3
  4  1  6  8  3  3  1  4  7  7  3  1  3  8  1  9  5  5  2  9  7  9  7  3  5  7  5  9  3  5  0  3  9  9  7  1  7  3  1  1  8  9  8  6  8  4  3  8  1  6
  4  1  8  7  7  5  3  1  9  3  1  4  2  5  3  9  9  3  9  9  3  6  8  8  7  8  8  9  2  7  9  0  8  5  6  9  5  2  5  9  8  1  5  5  5  6  2  3  4  4
  3  6  6  7  6  5  3  3  5  1  5  8  3  7  2  9  1  3  9  4  2  3  4  5  6  5  1  9  2  3  1  8  0  7  5  7  7  6  8  7  7  5  3  8  4  3  2  1  6  3
  4  9  2  2  4  4  1  7  7  7  8  2  3  3  8  9  8  2  1  6  9  6  9  3  2  2  1  6  5  5  3  9  5  0  5  1  4  7  7  8  1  1  1  7  5  4  8  7  9  9
  4  7  2  7  4  3  2  8  2  1  8  9  4  7  6  6  3  3  7  5  5  6  8  7  9  8  9  9  9  7  6  9  8  4  0  5  5  8  7  2  1  3  7  6  6  3  7  4  6  2
  2  6  9  3  5  3  3  5  6  4  2  3  8  3  7  3  4  7  6  3  5  7  9  7  6  7  6  7  5  5  2  7  2  9  5  0  3  7  3  4  6  8  4  2  9  8  3  5  5  9
  7  9  8  2  8  8  3  4  4  4  2  8  7  6  8  1  5  5  9  3  5  3  1  3  6  7  8  6  1  1  6  2  4  4  4  2  0  6  7  6  3  8  1  5  7  1  4  7  6  7
  1  6  4  5  1  2  4  7  2  4  3  3  1  4  7  8  7  3  2  5  5  3  6  9  5  9  9  9  2  9  9  4  1  1  2  9  2  0  9  2  3  1  4  7  8  6  1  6  3  7
  5  4  2  4  1  2  5  7  2  7  1  7  9  7  6  4  4  6  5  5  2  7  9  7  8  7  9  5  1  9  8  3  5  6  5  7  3  2  0  9  1  6  1  6  6  3  9  5  6  3
  3  8  2  1  1  9  5  2  2  6  7  7  9  4  3  5  6  4  3  3  4  2  4  3  1  8  1  7  9  8  6  4  9  4  9  3  4  7  1  0  2  4  1  3  4  2  3  1  5  3
  6  4  7  9  5  4  9  7  7  2  1  9  7  5  7  8  2  1  7  2  3  9  6  4  7  6  7  6  5  6  5  4  5  4  6  9  3  4  4  1  0  8  6  9  5  8  8  9  5  4
  5  7  6  9  8  7  9  6  7  6  6  9  8  6  7  8  7  9  8  6  5  9  2  9  3  4  1  5  4  8  2  7  8  6  8  8  4  8  7  3  5  0  7  2  8  9  2  2  6  9
  4  2  8  3  6  8  4  6  9  1  2  7  1  3  4  3  1  1  1  3  3  4  3  4  6  1  2  7  6  9  9  3  6  2  5  7  7  4  2  7  6  1  0  3  6  7  6  7  7  8
  3  3  5  4  8  2  7  3  2  7  5  8  1  5  2  7  7  6  5  9  9  6  6  7  8  8  2  3  3  5  1  2  9  2  1  7  7  6  2  9  5  1  5  0  9  4  9  1  7  2
  4  5  9  4  7  8  6  2  3  7  4  1  4  7  6  9  2  3  5  7  3  2  4  6  5  8  8  2  1  7  5  7  8  4  1  5  5  5  8  1  1  4  6  8  0  7  9  2  7  3
  5  2  8  8  8  7  7  5  2  2  5  3  5  1  8  7  2  1  1  3  9  3  1  4  9  4  1  3  7  4  3  9  8  6  7  3  2  9  4  7  2  8  9  4  7  0  1  9  4  4
  8  2  4  8  5  7  9  3  2  6  5  5  8  5  4  3  5  3  1  5  9  4  9  6  9  4  7  2  2  1  6  6  8  6  2  9  5  9  4  7  9  7  7  4  8  9  0  5  4  8
  4  1  9  7  2  9  3  2  4  2  2  6  9  1  3  2  9  9  5  1  1  4  8  2  8  5  3  5  5  8  4  4  4  2  8  9  4  9  4  1  2  6  1  2  1  6  7  0  1  2
  6  3  7  1  3  6  2  5  9  9  3  3  8  9  2  7  4  6  9  9  2  2  1  8  7  6  2  9  8  3  2  8  5  9  3  5  8  2  5  5  9  9  9  5  9  9  4  5  0  7
  7  1  6  6  7  2  7  6  9  6  1  5  4  8  8  2  3  4  3  3  5  5  6  9  4  9  3  4  1  7  1  9  7  2  7  9  5  6  8  8  2  7  6  9  1  5  2  3  3  0
M9
  0  6  2  9  3  1  4  8  5  8  2  9  4  1  2  7  3  1  1  8  8  3  7  3  4  4  4  4  4  2  8  8  4  9  1  9  4  5  7  9  9  2  8  7  2  7  8  3  7  8
  8  0  8  3  4  9  5  2  5  8  6  7  4  5  2  9  7  7  6  5  9  9  3  2  1  9  4  2  6  8  2  7  3  2  6  9  2  9  2  9  9  3  7  8  4  5  2  3  4  3
  7  5  0  5  2  4  7  6  1  1  8  6  1  8  8  7  4  7  5  1  9  1  3  8  9  5  6  7  5  9  9  7  3  8  8  2  3  5  4  5  7  1  8  5  2  1  3  4  1  3
  6  7  8  0  4  2  7  6  5  4  2  2  7  6  8  8  4  9  9  3  5  1  2  8  4  5  4  2  9  3  4  7  4  3  8  4  8  1  4  3  2  8  3  3  6  5  1  8  4  2
  4  2  2  1  0  2  1  5  1  6  1  8  6  5  8  5  7  2  5  6  4  9  6  5  9  1  3  8  1  2  6  8  3  9  9  3  4  6  6  7  6  5  5  2  4  6  9  2  7  6
  2  2  7  9  6  0  6  9  5  2  7  9  7  3  1  9  6  6  3  9  4  8  1  4  6  5  2  6  9  1  3  3  9  1  8  5  2  5  9  5  7  8  3  6  7  7  1  8  2  8
  4  9  2  4  8  1  0  9  5  3  7  9  1  2  2  5  9  2  4  6  7  3  9  1  4  7  8  9  1  7  2  3  5  4  2  8  8  6  7  7  9  5  3  6  5  5  4  1  4  7
  5  1  6  4  6  3  4  0  3  1  4  6  2  9  9  6  8  5  6  2  9  7  4  8  6  5  2  1  9  9  4  3  1  6  7  9  7  9  5  3  9  7  7  4  2  7  2  2  5  7
  1  3  4  8  4  5  7  7  0  6  2  9  6  2  3  6  8  2  5  8  8  9  1  8  2  4  5  1  6  8  9  8  8  8  5  3  5  4  6  3  8  1  3  1  5  9  3  3  8  4
  7  7  7  4  5  2  7  8  4  0  8  6  4  2  9  7  6  9  8  7  1  5  8  9  8  5  1  2  5  6  9  9  4  1  7  1  5  6  2  9  2  8  8  3  8  4  4  1  7  2
  9  7  9  5  7  5  1  8  4  4  0  6  1  3  2  6  1  4  4  3  1  6  3  7  1  5  6  5  4  8  2  9  5  8  3  7  5  2  9  4  1  5  9  3  3  8  2  5  1  1
  3  4  3  5  4  6  3  5  4  9  2  0  2  3  1  9  6  4  7  9  3  4  1  8  7  1  9  4  6  3  2  8  6  7  8  5  2  3  7  7  7  6  4  9  8  2  2  4  3  2
  9  5  4  3  2  4  6  9  6  5  2  4  0  2  6  8  2  3  9  5  4  1  1  8  2  1  2  5  4  2  2  8  3  4  3  5  9  9  2  8  9  3  1  3  7  7  3  6  8  7
  9  9  9  9  7  7  9  6  7  7  2  7  8  0  7  7  3  6  4  3  4  2  5  8  7  1  6  8  7  6  2  9  3  4  3  7  4  3  1  7  7  8  1  3  5  4  7  6  9  7
  3  9  1  5  5  8  2  7  2  9  7  9  4  1  0  9  6  1  5  5  1  5  3  7  1  1  7  3  9  4  2  9  4  1  9  5  2  1  2  9  9  4  1  5  9  3  6  6  9  8
  2  6  7  2  7  8  8  4  2  8  3  1  3  7  8  0  2  6  1  8  9  7  8  6  9  4  4  1  6  9  6  7  7  5  4  8  6  3  9  3  9  2  3  6  2  8  7  6  6  9
  4  5  6  4  8  8  8  6  5  1  9  6  3  9  4  1  0  5  9  3  8  3  7  8  5  3  4  5  3  5  3  9  2  3  1  5  4  5  3  2  2  5  7  7  3  1  9  8  7  7
  8  8  3  8  7  5  3  1  8  4  5  5  2  1  3  5  3  0  7  5  5  3  6  2  2  7  1  6  5  8  2  8  3  8  8  7  3  4  4  3  9  4  1  5  4  8  6  5  2  1
  1  9  1  9  9  9  2  3  9  4  1  3  8  6  3  4  7  6  0  4  7  4  5  2  7  8  7  7  5  6  6  8  4  7  9  6  1  4  4  3  2  7  5  3  5  4  7  6  9  4
  3  5  9  9  1  4  9  2  7  1  3  5  1  4  9  2  6  8  4  0  4  7  2  4  5  2  3  4  8  5  1  9  2  2  8  9  3  5  6  4  5  9  9  6  7  5  3  7  1  6
  3  4  3  2  8  1  8  5  6  7  9  9  9  1  1  1  4  9  9  7  0  5  4  7  4  3  9  2  8  1  1  3  1  7  5  1  9  5  3  3  3  8  8  8  6  9  7  1  6  5
  4  2  8  6  4  5  4  3  9  9  3  5  6  8  1  9  9  2  8  7  6  0  6  2  2  2  3  7  9  2  2  3  5  4  5  3  7  8  8  1  2  6  4  1  5  8  4  2  1  2
  7  6  6  1  9  5  1  6  4  6  4  9  1  5  2  8  3  2  2  4  5  6  0  9  4  1  4  3  9  8  2  8  1  2  9  6  1  9  3  3  6  4  1  7  6  3  7  5  6  3
  1  5  8  2  5  4  2  7  6  1  1  4  3  2  8  2  2  1  1  9  1  4  4  0  2  8  8  8  9  4  9  9  3  8  9  4  2  1  5  8  5  2  7  9  7  4  3  4  8  8
  2  5  7  2  5  1  5  8  9  7  6  2  8  2  1  5  7  4  8  5  6  8  1  8  0  2  4  9  8  5  2  1  8  8  1  7  7  2  8  6  9  4  2  7  5  6  3  4  9  1
  7  8  9  1  5  7  2  7  7  9  4  6  4  8  4  3  9  8  6  3  6  6  6  1  5  0  7  4  2  9  6  1  4  8  5  9  3  7  4  7  2  5  6  1  3  1  2  4  6  1
  2  7  9  3  2  2  8  3  1  4  8  9  4  3  8  5  7  2  1  2  5  9  9  5  6  6  0  5  1  5  8  9  4  5  7  6  4  8  8  8  1  9  6  3  9  1  6  5  5  6
  2  2  9  5  1  8  8  6  3  9  4  8  1  3  3  1  5  1  5  3  9  8  6  3  9  4  9  0  5  3  5  8  6  4  7  8  5  1  1  9  6  7  8  6  9  3  4  1  1  8
  5  9  7  3  8  7  3  9  1  2  3  7  2  2  6  5  9  4  7  6  3  1  2  6  9  9  5  4  0  2  8  3  9  8  9  1  7  7  5  1  9  6  4  1  8  4  3  4  1  5
  5  2  4  5  8  2  5  8  3  5  8  7  6  9  1  3  2  8  5  8  4  4  9  7  9  5  1  8  1  0  1  6  4  6  4  6  5  1  7  2  6  3  4  6  4  1  5  5  9  4
  1  7  3  4  9  6  2  1  1  9  6  5  6  3  6  1  1  3  9  9  3  6  9  3  2  2  8  1  3  1  0  3  2  6  8  3  8  3  8  6  4  5  7  8  3  2  1  5  1  3
  2  5  9  3  1  6  1  8  5  1  2  6  4  3  7  1  3  1  7  6  2  2  2  6  4  5  6  1  4  3  6  0  3  4  6  7  3  1  4  3  6  5  8  9  6  5  6  3  7  3
  5  1  8  5  6  8  3  6  9  4  3  3  7  4  2  5  2  5  9  3  7  3  4  8  1  2  3  1  6  9  5  2  0  4  6  3  9  9  7  7  7  8  1  5  5  5  4  4  5  5
  3  2  7  3  3  7  2  6  9  8  6  1  6  3  2  8  2  8  3  5  5  5  8  2  5  5  6  6  1  8  6  6  3  0  3  6  6  4  2  9  6  4  7  8  9  5  7  9  9  8
  1  9  9  9  6  6  8  8  5  1  7  9  5  9  9  6  3  6  2  7  3  8  2  6  9  7  3  2  6  2  5  6  6  5  0  7  8  7  4  6  1  1  6  7  2  4  5  3  5  6
  8  4  4  1  4  3  2  4  9  7  4  3  5  8  9  9  9  3  2  9  8  5  2  2  6  2  9  2  6  7  7  9  3  3  8  0  3  1  4  9  1  8  8  7  2  5  5  5  8  2
  4  7  1  6  3  8  8  5  4  4  1  5  3  2  5  8  3  9  2  1  7  4  9  1  6  1  1  1  2  7  5  9  6  1  5  7  0  2  3  6  9  5  1  4  8  1  1  6  9  7
  4  7  2  4  1  1  4  6  9  8  5  9  1  1  7  8  2  6  2  8  7  8  4  8  2  2  2  6  2  5  2  6  7  5  7  9  4  0  2  6  2  8  1  7  3  7  2  6  3  3
  6  4  7  1  6  1  3  6  1  5  3  9  7  2  9  8  7  8  9  4  7  5  8  1  5  5  3  4  2  8  5  3  5  8  6  4  1  8  0  6  9  7  6  4  7  4  6  6  4  9
  3  1  4  8  7  1  8  1  3  6  7  1  7  9  6  9  8  5  1  5  6  6  1  7  3  9  4  1  5  9  5  7  9  1  5  1  4  9  8  0  7  7  4  3  3  3  6  5  8  6
  4  3  4  1  6  6  5  5  6  2  5  1  2  6  1  5  3  9  3  1  6  2  1  9  9  8  1  8  6  5  8  9  4  5  3  8  6  4  6  9  0  2  1  5  6  4  7  1  1  4
  8  4  7  4  1  2  7  5  9  8  9  2  9  2  2  5  9  5  7  3  1  9  1  3  1  7  9  7  3  6  8  5  1  7  6  9  3  1  5  8  4  0  9  4  6  9  1  6  3  6
  6  6  9  7  5  7  2  7  9  2  9  3  7  6  3  7  3  5  3  2  6  5  8  7  3  5  4  1  6  7  9  7  7  5  5  3  9  5  6  7  1  4  0  7  2  1  6  8  1  5
  3  3  5  4  7  2  8  1  8  1  4  6  7  9  6  9  3  8  6  7  3  9  6  3  4  2  6  2  3  6  3  2  6  6  5  5  2  9  6  9  2  7  9  0  1  1  8  9  6  9
  9  2  1  7  6  4  8  8  4  4  5  5  6  1  4  8  6  2  3  1  8  4  2  4  6  3  3  6  2  1  5  6  7  7  9  4  2  7  1  6  7  7  3  2  0  2  1  1  1  3
  7  3  3  1  6  3  2  4  6  1  3  4  3  4  3  8  4  8  4  6  9  6  4  3  4  9  2  6  3  9  9  9  9  3  3  8  2  8  1  7  6  6  5  2  7  0  9  9  3  3
  9  7  9  5  8  4  4  4  9  8  4  9  1  2  6  5  7  7  2  6  3  1  8  9  8  7  9  4  5  7  5  2  3  5  5  6  3  5  8  1  7  9  5  1  5  8  0  3  9  2
  7  5  5  1  2  4  5  2  2  8  8  2  7  3  7  4  8  5  7  2  7  4  2  6  8  6  5  9  6  7  1  1  5  1  4  3  9  3  2  8  7  3  2  3  6  6  3  0  6  3
  8  4  3  2  7  9  9  6  8  1  6  7  6  6  4  1  5  9  2  7  2  5  1  4  6  6  2  9  1  9  3  6  5  2  6  1  1  5  1  7  9  4  2  3  5  8  3  2  0  2
  5  2  3  7  3  6  4  6  1  9  8  1  2  4  5  5  9  5  8  9  1  2  9  1  6  8  9  3  1  5  5  8  8  2  4  8  4  5  3  3  3  8  5  8  1  8  3  1  4  0