20 20
  0 66  1 21  2 45  3 56  4 49  5 39  6 13  7 34  8 22  9 53 10 40 11 17 12 72 13 50 14 99 15 50 16 26 17 99 18 61 19  1
  0 41  1 63  2  2  3 14  4 44  5 12  6 36  7 18  8 56  9 71 10 62 11 92 12 33 13 82 14 53 15  4 16 50 17 48 18 55 19 54
  0 74  1 45  2 39  3 88  4 76  5 45  6  6  7  4  8 63  9 98 10  8 11 90 12 71 13 16 14 52 15 20 16  4 17 41 18  2 19 94
  0 62  1 70  2  4  3 41  4 88  5 34  6 22  7 65  8 56  9 99 10 13 11 58 12 68 13 17 14  9 15 19 16  8 17 40 18 55 19 63
  0 70  1 41  2 46  3  4  4 45  5 11  6 44  7 58  8 79  9 54 10 87 11 19 12 94 13 68 14  8 15 58 16 60 17 76 18 78 19 91
  0 30  1  6  2 11  3 52  4 52  5 71  6 65  7 35  8 82  9 20 10 40 11 97 12 82 13 65 14 50 15 22 16 60 17 89 18 27 19 27
  0 66  1 70  2 66  3 17  4 31  5 53  6 87  7 86  8 92  9 62 10 27 11 80 12 46 13 92 14 62 15 56 16 80 17 42 18 13 19 55
  0 11  1 33  2 59  3 95  4 66  5 28  6 50  7 34  8 19  9 18 10 44 11 28 12 78 13 37 14 14 15 92 16 38 17 90 18 20 19 74
  0 51  1 97  2 28  3 15  4 17  5 93  6 96  7 49  8 45  9 81 10 41 11 67 12 37 13 47 14 21 15 59 16 51 17 61 18 38 19 77
  0 43  1 32  2 74  3 85  4 68  5 61  6 51  7 88  8 32  9 60 10 70 11 59 12 69 13 70 14 88 15 34 16 25 17 25 18 75 19 77
  0 32  1 28  2 93  3 12  4 99  5 61  6 48  7 42  8 11  9  1 10 10 11  9 12  7 13 66 14  7 15 17 16 97 17 27 18 23 19 81
  0 23  1 54  2 95  3 11  4 78  5 78  6 89  7 79  8 59  9 93 10 94 11 92 12 34 13 30 14 85 15 39 16 73 17 60 18 61 19 29
  0 20  1 63  2 48  3 24  4 87  5 13  6 69  7 25  8 22  9  8 10 25 11  7 12 69 13  7 14 62 15 59 16 46 17 79 18 37 19 91
  0  1  1 16  2 71  3 71  4 45  5 49  6 83  7 18  8 14  9 92 10 10 11 19 12 18 13 37 14 10 15  7 16 82 17 50 18 43 19 20
  0 54  1 12  2 30  3 46  4 78  5 15  6 22  7 75  8 88  9 60 10 36 11 82 12 98 13  5 14 61 15 59 16 92 17 15 18 69 19 99
  0 55  1  2  2 22  3 59  4 51  5 31  6 26  7 45  8 82  9 87 10 87 11 60 12  8 13 52 14 92 15  2 16 42 17 65 18  2 19 27
  0 65  1 50  2  3  3 16  4 87  5 93  6 29  7 54  8 82  9 11 10 37 11 60 12 58 13 86 14 47 15 70 16 65 17 80 18 44 19 30
  0 22  1 48  2 22  3 33  4  4  5 83  6 67  7 19  8 71  9 24 10 86 11 58 12 86 13 36 14 77 15 72 16 12 17 67 18 25 19 85
  0 99  1 34  2 82  3 53  4 45  5 20  6 70  7 80  8  8  9 11 10 76 11 74 12 77 13 29 14 37 15 90 16 34 17 70 18 12 19  5
  0 97  1 75  2 35  3 22  4  9  5  1  6 59  7 15  8 13  9 98 10 70 11 70 12 50 13  4 14 96 15 56 16 23 17 94 18 31 19  4
SSD
M0
  0  6  4  7  6  7  3  6  1  5  4  3  3  2  1  5  5  6  2  9
  9  0  2  6  5  7  4  1  7  3  9  3  3  5  6  2  2  1  5  5
  4  7  0  5  1  4  1  5  1  6  6  3  7  9  9  5  7  3  2  1
  2  8  4  0  6  2  8  4  1  5  2  9  2  8  2  1  3  7  5  6
  2  3  5  2  0  5  4  7  8  5  5  3  6  2  7  9  8  8  5  8
  5  8  1  5  1  0  4  2  5  4  1  7  5  3  9  6  6  8  2  5
  2  3  9  8  2  1  0  2  4  1  2  4  6  8  5  9  5  5  9  7
  8  2  3  3  7  7  6  0  4  2  1  6  6  4  8  4  5  8  4  8
  3  2  7  5  5  2  8  2  0  2  6  6  6  8  8  9  2  5  3  1
  6  2  2  8  8  8  7  1  2  0  5  7  9  9  5  2  6  2  8  6
  1  9  1  9  6  8  1  3  1  9  0  4  6  1  2  8  4  3  4  4
  7  1  9  3  1  4  8  4  8  7  7  0  2  9  9  6  2  9  8  3
  7  6  1  9  1  2  8  6  6  6  7  7  0  7  3  7  7  9  8  5
  8  4  7  1  4  7  2  9  1  6  8  7  5  0  5  8  2  2  7  6
  9  4  5  7  6  3  1  4  1  5  8  4  3  1  0  9  5  5  1  1
  5  6  2  2  8  1  8  6  1  6  9  5  7  4  9  0  5  1  2  2
  6  2  6  9  6  4  2  4  6  1  6  1  7  7  9  6  0  3  5  1
  1  6  6  8  4  5  3  9  7  5  8  9  4  6  2  4  3  0  9  5
  4  4  7  9  4  9  6  3  3  6  8  5  2  6  8  7  7  9  0  6
  5  1  5  8  3  2  2  4  7  3  6  4  4  7  1  4  3  2  3  0
M1
  0  1  5  9  6  9  3  5  7  7  7  8  3  9  2  9  3  3  8  1
  1  0  6  4  6  1  7  2  1  7  5  3  9  3  6  8  5  6  3  8
  1  7  0  4  9  5  1  5  2  3  5  3  9  5  8  8  5  6  6  5
  5  2  2  0  1  8  1  2  5  1  1  9  6  2  2  6  5  7  7  1
  8  5  1  6  0  4  8  3  3  3  3  2  1  7  3  2  8  5  7  4
  2  6  4  1  9  0  1  7  2  2  1  9  7  8  5  2  2  4  9  7
  1  8  3  5  2  1  0  8  2  9  7  5  9  1  2  1  3  2  5  4
  6  5  6  1  1  5  6  0  2  9  3  3  7  5  4  2  8  2  3  7
  1  2  5  1  8  1  1  4  0  8  7  7  2  4  4  2  7  9  2  3
  9  3  6  7  5  1  9  6  3  0  9  1  4  2  7  8  8  7  4  6
  7  5  7  6  3  5  3  9  9  7  0  7  8  3  4  5  1  6  2  5
  2  4  2  7  5  2  8  9  9  2  8  0  2  2  8  1  5  9  9  3
  3  5  6  1  7  5  9  9  4  8  6  5  0  8  8  9  5  8  6  7
  6  2  4  6  8  5  9  1  5  6  8  4  5  0  6  9  1  1  7  4
  7  9  9  3  4  5  9  5  3  5  2  3  8  6  0  2  6  7  9  7
  5  9  8  3  1  4  1  2  7  5  7  3  2  1  7  0  8  4  1  6
  2  4  7  9  3  9  3  3  4  4  5  8  1  3  7  4  0  8  1  4
  9  3  8  3  9  9  5  5  3  8  9  6  7  2  7  3  1  0  6  5
  4  8  6  2  5  3  1  3  3  7  6  6  4  9  6  1  3  5  0  7
  4  6  7  8  6  7  4  2  2  9  6  7  9  5  2  2  4  7  7  0
M2
  0  2  2  2  7  4  3  1  2  3  4  8  3  1  8  6  2  2  6  3
  5  0  5  7  9  8  4  3  7  3  8  7  2  3  5  6  3  8  4  2
  8  4  0  2  5  1  6  4  4  1  6  6  7  7  6  3  7  6  7  5
  8  7  7  0  6  5  5  4  1  7  8  3  1  7  8  7  8  7  6  3
  8  8  4  3  0  2  5  3  5  8  1  6  9  1  6  4  1  1  4  7
  6  2  4  5  6  0  6  2  7  4  1  9  6  9  5  4  8  3  5  4
  4  2  6  7  9  1  0  7  9  9  8  3  5  6  9  8  9  6  1  5
  4  3  4  3  8  6  4  0  7  6  6  3  5  7  6  9  5  6  6  6
  3  3  9  4  8  5  5  5  0  4  2  4  4  4  2  6  2  5  4  3
  1  9  7  9  5  3  5  7  6  0  2  1  8  5  9  2  5  5  2  5
  9  4  6  7  8  3  3  9  1  7  0  7  5  7  5  2  4  9  1  8
  6  8  4  6  6  4  7  1  2  5  4  0  3  8  5  8  4  4  6  2
  5  2  9  2  3  6  8  5  7  9  5  4  0  9  1  4  9  5  5  8
  7  5  4  3  3  2  7  1  7  9  5  6  7  0  5  6  3  5  9  7
  6  4  8  2  4  1  1  1  2  9  6  4  3  7  0  6  4  3  1  1
  8  9  6  3  1  1  7  9  3  8  1  9  9  8  9  0  9  4  7  8
  5  2  1  6  2  8  1  4  3  8  6  5  7  4  6  1  0  3  8  9
  3  9  4  1  7  5  1  1  7  2  3  9  3  5  7  5  9  0  5  1
  3  8  1  3  6  9  1  4  7  8  3  3  7  7  2  2  4  1  0  5
  3  3  2  2  9  9  5  9  7  1  5  4  7  9  6  3  8  6  5  0
M3
  0  4  5  9  3  2  5  8  5  3  5  7  9  5  5  3  3  4  2  6
  3  0  2  6  5  4  9  9  5  6  2  4  9  3  8  4  6  1  4  4
  6  5  0  4  9  7  4  7  3  2  2  3  5  6  1  9  6  5  8  8
  4  5  9  0  6  4  9  8  3  5  8  2  6  5  6  3  4  8  8  2
  4  6  7  1  0  4  1  1  7  7  9  8  2  1  9  6  7  5  5  2
  4  9  9  6  5  0  5  6  5  3  8  1  7  3  4  9  4  6  9  5
  3  4  2  1  7  1  0  5  8  3  5  6  5  4  1  5  2  8  4  7
  3  4  8  8  3  1  2  0  3  6  4  2  9  8  2  5  3  5  8  2
  7  4  3  5  9  9  5  6  0  3  1  5  5  3  9  7  5  1  6  4
  7  4  7  4  1  6  6  2  2  0  2  6  2  8  8  3  1  9  4  8
  8  6  2  5  3  9  1  8  5  5  0  6  7  5  3  6  5  7  9  9
  8  2  4  2  2  4  9  2  3  1  7  0  8  4  9  7  6  9  7  8
  3  9  4  8  8  7  9  9  1  2  5  8  0  3  7  8  4  5  2  4
  9  4  2  9  9  5  4  9  1  9  1  9  2  0  3  9  7  8  4  7
  3  6  9  4  4  7  1  5  8  2  9  2  1  1  0  1  4  7  7  1
  7  6  5  2  1  9  2  5  7  6  7  9  2  5  9  0  2  4  8  2
  6  1  6  4  5  6  9  9  1  4  8  7  5  7  1  1  0  9  3  6
  3  7  6  5  7  8  1  8  9  1  8  7  3  2  4  6  3  0  2  1
  1  2  8  4  7  3  4  4  1  1  9  4  5  4  9  5  9  2  0  9
  9  4  6  6  1  5  8  3  5  6  7  6  8  4  6  3  5  6  5  0
M4
  0  9  6  7  1  7  9  3  8  1  8  6  4  6  5  3  8  6  8  7
  4  0  9  2  8  1  2  4  9  8  2  2  7  7  4  7  3  4  1  3
  1  6  0  6  7  3  9  5  5  3  1  2  8  6  5  9  2  1  2  2
  5  7  1  0  7  9  2  7  8  1  3  3  5  8  7  2  1  8  2  9
  6  3  1  2  0  2  7  3  2  2  6  7  7  8  2  5  5  6  9  8
  7  9  8  4  7  0  2  3  5  5  2  9  7  2  4  4  4  6  3  7
  1  3  8  3  5  7  0  1  5  6  1  9  4  1  4  8  3  3  9  8
  1  2  7  9  5  1  6  0  1  7  8  8  6  5  8  6  7  3  1  5
  9  4  6  7  4  2  1  6  0  3  2  6  7  8  6  6  8  1  1  4
  9  8  7  9  7  6  6  7  4  0  3  9  5  2  4  3  5  4  4  8
  1  5  8  4  9  7  9  8  8  6  0  1  1  6  1  2  5  7  9  7
  6  1  6  2  3  8  7  6  7  5  3  0  8  5  5  5  9  4  1  8
  8  8  5  3  6  1  5  7  9  5  4  9  0  8  2  9  6  2  4  8
  9  1  5  5  9  8  5  7  2  3  2  1  3  0  3  5  1  4  3  3
  9  4  7  8  3  1  4  8  6  4  5  2  4  5  0  3  6  7  6  7
  7  7  6  6  5  9  3  4  3  8  2  4  3  8  5  0  5  1  9  9
  2  6  1  5  9  9  2  4  7  7  7  5  2  7  9  1  0  4  7  4
  8  6  6  6  4  7  1  6  7  2  4  1  3  7  9  5  4  0  4  1
  3  9  5  3  2  1  3  6  8  8  2  2  8  1  4  2  7  2  0  9
  5  2  1  3  8  6  1  9  8  9  3  6  4  7  8  6  9  8  7  0
M5
  0  4  2  4  7  3  6  3  1  1  5  1  9  5  7  7  5  8  6  6
  9  0  7  5  5  2  9  6  6  3  9  6  8  1  8  7  1  6  1  2
  5  1  0  7  2  5  7  2  4  4  2  2  2  2  2  1  1  9  1  3
  4  2  4  0  7  9  6  9  1  5  6  2  6  3  8  2  3  4  5  9
  6  5  7  8  0  1  2  3  1  4  3  5  3  1  1  3  3  4  4  4
  9  7  3  3  2  0  1  4  5  5  5  8  9  2  2  9  5  7  9  2
  9  1  9  9  7  1  0  6  7  7  2  2  6  9  5  7  1  2  1  1
  4  3  4  6  2  5  1  0  6  7  9  1  4  7  5  4  2  4  3  9
  5  3  6  8  1  3  8  2  0  9  4  7  8  1  6  4  1  6  9  7
  2  3  3  5  3  3  4  6  3  0  8  3  9  2  5  2  7  4  2  5
  6  4  8  5  7  9  2  6  5  9  0  3  7  4  6  2  6  1  1  1
  1  4  6  1  2  7  8  1  3  6  8  0  8  2  2  1  4  6  5  8
  2  2  1  1  8  8  7  1  2  6  5  4  0  3  9  9  6  8  1  2
  9  9  5  5  9  6  4  2  7  7  2  4  1  0  1  7  4  6  2  3
  8  4  5  8  7  2  8  4  8  3  7  4  5  9  0  2  4  4  7  4
  3  5  6  4  3  8  1  1  3  8  8  1  6  5  2  0  5  1  2  2
  8  4  7  1  5  5  3  3  2  6  6  4  1  2  5  8  0  5  3  8
  1  1  8  1  1  7  6  4  4  1  9  1  8  5  3  4  8  0  3  7
  6  9  5  6  5  8  7  8  6  5  5  2  6  1  1  5  2  3  0  7
  1  7  7  8  8  9  7  6  9  2  5  2  5  2  3  1  7  1  2  0
M6
  0  9  2  4  1  1  7  4  6  1  7  4  8  5  6  4  5  5  8  5
  5  0  5  4  7  9  7  2  3  2  3  9  1  4  9  4  3  6  8  1
  4  9  0  6  1  5  9  1  5  6  7  6  2  8  9  9  6  7  2  9
  9  2  6  0  3  8  4  1  3  4  7  8  6  9  3  4  5  9  8  8
  9  5  4  2  0  5  3  7  1  2  8  2  9  9  1  8  4  5  5  2
  6  4  6  3  2  0  3  5  3  2  8  7  1  7  3  3  9  6  3  4
  8  1  6  8  4  9  0  4  2  3  2  5  8  6  4  5  7  2  6  2
  8  4  3  2  5  2  1  0  4  7  9  9  3  7  9  7  6  8  8  1
  4  8  8  7  3  2  7  3  0  5  9  6  3  8  5  5  4  2  8  9
  9  5  6  9  8  1  2  1  3  0  5  3  4  9  6  3  8  8  5  7
  2  9  9  3  2  2  8  3  7  1  0  1  3  6  7  7  9  5  4  2
  3  5  3  8  2  1  3  7  1  4  9  0  3  5  8  3  4  4  4  1
  7  9  2  4  8  8  9  9  1  2  1  1  0  9  9  8  8  5  5  5
  3  6  3  6  8  6  5  9  4  7  5  3  6  0  9  6  4  1  8  6
  1  6  8  1  2  8  8  6  5  1  2  6  6  8  0  3  7  9  9  1
  6  6  3  6  8  1  7  8  3  4  5  4  2  8  7  0  7  2  7  7
  4  8  7  8  7  2  4  1  2  8  9  5  7  1  2  6  0  5  9  4
  4  1  5  8  6  8  7  2  4  2  2  1  9  6  5  2  1  0  2  8
  6  1  4  3  8  8  7  8  8  3  9  1  8  6  1  3  8  5  0  7
  7  7  3  3  5  7  8  4  1  3  7  3  1  1  5  4  2  4  3  0
M7
  0  5  9  3  3  8  7  4  9  4  2  1  5  3  2  2  4  9  5  8
  4  0  4  1  7  6  7  7  6  5  4  6  1  4  3  3  3  9  3  3
  5  9  0  5  8  3  6  8  9  3  3  4  8  3  5  4  5  4  1  7
  6  7  2  0  3  7  5  9  8  8  5  2  2  2  4  8  6  3  6  3
  2  5  4  1  0  5  6  2  7  4  6  3  7  9  7  3  5  3  5  1
  8  1  5  9  2  0  6  6  8  3  4  1  1  7  1  7  6  2  2  5
  3  4  8  7  8  1  0  6  9  1  7  1  5  8  5  6  8  9  9  9
  9  9  9  1  1  2  6  0  1  4  3  1  1  4  9  7  7  9  7  1
  3  4  8  9  6  4  3  9  0  5  9  1  7  9  8  8  6  9  2  1
  5  9  6  1  3  8  4  2  6  0  8  1  3  2  3  3  6  8  7  4
  8  9  1  5  8  6  3  6  7  8  0  5  6  5  4  5  8  7  5  1
  3  7  5  2  7  7  8  3  3  6  2  0  9  5  8  7  9  7  8  5
  7  4  7  2  9  4  2  3  5  3  8  7  0  1  7  9  6  5  7  1
  2  2  8  6  1  7  2  7  1  5  6  5  4  0  2  6  1  4  8  9
  6  9  6  3  6  9  9  1  8  4  1  7  6  4  0  1  3  3  2  3
  5  3  9  1  2  3  4  7  9  8  7  6  5  1  6  0  1  6  3  7
  4  3  6  1  1  9  5  8  1  2  3  7  6  9  3  9  0  5  7  7
  7  8  1  7  5  1  9  9  7  4  3  7  8  2  1  9  7  0  1  6
  5  2  1  5  9  5  6  5  6  7  1  2  6  8  4  5  6  4  0  7
  5  8  3  2  3  3  5  8  6  9  9  7  5  2  9  2  4  7  4  0
M8
  0  6  9  4  7  9  1  7  1  2  3  1  2  8  1  3  8  3  6  1
  9  0  5  7  6  5  6  6  6  7  2  1  8  6  6  5  5  9  3  4
  2  2  0  1  5  1  3  2  3  4  2  3  6  9  4  4  1  1  6  6
  2  5  4  0  3  8  9  9  8  9  2  1  7  9  1  5  5  6  2  9
  5  8  4  2  0  7  9  9  4  2  6  1  5  8  7  6  5  8  3  8
  2  7  1  3  2  0  5  1  3  1  6  3  2  7  8  2  4  6  7  2
  8  4  7  8  2  5  0  4  5  5  3  7  8  5  1  8  9  1  9  8
  4  6  7  5  9  8  5  0  6  2  2  1  3  2  5  3  6  4  6  8
  8  2  3  3  5  4  8  5  0  1  4  1  4  8  5  2  8  2  1  8
  4  4  8  2  9  5  5  4  7  0  6  8  1  8  8  5  9  9  3  8
  3  1  5  3  9  2  5  3  6  4  0  5  8  7  5  8  9  4  3  7
  7  4  3  9  9  8  4  7  1  1  2  0  5  3  5  1  8  4  8  8
  4  7  3  1  1  4  2  4  6  4  4  5  0  9  8  4  2  3  1  1
  6  4  4  1  1  7  1  8  4  2  1  5  3  0  4  1  2  5  7  5
  3  2  4  8  1  7  1  1  9  6  6  4  3  7  0  7  8  2  9  5
  2  8  8  6  8  3  2  8  8  4  1  6  3  6  8  0  6  6  8  5
  7  2  1  8  6  6  8  7  8  6  2  7  8  1  4  7  0  7  2  7
  7  1  6  6  1  1  5  4  2  8  4  6  8  3  3  9  7  0  6  2
  8  3  7  8  1  5  3  4  7  4  3  8  6  4  6  8  4  9  0  1
  5  8  7  4  5  7  6  9  1  8  5  1  1  6  3  8  5  5  2  0
M9
  0  5  5  7  8  1  9  2  1  4  3  8  7  6  7  7  7  6  4  7
  1  0  1  1  3  9  2  9  3  7  2  1  5  3  5  4  6  5  1  6
  1  9  0  6  9  1  7  9  4  8  5  4  4  1  2  1  6  4  4  2
  3  8  3  0  9  8  8  3  5  1  2  3  3  3  6  8  4  4  4  4
  1  3  7  5  0  6  8  8  4  3  8  1  1  8  9  7  7  5  7  3
  4  5  9  6  7  0  9  6  7  1  2  1  1  3  5  4  3  7  9  3
  8  1  7  2  6  9  0  1  4  4  4  7  5  5  7  2  4  4  3  2
  3  5  5  8  5  9  2  0  5  5  7  2  4  2  2  3  2  6  7  5
  4  8  5  5  4  1  6  9  0  9  5  8  4  8  8  6  5  6  3  6
  3  9  7  5  9  4  6  9  6  0  1  2  8  4  7  8  2  2  4  2
  9  8  9  3  7  7  3  5  3  7  0  9  5  7  4  2  4  3  3  9
  2  3  8  5  1  4  7  2  4  2  1  0  9  8  1  7  8  4  2  9
  8  8  8  5  7  8  2  1  3  2  7  3  0  7  8  2  3  5  8  1
  3  7  1  1  9  1  8  6  5  7  8  5  7  0  4  9  5  1  1  2
  9  1  8  4  9  9  9  9  9  6  2  9  1  2  0  3  6  5  1  2
  9  5  5  2  1  8  6  1  5  4  6  8  9  7  5  0  3  2  1  6
  4  7  5  9  9  7  7  7  6  2  3  4  6  7  9  3  0  3  6  6
  7  9  8  6  5  6  3  7  1  3  2  4  9  1  5  5  8  0  1  7
  7  3  7  4  3  6  9  7  2  1  5  7  9  1  1  8  4  3  0  8
  1  5  7  2  1  7  2  6  1  4  3  6  7  2  5  5  3  3  6  0
M10
  0  5  4  8  4  9  1  6  9  7  9  5  4  1  8  1  8  3  3  5
  6  0  5  6  2  4  6  7  7  7  7  3  3  3  4  6  4  7  4  1
  5  1  0  5  1  5  8  9  8  4  8  4  3  4  4  2  1  5  6  5
  7  7  2  0  3  2  3  5  2  1  3  5  8  8  8  8  4  2  9  7
  7  4  5  7  0  8  7  3  4  7  2  6  5  5  2  4  5  9  5  6
  1  3  8  6  1  0  3  8  2  9  6  6  4  1  1  2  9  6  3  2
  3  9  4  8  8  5  0  6  3  7  2  3  4  4  7  2  5  4  1  9
  7  5  8  5  4  6  4  0  5  7  1  4  3  6  3  7  5  9  2  6
  7  3  7  4  2  6  2  5  0  1  2  1  1  8  5  1  2  8  2  4
  5  8  6  8  4  2  2  2  9  0  6  7  9  1  8  6  4  7  6  8
  6  9  1  2  2  3  9  5  4  1  0  6  4  7  4  8  3  3  2  7
  4  2  3  6  3  9  4  2  1  9  9  0  1  6  8  4  6  4  6  1
  1  3  4  6  8  7  4  6  6  5  5  4  0  8  4  2  8  2  3  6
  9  9  5  5  6  1  1  2  6  8  1  3  3  0  8  4  1  1  5  2
  3  6  3  4  9  4  2  5  6  7  3  6  5  7  0  1  1  9  5  3
  4  4  5  1  4  3  1  8  8  7  5  2  4  5  3  0  5  5  7  1
  7  6  1  9  6  6  7  8  6  2  5  7  6  7  2  1  0  1  2  4
  6  7  9  9  2  3  1  2  7  9  5  6  6  5  9  7  1  0  2  5
  4  9  8  3  3  8  7  3  4  9  9  6  6  4  1  9  1  1  0  7
  4  2  3  4  3  3  3  8  2  9  8  6  6  6  6  9  4  9  4  0
M11
  0  5  9  5  3  7  7  1  5  8  9  9  8  8  6  3  7  6  4  5
  7  0  3  8  8  8  3  9  8  7  4  5  2  6  8  5  5  2  3  7
  7  7  0  6  5  4  9  2  1  2  3  9  3  3  6  8  7  5  9  9
  5  5  6  0  2  2  1  1  5  3  4  6  6  3  8  5  1  2  8  8
  7  5  5  2  0  1  3  5  4  8  6  4  1  8  4  8  1  4  2  8
  3  9  6  8  4  0  6  4  2  5  8  3  3  8  8  2  6  2  5  8
  6  6  6  9  6  2  0  7  1  2  6  8  5  6  1  9  8  9  5  9
  9  5  7  1  7  1  7  0  2  7  6  9  8  2  9  5  4  8  8  2
  3  9  8  8  7  9  1  5  0  5  1  8  8  1  8  7  6  7  5  9
  6  8  6  8  7  9  5  8  4  0  5  5  5  8  6  4  9  4  9  2
  3  4  3  9  9  3  5  2  9  6  0  2  1  7  4  7  9  2  4  2
  5  8  6  7  4  2  9  9  3  9  5  0  8  4  2  8  7  2  4  8
  5  2  6  1  2  9  3  1  9  5  3  3  0  7  1  3  9  9  2  3
  3  2  5  1  7  9  5  6  4  6  1  3  5  0  8  5  7  3  3  1
  2  7  4  4  8  3  4  7  5  8  2  9  3  9  0  2  6  3  2  2
  2  1  4  6  3  2  9  3  2  4  5  1  1  4  3  0  1  7  6  5
  9  7  2  8  7  9  5  9  7  3  5  3  3  9  9  2  0  3  1  4
  8  5  7  7  3  5  8  1  2  1  3  4  4  8  9  7  7  0  8  8
  7  4  8  9  8  7  8  1  2  1  6  2  4  5  8  9  3  2  0  2
  5  4  9  5  3  4  2  9  8  4  9  5  3  8  3  8  7  8  9  0
M12
  0  8  6  3  2  6  3  2  9  7  6  4  6  1  3  9  1  9  2  4
  8  0  3  9  1  3  3  6  2  5  9  5  4  6  2  8  2  4  3  7
  2  1  0  2  9  6  7  6  2  3  2  9  5  3  4  1  1  7  1  7
  9  9  4  0  6  4  2  7  1  1  7  9  7  6  5  6  2  9  4  5
  6  4  7  4  0  5  4  8  4  5  4  9  2  3  6  2  3  3  1  8
  1  3  9  4  2  0  6  7  8  7  1  6  3  7  9  6  8  4  3  7
  7  4  8  6  5  7  0  1  8  2  4  4  6  8  7  1  3  9  1  9
  4  8  1  9  2  1  7  0  4  2  2  9  5  6  5  9  1  4  2  1
  9  2  8  7  4  6  7  5  0  2  9  9  8  1  8  1  6  6  2  1
  8  7  2  3  1  9  6  6  3  0  9  1  4  7  8  4  2  7  8  4
  4  4  8  7  4  4  5  6  4  1  0  4  7  3  9  2  5  8  5  8
  7  7  8  6  3  1  9  7  6  3  3  0  3  5  4  1  8  6  7  7
  6  6  7  2  2  4  1  1  8  5  7  2  0  7  1  6  6  5  2  7
  2  2  1  8  4  8  4  6  8  8  5  6  9  0  5  8  4  8  4  4
  8  5  6  5  8  6  1  2  5  3  7  7  1  8  0  3  6  1  8  1
  9  3  3  8  2  3  1  6  8  4  1  5  1  9  1  0  4  1  8  8
  6  4  8  7  2  2  3  9  5  2  7  8  7  9  3  2  0  7  9  1
  2  1  6  5  6  1  9  7  3  7  4  8  9  5  1  6  1  0  5  6
  8  5  8  2  8  6  8  8  2  7  6  8  2  5  7  4  7  8  0  6
  7  5  6  9  2  1  1  8  2  3  4  6  3  5  4  4  9  4  7  0
M13
  0  4  6  4  3  4  6  8  4  1  5  1  5  2  5  7  3  7  4  5
  7  0  8  2  6  9  9  7  6  4  4  3  5  4  6  8  1  7  2  5
  1  8  0  2  2  2  5  7  3  8  8  9  2  5  6  3  3  6  6  7
  7  8  1  0  6  8  7  8  8  9  5  6  6  7  6  9  6  2  8  8
  2  2  2  3  0  1  1  1  8  2  9  6  6  5  3  2  1  7  6  7
  7  3  6  8  6  0  8  9  5  8  1  6  5  4  5  4  7  9  6  5
  9  4  3  7  3  7  0  9  2  2  9  4  5  9  7  6  4  5  1  2
  8  1  1  6  5  4  5  0  8  1  5  5  9  2  5  6  3  8  3  2
  4  3  4  5  8  6  9  3  0  4  6  6  6  2  4  1  8  5  8  2
  4  4  3  5  1  8  4  5  5  0  5  6  2  4  2  6  7  1  3  8
  8  1  5  2  1  8  2  3  9  1  0  3  1  5  4  9  4  3  1  1
  7  2  6  1  1  4  4  1  2  2  6  0  3  1  5  1  7  3  5  4
  7  5  7  7  6  6  7  2  4  7  5  3  0  4  6  6  7  5  6  3
  9  9  9  8  9  8  1  8  3  1  9  2  2  0  2  7  8  6  1  7
  8  9  6  5  4  2  9  7  8  4  2  9  3  4  0  4  4  3  9  7
  7  9  6  2  5  5  9  7  2  3  4  3  8  8  8  0  7  9  2  8
  5  2  5  5  4  2  5  8  8  9  1  1  2  2  6  1  0  3  8  7
  1  2  3  2  5  6  1  2  2  9  6  3  7  3  8  7  9  0  4  3
  5  2  7  9  3  1  4  6  4  9  7  6  6  7  2  6  3  5  0  3
  3  7  6  9  2  3  5  7  4  8  1  9  5  5  7  2  2  9  1  0
M14
  0  9  8  8  7  9  1  2  9  7  3  5  3  5  6  9  2  8  4  9
  9  0  3  6  7  7  7  8  2  3  6  6  4  8  3  5  1  1  4  2
  6  3  0  5  6  5  2  1  3  4  4  3  3  4  4  6  2  2  7  5
  7  4  4  0  3  2  4  6  5  2  6  7  3  3  9  2  2  4  7  3
  1  6  1  9  0  4  2  8  5  2  6  3  1  3  4  3  4  4  1  8
  3  3  9  7  4  0  1  2  7  1  3  1  6  6  4  8  4  1  9  7
  8  3  2  1  8  3  0  7  2  5  4  9  4  6  1  2  5  1  4  2
  1  8  6  8  2  6  3  0  9  7  2  1  6  4  8  2  9  3  6  3
  9  4  6  1  1  8  9  4  0  1  8  3  8  7  2  3  9  4  8  2
  2  5  3  1  8  2  3  2  5  0  7  7  2  7  8  9  5  4  6  9
  5  2  5  1  7  7  7  3  6  9  0  2  9  8  6  1  2  8  4  3
  3  3  9  4  2  4  3  7  8  5  6  0  9  5  5  6  6  8  4  2
  4  5  7  9  1  5  9  5  9  7  9  3  0  6  9  2  7  9  2  9
  7  6  5  5  2  9  6  5  7  7  3  7  9  0  2  9  6  8  1  4
  5  6  1  5  3  3  2  7  8  3  7  8  9  7  0  2  3  4  4  3
  5  6  3  9  1  7  8  2  4  7  8  4  4  1  8  0  6  9  7  8
  8  4  8  7  4  1  2  6  8  1  5  7  9  7  8  5  0  8  2  3
  6  1  1  2  7  1  2  7  7  2  1  3  7  4  7  2  3  0  2  2
  4  9  1  5  9  2  1  4  3  3  5  9  3  2  8  5  8  3  0  5
  5  6  4  5  9  4  5  4  5  1  8  9  9  1  6  4  3  1  5  0
M15
  0  7  3  5  1  2  7  3  9  6  6  3  6  7  4  2  5  8  8  2
  1  0  9  4  5  8  6  8  1  8  3  8  6  8  3  5  6  4  9  6
  3  4  0  1  6  9  5  6  2  7  9  1  2  3  3  7  7  6  8  8
  4  5  8  0  8  3  8  7  4  3  3  3  8  5  2  4  7  6  4  3
  3  2  3  8  0  2  2  4  9  8  4  6  7  8  1  6  4  1  8  4
  9  3  4  3  3  0  1  2  7  4  5  4  3  8  1  7  6  4  8  4
  9  1  6  7  5  5  0  8  7  1  6  6  1  7  8  1  6  7  1  4
  9  4  1  7  3  8  6  0  5  6  2  6  5  8  9  6  3  2  7  8
  6  5  5  3  3  5  9  6  0  8  3  8  2  9  6  8  5  1  4  7
  7  7  7  3  3  5  7  3  4  0  5  4  8  6  5  6  4  6  1  8
  2  7  3  3  4  2  4  2  7  6  0  3  7  4  5  1  3  8  9  1
  7  9  8  7  2  1  5  8  6  2  1  0  9  9  9  3  1  2  4  8
  7  8  1  4  9  3  5  1  2  7  2  3  0  8  4  3  3  6  9  2
  1  6  4  3  1  9  6  7  8  6  7  6  4  0  3  5  4  9  1  1
  8  4  5  4  6  4  5  3  1  8  3  7  1  6  0  7  4  5  6  8
  8  6  9  5  3  8  8  8  5  9  4  7  9  1  2  0  9  9  4  7
  7  4  7  1  5  2  8  8  2  6  3  8  2  2  9  4  0  9  4  2
  8  4  8  8  5  8  5  4  3  9  9  4  6  5  1  9  3  0  4  9
  1  6  5  4  3  1  1  1  9  7  9  7  6  9  7  8  2  8  0  1
  9  8  2  4  1  8  3  1  1  7  5  9  7  5  1  9  5  1  7  0
M16
  0  5  3  5  9  9  6  7  9  4  9  3  7  4  6  2  6  3  7  2
  2  0  4  8  2  9  3  2  9  5  5  3  7  4  6  8  1  6  8  6
  2  9  0  9  9  3  1  7  6  6  1  7  9  2  8  1  8  2  5  3
  9  7  8  0  9  2  4  7  5  5  1  6  8  5  6  8  1  9  2  1
  1  1  3  8  0  6  3  8  4  2  5  7  3  3  4  3  5  5  6  6
  9  1  7  1  5  0  8  3  3  2  2  3  2  5  5  5  3  6  4  8
  2  4  4  6  9  7  0  9  1  7  9  4  2  2  4  9  4  3  5  3
  1  5  9  8  6  9  9  0  5  1  3  1  3  7  1  6  6  5  8  6
  8  5  8  7  3  9  2  6  0  5  7  1  4  9  1  6  2  6  5  8
  1  3  6  7  8  7  3  2  7  0  3  5  1  4  1  6  2  5  4  7
  9  2  4  8  1  1  8  9  6  6  0  6  5  9  5  1  6  4  8  3
  1  2  2  6  6  3  5  3  2  4  2  0  1  6  7  1  1  7  8  7
  1  3  8  2  9  3  1  7  1  3  7  1  0  7  7  7  6  5  5  4
  5  2  3  6  2  7  1  3  7  8  1  8  7  0  5  2  6  6  7  6
  3  1  3  2  6  5  1  3  4  5  5  4  1  4  0  4  3  1  3  9
  1  7  9  3  9  9  3  5  5  3  4  9  8  9  6  0  5  6  5  4
  5  5  7  2  8  7  8  1  7  7  1  4  4  6  1  5  0  9  5  7
  9  7  3  8  5  2  4  3  4  3  1  7  4  8  7  3  9  0  6  3
  8  6  5  1  9  3  5  6  5  3  1  6  7  2  2  1  6  9  0  6
  4  4  3  5  3  7  7  1  6  3  1  6  3  5  6  8  3  3  5  0
M17
  0  5  9  3  5  4  6  3  5  5  4  7  9  8  7  8  2  7  6  6
  3  0  3  3  3  3  7  4  3  5  8  3  4  4  9  6  1  4  3  1
  7  1  0  7  6  2  3  5  6  8  6  8  9  6  7  1  2  9  2  3
  8  7  9  0  6  2  8  6  5  5  1  5  2  3  5  6  3  4  1  5
  4  7  7  1  0  7  9  2  6  1  4  1  7  5  6  8  7  6  2  6
  7  3  8  2  1  0  9  7  5  4  9  4  6  6  2  7  3  9  2  7
  8  6  9  6  4  1  0  1  8  8  1  5  6  2  5  1  5  9  1  8
  6  7  9  5  2  8  5  0  5  2  2  3  6  8  7  5  6  5  5  9
  5  4  6  3  4  7  8  1  0  1  1  9  9  1  4  4  6  1  3  7
  3  7  3  9  9  5  5  1  2  0  7  5  9  8  1  2  9  7  3  5
  3  3  9  4  6  4  8  1  7  9  0  4  5  4  2  2  3  7  9  8
  8  9  4  4  5  8  3  1  3  8  9  0  4  9  2  6  4  8  8  4
  2  1  1  4  4  1  7  4  7  1  8  6  0  9  9  5  6  4  8  7
  4  5  3  5  2  7  6  8  8  9  8  6  6  0  5  2  3  5  6  7
  5  4  3  4  6  6  9  2  9  8  9  2  5  7  0  3  3  7  2  1
  9  3  2  1  4  2  6  6  1  7  1  2  1  4  9  0  6  4  7  5
  9  7  8  6  1  9  4  2  8  8  8  3  9  4  3  3  0  9  7  5
  1  7  1  4  3  9  6  7  7  6  5  5  4  4  9  4  2  0  6  3
  6  7  9  3  4  8  6  5  4  3  3  8  6  4  8  4  4  7  0  3
  3  4  1  2  8  5  5  7  8  5  8  6  1  8  4  4  4  3  2  0
M18
  0  1  2  8  5  1  8  3  2  5  1  8  6  2  4  5  3  6  5  2
  7  0  2  4  8  3  4  5  3  3  8  3  8  7  2  1  7  5  9  7
  9  2  0  4  5  5  4  8  7  5  2  7  5  9  2  1  3  7  1  3
  9  3  9  0  6  9  8  2  6  3  1  5  4  7  9  2  5  5  1  5
  9  5  7  1  0  8  4  1  2  5  7  1  9  8  1  4  6  2  9  5
  9  1  6  4  8  0  5  3  1  2  3  8  9  8  5  8  5  5  1  6
  5  4  3  2  8  2  0  5  5  8  5  2  1  6  2  7  6  5  4  7
  1  3  9  1  2  6  9  0  4  9  8  3  6  6  2  7  1  9  7  4
  4  4  1  1  6  1  8  8  0  7  3  8  4  1  5  4  9  6  6  7
  1  4  7  7  3  4  9  4  9  0  7  9  4  7  4  4  4  4  3  8
  9  6  7  2  3  7  8  7  3  6  0  8  2  6  4  7  6  9  8  6
  9  3  9  2  6  8  3  2  4  2  9  0  6  6  5  1  8  5  8  8
  9  6  7  1  4  2  8  5  3  9  8  6  0  7  9  2  7  2  7  6
  9  5  8  6  1  8  3  9  1  1  4  2  3  0  8  6  5  2  4  1
  8  9  7  8  7  1  3  4  8  7  5  4  8  3  0  3  7  1  5  7
  1  9  5  5  6  4  1  9  4  4  1  6  5  5  6  0  8  2  7  9
  7  9  8  2  4  7  1  5  8  8  4  5  4  1  4  3  0  1  8  1
  9  6  3  3  8  5  3  6  1  3  1  3  6  9  7  5  5  0  3  4
  4  6  6  4  2  7  2  8  1  3  8  3  4  6  9  8  3  8  0  2
  6  5  6  3  6  8  5  2  6  5  3  7  6  1  2  2  2  9  8  0
M19
  0  3  8  4  9  3  7  1  2  3  9  2  5  4  5  4  8  6  3  1
  2  0  2  1  7  9  3  4  1  5  9  3  9  5  9  6  1  6  3  7
  4  8  0  6  5  2  2  3  8  5  7  7  9  7  9  3  3  8  8  2
  3  8  3  0  2  1  4  9  9  6  1  6  4  1  7  4  6  1  7  5
  6  4  5  6  0  7  7  9  8  6  6  6  6  7  7  8  5  6  1  7
  5  6  5  6  2  0  2  4  4  1  2  6  9  3  3  9  7  8  8  5
  8  5  4  3  3  5  0  5  3  3  1  4  3  9  7  9  7  1  8  7
  3  2  4  5  5  9  7  0  1  7  1  6  2  8  7  7  9  5  9  8
  2  2  1  5  7  8  2  7  0  6  1  7  8  1  8  4  4  7  7  7
  6  4  1  9  9  9  7  3  9  0  2  1  2  2  6  1  6  5  2  9
  2  4  5  5  3  4  3  2  9  5  0  1  8  9  3  5  1  2  5  2
  1  9  4  8  7  1  3  8  5  1  8  0  3  3  8  5  3  3  9  4
  9  5  6  6  7  9  1  3  1  7  9  8  0  9  3  9  8  9  4  7
  8  3  1  9  6  7  7  5  1  9  7  9  3  0  3  5  4  7  9  5
  5  5  5  7  1  6  7  5  4  8  1  3  2  6  0  9  9  7  3  1
  1  8  8  5  8  3  3  7  7  2  2  1  2  5  6  0  5  5  6  2
  4  9  7  7  2  8  8  6  6  7  6  7  1  6  2  3  0  5  8  8
  4  6  1  7  5  9  6  9  1  7  1  2  7  1  3  4  4  0  1  8
  4  2  2  2  4  7  1  4  3  7  6  7  8  4  2  2  5  2  0  1
  5  2  5  3  2  8  2  6  2  1  3  6  3  1  1  4  5  3  6  0