20 10
  0  9  1 91  2 96  3 73  4 37  5 28  6 32  7 27  8  4  9 83
  0 19  1 54  2 78  3 88  4 94  5 58  6 18  7 63  8 67  9  4
  0 86  1 71  2  7  3 17  4 51  5 52  6  3  7 59  8 77  9 50
  0 38  1 36  2 72  3 24  4  1  5 11  6 60  7 76  8 24  9 74
  0 71  1 13  2 80  3 53  4  9  5 21  6 34  7 97  8 68  9 14
  0 82  1 44  2 38  3 86  4 16  5 97  6 69  7 85  8 37  9  8
  0 12  1 27  2 17  3 10  4 89  5 49  6 47  7 57  8 28  9 67
  0 20  1 23  2 98  3 30  4  2  5 55  6 95  7 49  8 65  9 18
  0 37  1 95  2 88  3 71  4 80  5 16  6 92  7 60  8 93  9 60
  0 22  1 15  2 78  3  5  4 38  5  4  6 70  7 30  8 68  9  3
  0 97  1 25  2 80  3 11  4 94  5 82  6 71  7 70  8 18  9 43
  0 85  1 88  2 54  3 97  4 93  5 60  6 73  7  1  8  6  9 31
  0 93  1 46  2 73  3 10  4 89  5  5  6 58  7 23  8 49  9 59
  0 33  1  5  2 83  3 84  4 95  5 52  6 17  7 18  8 67  9 69
  0 69  1 38  2 15  3 58  4 95  5 42  6 26  7 42  8 93  9 13
  0 70  1 74  2  5  3 47  4 63  5 61  6 39  7 96  8  3  9 46
  0 29  1 21  2 27  3 69  4 17  5 87  6 60  7  2  8 10  9 53
  0 48  1 36  2 20  3 80  4 98  5 89  6 72  7 52  8 80  9 27
  0 28  1 21  2 75  3 49  4  2  5 76  6 93  7 49  8 44  9 28
  0 76  1  4  2 24  3 74  4 19  5 46  6 27  7 82  8 26  9 63
SSD
M0
  0  1  2  8  4  7  8  2  2  4  2  9  8  9  3  7  7  3  5  3
  7  0  9  5  7  4  2  4  3  3  9  2  3  8  5  1  4  7  2  4
  2  1  0  9  8  1  7  8  4  2  9  8  8  8  5  7  8  2  1  3
  2  7  3  0  7  8  2  3  5  8  1  3  7  1  1  9  1  8  6  5
  7  8  5  7  0  4  9  5  1  1  2  9  1  8  4  9  9  9  9  9
  6  2  9  1  2  0  3  6  5  1  2  9  5  5  2  1  8  6  1  5
  4  6  8  9  7  5  0  3  2  1  6  4  7  5  9  9  7  7  7  6
  2  3  4  6  7  9  3  0  3  6  6  7  9  8  6  5  6  3  7  1
  3  2  4  9  1  5  5  8  0  1  7  7  3  7  4  3  6  9  7  2
  1  5  7  9  1  1  8  4  3  0  8  1  5  7  2  1  7  2  6  1
  4  3  6  7  2  5  5  3  3  6  0  5  4  8  4  9  1  6  9  7
  9  5  4  1  8  1  8  3  3  5  6  0  5  6  2  4  6  7  7  7
  7  3  3  3  4  6  4  7  4  1  5  1  0  5  1  5  8  9  8  4
  8  4  3  4  4  2  1  5  6  5  7  7  2  0  3  2  3  5  2  1
  3  5  8  8  8  8  4  2  9  7  7  4  5  7  0  8  7  3  4  7
  2  6  5  5  2  4  5  9  5  6  1  3  8  6  1  0  3  8  2  9
  6  6  4  1  1  2  9  6  3  2  3  9  4  8  8  5  0  6  3  7
  2  3  4  4  7  2  5  4  1  9  7  5  8  5  4  6  4  0  5  7
  1  4  3  6  3  7  5  9  2  6  7  3  7  4  2  6  2  5  0  1
  2  1  1  8  5  1  2  8  2  4  5  8  6  8  4  2  2  2  9  0
M1
  0  6  7  9  1  8  6  4  7  6  8  6  9  1  2  2  3  9  5  4
  1  0  6  4  7  4  8  3  3  2  7  4  2  3  6  3  9  4  2  1
  9  9  0  1  6  8  4  6  4  6  1  1  3  4  6  8  7  4  6  6
  5  5  4  0  8  4  2  8  2  3  6  9  9  5  5  6  1  1  2  6
  8  1  3  3  0  8  4  1  1  5  2  3  6  3  4  9  4  2  5  6
  7  3  6  5  7  0  1  1  9  5  3  4  4  5  1  4  3  1  8  8
  7  5  2  4  5  3  0  5  5  7  1  7  6  1  9  6  6  7  8  6
  2  5  7  6  7  2  1  0  1  2  4  6  7  9  9  2  3  1  2  7
  9  5  6  6  5  9  7  1  0  2  5  4  9  8  3  3  8  7  3  4
  9  9  6  6  4  1  9  1  1  0  7  4  2  3  4  3  3  3  8  2
  9  8  6  6  6  6  9  4  9  4  0  5  9  5  3  7  7  1  5  8
  9  9  8  8  6  3  7  6  4  5  7  0  3  8  8  8  3  9  8  7
  4  5  2  6  8  5  5  2  3  7  7  7  0  6  5  4  9  2  1  2
  3  9  3  3  6  8  7  5  9  9  5  5  6  0  2  2  1  1  5  3
  4  6  6  3  8  5  1  2  8  8  7  5  5  2  0  1  3  5  4  8
  6  4  1  8  4  8  1  4  2  8  3  9  6  8  4  0  6  4  2  5
  8  3  3  8  8  2  6  2  5  8  6  6  6  9  6  2  0  7  1  2
  6  8  5  6  1  9  8  9  5  9  9  5  7  1  7  1  7  0  2  7
  6  9  8  2  9  5  4  8  8  2  3  9  8  8  7  9  1  5  0  5
  1  8  8  1  8  7  6  7  5  9  6  8  6  8  7  9  5  8  4  0
M2
  0  5  5  5  8  6  4  9  4  9  2  3  4  3  9  9  3  5  2  9
  6  0  2  1  7  4  7  9  2  4  2  5  8  6  7  4  2  9  9  3
  9  5  0  8  4  2  8  7  2  4  8  5  2  6  1  2  9  3  1  9
  5  3  3  0  7  1  3  9  9  2  3  3  2  5  1  7  9  5  6  4
  6  1  3  5  0  8  5  7  3  3  1  2  7  4  4  8  3  4  7  5
  8  2  9  3  9  0  2  6  3  2  2  2  1  4  6  3  2  9  3  2
  4  5  1  1  4  3  0  1  7  6  5  9  7  2  8  7  9  5  9  7
  3  5  3  3  9  9  2  0  3  1  4  8  5  7  7  3  5  8  1  2
  1  3  4  4  8  9  7  7  0  8  8  7  4  8  9  8  7  8  1  2
  1  6  2  4  5  8  9  3  2  0  2  5  4  9  5  3  4  2  9  8
  4  9  5  3  8  3  8  7  8  9  0  8  6  3  2  6  3  2  9  7
  6  4  6  1  3  9  1  9  2  4  8  0  3  9  1  3  3  6  2  5
  9  5  4  6  2  8  2  4  3  7  2  1  0  2  9  6  7  6  2  3
  2  9  5  3  4  1  1  7  1  7  9  9  4  0  6  4  2  7  1  1
  7  9  7  6  5  6  2  9  4  5  6  4  7  4  0  5  4  8  4  5
  4  9  2  3  6  2  3  3  1  8  1  3  9  4  2  0  6  7  8  7
  1  6  3  7  9  6  8  4  3  7  7  4  8  6  5  7  0  1  8  2
  4  4  6  8  7  1  3  9  1  9  4  8  1  9  2  1  7  0  4  2
  2  9  5  6  5  9  1  4  2  1  9  2  8  7  4  6  7  5  0  2
  9  9  8  1  8  1  6  6  2  1  8  7  2  3  1  9  6  6  3  0
M3
  0  9  1  4  7  8  4  2  7  8  4  4  4  8  7  4  4  5  6  4
  1  0  4  7  3  9  2  5  8  5  8  7  7  8  6  3  1  9  7  6
  3  3  0  3  5  4  1  8  6  7  7  6  6  7  2  2  4  1  1  8
  5  7  2  0  7  1  6  6  5  2  7  2  2  1  8  4  8  4  6  8
  8  5  6  9  0  5  8  4  8  4  4  8  5  6  5  8  6  1  2  5
  3  7  7  1  8  0  3  6  1  8  1  9  3  3  8  2  3  1  6  8
  4  1  5  1  9  1  0  4  1  8  8  6  4  8  7  2  2  3  9  5
  2  7  8  7  9  3  2  0  7  9  1  2  1  6  5  6  1  9  7  3
  7  4  8  9  5  1  6  1  0  5  6  8  5  8  2  8  6  8  8  2
  7  6  8  2  5  7  4  7  8  0  6  7  5  6  9  2  1  1  8  2
  3  4  6  3  5  4  4  9  4  7  0  4  6  4  3  4  6  8  4  1
  5  1  5  2  5  7  3  7  4  5  7  0  8  2  6  9  9  7  6  4
  4  3  5  4  6  8  1  7  2  5  1  8  0  2  2  2  5  7  3  8
  8  9  2  5  6  3  3  6  6  7  7  8  1  0  6  8  7  8  8  9
  5  6  6  7  6  9  6  2  8  8  2  2  2  3  0  1  1  1  8  2
  9  6  6  5  3  2  1  7  6  7  7  3  6  8  6  0  8  9  5  8
  1  6  5  4  5  4  7  9  6  5  9  4  3  7  3  7  0  9  2  2
  9  4  5  9  7  6  4  5  1  2  8  1  1  6  5  4  5  0  8  1
  5  5  9  2  5  6  3  8  3  2  4  3  4  5  8  6  9  3  0  4
  6  6  6  2  4  1  8  5  8  2  4  4  3  5  1  8  4  5  5  0
M4
  0  5  6  2  4  2  6  7  1  3  8  8  1  5  2  1  8  2  3  9
  1  0  3  1  5  4  9  4  3  1  1  7  2  6  1  1  4  4  1  2
  2  6  0  3  1  5  1  7  3  5  4  7  5  7  7  6  6  7  2  4
  7  5  3  0  4  6  6  7  5  6  3  9  9  9  8  9  8  1  8  3
  1  9  2  2  0  2  7  8  6  1  7  8  9  6  5  4  2  9  7  8
  4  2  9  3  4  0  4  4  3  9  7  7  9  6  2  5  5  9  7  2
  3  4  3  8  8  8  0  7  9  2  8  5  2  5  5  4  2  5  8  8
  9  1  1  2  2  6  1  0  3  8  7  1  2  3  2  5  6  1  2  2
  9  6  3  7  3  8  7  9  0  4  3  5  2  7  9  3  1  4  6  4
  9  7  6  6  7  2  6  3  5  0  3  3  7  6  9  2  3  5  7  4
  8  1  9  5  5  7  2  2  9  1  0  9  8  8  7  9  1  2  9  7
  3  5  3  5  6  9  2  8  4  9  9  0  3  6  7  7  7  8  2  3
  6  6  4  8  3  5  1  1  4  2  6  3  0  5  6  5  2  1  3  4
  4  3  3  4  4  6  2  2  7  5  7  4  4  0  3  2  4  6  5  2
  6  7  3  3  9  2  2  4  7  3  1  6  1  9  0  4  2  8  5  2
  6  3  1  3  4  3  4  4  1  8  3  3  9  7  4  0  1  2  7  1
  3  1  6  6  4  8  4  1  9  7  8  3  2  1  8  3  0  7  2  5
  4  9  4  6  1  2  5  1  4  2  1  8  6  8  2  6  3  0  9  7
  2  1  6  4  8  2  9  3  6  3  9  4  6  1  1  8  9  4  0  1
  8  3  8  7  2  3  9  4  8  2  2  5  3  1  8  2  3  2  5  0
M5
  0  7  7  2  7  8  9  5  4  6  9  5  2  5  1  7  7  7  3  6
  9  0  2  9  8  6  1  2  8  4  3  3  3  9  4  2  4  3  7  8
  5  6  0  9  5  5  6  6  8  4  2  4  5  7  9  1  5  9  5  9
  7  9  3  0  6  9  2  7  9  2  9  7  6  5  5  2  9  6  5  7
  7  3  7  9  0  2  9  6  8  1  4  5  6  1  5  3  3  2  7  8
  3  7  8  9  7  0  2  3  4  4  3  5  6  3  9  1  7  8  2  4
  7  8  4  4  1  8  0  6  9  7  8  8  4  8  7  4  1  2  6  8
  1  5  7  9  7  8  5  0  8  2  3  6  1  1  2  7  1  2  7  7
  2  1  3  7  4  7  2  3  0  2  2  4  9  1  5  9  2  1  4  3
  3  5  9  3  2  8  5  8  3  0  5  5  6  4  5  9  4  5  4  5
  1  8  9  9  1  6  4  3  1  5  0  7  3  5  1  2  7  3  9  6
  6  3  6  7  4  2  5  8  8  2  1  0  9  4  5  8  6  8  1  8
  3  8  6  8  3  5  6  4  9  6  3  4  0  1  6  9  5  6  2  7
  9  1  2  3  3  7  7  6  8  8  4  5  8  0  8  3  8  7  4  3
  3  3  8  5  2  4  7  6  4  3  3  2  3  8  0  2  2  4  9  8
  4  6  7  8  1  6  4  1  8  4  9  3  4  3  3  0  1  2  7  4
  5  4  3  8  1  7  6  4  8  4  9  1  6  7  5  5  0  8  7  1
  6  6  1  7  8  1  6  7  1  4  9  4  1  7  3  8  6  0  5  6
  2  6  5  8  9  6  3  2  7  8  6  5  5  3  3  5  9  6  0  8
  3  8  2  9  6  8  5  1  4  7  7  7  7  3  3  5  7  3  4  0
M6
  0  5  4  8  6  5  6  4  6  1  8  2  7  3  3  4  2  4  2  7
  6  0  3  7  4  5  1  3  8  9  1  7  9  8  7  2  1  5  8  6
  2  1  0  9  9  9  3  1  2  4  8  7  8  1  4  9  3  5  1  2
  7  2  3  0  8  4  3  3  6  9  2  1  6  4  3  1  9  6  7  8
  6  7  6  4  0  3  5  4  9  1  1  8  4  5  4  6  4  5  3  1
  8  3  7  1  6  0  7  4  5  6  8  8  6  9  5  3  8  8  8  5
  9  4  7  9  1  2  0  9  9  4  7  7  4  7  1  5  2  8  8  2
  6  3  8  2  2  9  4  0  9  4  2  8  4  8  8  5  8  5  4  3
  9  9  4  6  5  1  9  3  0  4  9  1  6  5  4  3  1  1  1  9
  7  9  7  6  9  7  8  2  8  0  1  9  8  2  4  1  8  3  1  1
  7  5  9  7  5  1  9  5  1  7  0  5  3  5  9  9  6  7  9  4
  9  3  7  4  6  2  6  3  7  2  2  0  4  8  2  9  3  2  9  5
  5  3  7  4  6  8  1  6  8  6  2  9  0  9  9  3  1  7  6  6
  1  7  9  2  8  1  8  2  5  3  9  7  8  0  9  2  4  7  5  5
  1  6  8  5  6  8  1  9  2  1  1  1  3  8  0  6  3  8  4  2
  5  7  3  3  4  3  5  5  6  6  9  1  7  1  5  0  8  3  3  2
  2  3  2  5  5  5  3  6  4  8  2  4  4  6  9  7  0  9  1  7
  9  4  2  2  4  9  4  3  5  3  1  5  9  8  6  9  9  0  5  1
  3  1  3  7  1  6  6  5  8  6  8  5  8  7  3  9  2  6  0  5
  7  1  4  9  1  6  2  6  5  8  1  3  6  7  8  7  3  2  7  0
M7
  0  3  5  1  4  1  6  2  5  4  7  9  2  4  8  1  1  8  9  6
  6  0  6  5  9  5  1  6  4  8  3  1  2  2  6  6  3  5  3  2
  4  2  0  1  6  7  1  1  7  8  7  1  3  8  2  9  3  1  7  1
  3  7  1  0  7  7  7  6  5  5  4  5  2  3  6  2  7  1  3  7
  8  1  8  7  0  5  2  6  6  7  6  3  1  3  2  6  5  1  3  4
  5  5  4  1  4  0  4  3  1  3  9  1  7  9  3  9  9  3  5  5
  3  4  9  8  9  6  0  5  6  5  4  5  5  7  2  8  7  8  1  7
  7  1  4  4  6  1  5  0  9  5  7  9  7  3  8  5  2  4  3  4
  3  1  7  4  8  7  3  9  0  6  3  8  6  5  1  9  3  5  6  5
  3  1  6  7  2  2  1  6  9  0  6  4  4  3  5  3  7  7  1  6
  3  1  6  3  5  6  8  3  3  5  0  5  9  3  5  4  6  3  5  5
  4  7  9  8  7  8  2  7  6  6  3  0  3  3  3  3  7  4  3  5
  8  3  4  4  9  6  1  4  3  1  7  1  0  7  6  2  3  5  6  8
  6  8  9  6  7  1  2  9  2  3  8  7  9  0  6  2  8  6  5  5
  1  5  2  3  5  6  3  4  1  5  4  7  7  1  0  7  9  2  6  1
  4  1  7  5  6  8  7  6  2  6  7  3  8  2  1  0  9  7  5  4
  9  4  6  6  2  7  3  9  2  7  8  6  9  6  4  1  0  1  8  8
  1  5  6  2  5  1  5  9  1  8  6  7  9  5  2  8  5  0  5  2
  2  3  6  8  7  5  6  5  5  9  5  4  6  3  4  7  8  1  0  1
  1  9  9  1  4  4  6  1  3  7  3  7  3  9  9  5  5  1  2  0
M8
  0  7  5  9  8  1  2  9  7  3  5  3  3  9  4  6  4  8  1  7
  9  0  4  5  4  2  2  3  7  9  8  8  9  4  4  5  8  3  1  3
  8  9  0  4  9  2  6  4  8  8  4  2  1  1  4  4  1  7  4  7
  1  8  6  0  9  9  5  6  4  8  7  4  5  3  5  2  7  6  8  8
  9  8  6  6  0  5  2  3  5  6  7  5  4  3  4  6  6  9  2  9
  8  9  2  5  7  0  3  3  7  2  1  9  3  2  1  4  2  6  6  1
  7  1  2  1  4  9  0  6  4  7  5  9  7  8  6  1  9  4  2  8
  8  8  3  9  4  3  3  0  9  7  5  1  7  1  4  3  9  6  7  7
  6  5  5  4  4  9  4  2  0  6  3  6  7  9  3  4  8  6  5  4
  3  3  8  6  4  8  4  4  7  0  3  3  4  1  2  8  5  5  7  8
  5  8  6  1  8  4  4  4  3  2  0  1  2  8  5  1  8  3  2  5
  1  8  6  2  4  5  3  6  5  2  7  0  2  4  8  3  4  5  3  3
  8  3  8  7  2  1  7  5  9  7  9  2  0  4  5  5  4  8  7  5
  2  7  5  9  2  1  3  7  1  3  9  3  9  0  6  9  8  2  6  3
  1  5  4  7  9  2  5  5  1  5  9  5  7  1  0  8  4  1  2  5
  7  1  9  8  1  4  6  2  9  5  9  1  6  4  8  0  5  3  1  2
  3  8  9  8  5  8  5  5  1  6  5  4  3  2  8  2  0  5  5  8
  5  2  1  6  2  7  6  5  4  7  1  3  9  1  2  6  9  0  4  9
  8  3  6  6  2  7  1  9  7  4  4  4  1  1  6  1  8  8  0  7
  3  8  4  1  5  4  9  6  6  7  1  4  7  7  3  4  9  4  9  0
M9
  0  7  9  4  7  4  4  4  4  3  8  9  6  7  2  3  7  8  7  3
  6  0  8  2  6  4  7  6  9  8  6  9  3  9  2  6  8  3  2  4
  2  9  0  6  6  5  1  8  5  8  8  9  6  7  1  4  2  8  5  3
  9  8  6  0  7  9  2  7  2  7  6  9  5  8  6  1  8  3  9  1
  1  4  2  3  0  8  6  5  2  4  1  8  9  7  8  7  1  3  4  8
  7  5  4  8  3  0  3  7  1  5  7  1  9  5  5  6  4  1  9  4
  4  1  6  5  5  6  0  8  2  7  9  7  9  8  2  4  7  1  5  8
  8  4  5  4  1  4  3  0  1  8  1  9  6  3  3  8  5  3  6  1
  3  1  3  6  9  7  5  5  0  3  4  4  6  6  4  2  7  2  8  1
  3  8  3  4  6  9  8  3  8  0  2  6  5  6  3  6  8  5  2  6
  5  3  7  6  1  2  2  2  9  8  0  3  8  4  9  3  7  1  2  3
  9  2  5  4  5  4  8  6  3  1  2  0  2  1  7  9  3  4  1  5
  9  3  9  5  9  6  1  6  3  7  4  8  0  6  5  2  2  3  8  5
  7  7  9  7  9  3  3  8  8  2  3  8  3  0  2  1  4  9  9  6
  1  6  4  1  7  4  6  1  7  5  6  4  5  6  0  7  7  9  8  6
  6  6  6  7  7  8  5  6  1  7  5  6  5  6  2  0  2  4  4  1
  2  6  9  3  3  9  7  8  8  5  8  5  4  3  3  5  0  5  3  3
  1  4  3  9  7  9  7  1  8  7  3  2  4  5  5  9  7  0  1  7
  1  6  2  8  7  7  9  5  9  8  2  2  1  5  7  8  2  7  0  6
  1  7  8  1  8  4  4  7  7  7  6  4  1  9  9  9  7  3  9  0