20 20
  0 74  1 63  2  8  3 21  4 14  5 19  6 71  7 50  8 24  9 54 10 77 11 67 12 20 13 72 14 34 15 17 16 23 17 91 18  1 19 26
  0 45  1 31  2 75  3  7  4  7  5 41  6  1  7  4  8 63  9  6 10 22 11 98 12  6 13 90 14 85 15 92 16 21 17 75 18  6 19 83
  0 23  1 40  2 82  3 73  4 95  5  6  6 99  7 96  8 60  9 15 10 15 11 98 12 45 13 94 14 40 15 35 16 26 17 53 18 71 19 66
  0 20  1 47  2 34  3 24  4 49  5  6  6 44  7 12  8 99  9 98 10 46 11 47 12 67 13 90 14 99 15 54 16 20 17 59 18 16 19 61
  0  6  1 21  2 68  3 59  4 23  5 44  6 47  7 57  8 84  9 88 10 51 11 65 12 22 13 36 14 97 15  5 16 52 17  6 18 97 19 54
  0 21  1  8  2 61  3 62  4 67  5 28  6 30  7 70  8 92  9 31 10 26 11 65 12 13 13  6 14 24 15 49 16 73 17 68 18 31 19 25
  0 83  1 14  2 55  3 23  4 86  5 68  6 70  7 76  8 34  9 12 10 45 11 58 12 60 13 28 14 55 15 97 16 92 17 30 18 32 19 62
  0 47  1 60  2 19  3 76  4 68  5 44  6 35  7 88  8 45  9 31 10 59 11 13 12 31 13 86 14 34 15 75 16 62 17 58 18 71 19 16
  0 42  1 64  2 47  3 35  4 75  5 29  6 29  7  4  8 85  9 48 10 24 11 33 12 72 13 20 14 60 15 15 16 53 17 12 18 14 19 30
  0 54  1 59  2  2  3  2  4 11  5 85  6 99  7 77  8 88  9 74 10 13 11 53 12 68 13 44 14 80 15 89 16 82 17 93 18 92 19 62
  0 88  1 16  2 83  3 60  4 18  5 56  6 96  7 56  8 46  9 80 10 50 11  2 12 49 13 62 14 44 15 25 16 84 17 26 18 86 19 67
  0 92  1 66  2 28  3 62  4 57  5 53  6 46  7 58  8 69  9 26 10 86 11 10 12 64 13 37 14 83 15  8 16 41 17 13 18 53 19 36
  0 42  1 77  2 31  3 67  4 57  5 23  6 58  7 94  8 30  9 51 10 12 11 34 12  3 13 65 14 56 15 75 16  2 17 65 18 61 19 70
  0 70  1 38  2 37  3  4  4 75  5 81  6 95  7 78  8 94  9 50 10 60 11 41 12 18 13 55 14 88 15 50 16 77 17 79 18 55 19 31
  0 13  1 41  2 84  3 13  4 69  5  3  6 14  7 47  8 58  9  7 10 78 11 77 12 19 13 44 14 37 15 28 16 50 17 38 18 15 19 30
  0 23  1 79  2 17  3 12  4 33  5 16  6 24  7 63  8 65  9 34 10 79 11 40 12 30 13 48 14 27 15 34 16 31 17 52 18 96 19  7
  0 30  1 49  2 10  3 91  4 68  5 40  6 54  7 78  8 53  9 20 10 64 11 82 12 57 13 68 14 58 15 28 16 83 17 90 18 50 19 13
  0 45  1 68  2 33  3 43  4 34  5 53  6 25  7 53  8 86  9 55 10 56 11 80 12 83 13 58 14  3 15 63 16 33 17 58 18  4 19 41
  0 96  1 62  2 57  3 82  4 19  5 62  6  2  7 78  8 72  9 64 10 35 11 98 12  9 13 70 14 46 15 59 16 71 17 28 18 55 19 44
  0 71  1 47  2  4  3 83  4 15  5 45  6 66  7 37  8 41  9 27 10 57 11 89 12  1 13 97 14 39 15 97 16 29 17 88 18 17 19 76
SSD
M0
  0  7  5  3  2  1  2  8  5  4  5  8  9  4  7  2  3  3  5  9
  7  0  6  3  4  5  2  1  2  6  6  6  2  6  7  4  4  8  5  7
  6  5  0  1  7  8  4  7  6  5  2  5  1  8  3  3  4  8  2  1
  3  6  1  0  2  1  7  3  6  6  3  7  4  1  6  6  7  1  2  2
  9  4  8  8  0  2  1  9  5  3  7  8  7  7  1  2  6  6  7  7
  3  7  4  2  2  0  2  4  1  1  4  3  7  4  3  8  6  5  3  8
  1  2  4  5  6  5  0  7  1  9  4  5  3  7  4  3  9  9  5  6
  9  2  3  5  3  1  6  0  5  1  9  2  6  7  7  8  1  7  6  6
  9  8  5  6  8  5  8  4  0  3  6  6  9  8  9  4  5  8  8  5
  7  3  9  6  6  5  8  7  4  0  5  1  2  9  8  3  2  3  5  7
  8  3  5  5  1  4  2  5  6  3  0  7  2  2  5  5  3  5  6  3
  2  5  8  2  6  8  8  6  6  4  6  0  7  9  9  5  6  6  6  2
  3  5  1  1  4  4  7  4  8  8  9  9  0  2  1  5  7  2  2  6
  3  7  7  5  6  1  2  2  3  6  8  1  1  0  7  9  9  9  4  1
  3  8  2  4  6  4  6  5  4  5  7  6  7  9  0  4  8  4  9  9
  3  5  4  6  8  4  8  6  8  4  3  6  1  5  4  0  2  9  4  5
  1  5  9  7  2  9  3  1  7  5  3  4  3  6  6  9  0  3  2  3
  2  5  7  9  6  5  8  8  4  1  7  5  3  8  3  7  3  0  9  7
  5  6  1  7  3  6  2  9  3  2  6  8  4  5  9  6  3  8  0  1
  1  7  2  9  3  3  7  2  9  8  5  6  5  2  9  5  1  5  2  0
M1
  0  3  8  6  6  5  3  6  2  3  6  7  4  7  3  3  1  2  4  4
  7  0  6  3  4  5  2  3  9  8  7  3  5  1  9  8  8  4  3  9
  8  6  0  8  5  5  5  4  1  4  6  3  8  4  6  9  8  1  4  1
  4  7  4  0  5  9  7  3  9  2  7  1  6  5  4  1  4  5  2  9
  7  5  6  3  0  6  3  8  3  9  8  1  5  7  6  6  8  8  1  1
  7  7  8  9  1  0  1  2  7  3  2  1  4  5  8  1  5  2  2  7
  3  1  4  2  2  5  0  4  7  7  8  1  5  9  4  5  7  8  1  4
  6  7  3  2  4  4  1  0  7  3  3  4  4  6  4  7  6  7  8  1
  9  6  5  7  5  3  4  3  0  9  9  4  8  1  4  5  6  4  5  7
  7  1  6  6  6  3  4  4  6  0  2  4  4  3  9  9  2  2  2  1
  4  3  8  5  8  2  7  8  8  2  0  8  8  4  4  9  8  5  9  6
  7  8  1  9  9  7  9  3  7  7  9  0  7  3  3  4  7  1  8  4
  4  3  1  6  6  8  4  1  3  4  3  5  0  6  6  4  5  7  5  3
  8  5  5  9  8  2  7  7  4  1  2  7  1  0  4  5  4  7  7  6
  7  2  6  4  3  6  5  1  8  7  8  7  7  3  0  6  5  9  9  8
  7  7  1  9  4  1  4  6  8  2  7  1  2  1  8  0  9  5  7  5
  2  4  3  3  5  3  8  5  9  2  2  8  6  6  3  9  0  4  3  5
  8  7  8  3  3  2  7  3  9  3  6  6  5  4  7  5  2  0  5  7
  7  8  6  7  7  1  4  1  1  6  8  2  9  6  8  4  2  8  0  9
  1  3  1  5  7  6  1  8  2  1  5  9  4  5  7  1  6  5  8  0
M2
  0  7  7  1  8  6  3  8  3  2  7  6  1  2  5  9  6  6  8  9
  5  0  5  9  3  1  3  9  5  7  4  1  8  1  6  3  7  6  2  8
  8  7  0  8  2  2  5  7  8  9  9  4  6  1  9  6  6  6  6  9
  4  9  5  0  6  3  8  7  4  5  8  8  5  6  4  8  3  4  2  5
  1  4  1  8  0  6  7  2  3  9  5  8  8  9  5  1  5  9  5  4
  2  8  5  2  8  0  4  9  1  2  6  3  2  4  2  8  1  8  8  3
  7  8  9  1  1  2  0  8  3  5  3  5  8  2  8  9  9  2  7  9
  4  4  7  3  6  3  5  0  8  1  8  5  3  2  1  4  8  9  9  2
  4  6  6  9  2  7  2  9  0  6  4  5  8  8  3  1  6  7  6  2
  5  3  3  6  9  5  7  9  4  0  9  2  4  4  2  4  6  4  9  1
  7  1  6  5  3  8  4  2  3  3  0  4  3  3  8  5  9  6  5  4
  2  1  5  6  5  5  9  5  5  4  5  0  1  4  2  9  2  3  8  3
  7  4  8  9  9  6  2  7  8  1  5  6  0  9  6  5  8  4  3  3
  3  7  8  7  1  2  9  5  9  7  2  2  2  0  4  7  1  4  7  2
  6  7  9  1  5  2  2  6  7  6  3  5  2  6  0  5  4  5  5  9
  7  9  5  9  3  7  9  3  3  7  5  4  4  3  5  0  4  2  6  1
  5  3  6  8  6  8  7  3  7  7  4  5  4  7  4  9  0  4  4  9
  4  6  1  4  1  1  3  6  2  8  4  6  7  4  4  9  9  0  7  4
  6  5  4  6  6  9  5  2  9  3  2  2  7  8  5  2  5  7  0  1
  6  2  9  9  8  2  6  1  5  6  8  9  5  1  7  7  2  4  6  0
M3
  0  6  6  7  6  1  5  4  3  8  2  6  8  7  9  3  5  6  8  9
  6  0  7  2  5  3  3  5  6  2  5  5  4  8  8  1  4  4  3  9
  2  3  0  4  5  2  3  8  9  1  6  8  8  6  7  6  3  8  8  2
  1  7  9  0  1  9  2  6  1  4  7  2  8  9  3  8  3  2  9  2
  2  6  6  5  0  1  4  7  5  3  7  4  4  7  7  9  4  7  5  1
  6  2  7  7  2  0  1  6  4  9  7  4  5  2  7  3  9  7  2  7
  4  1  7  3  7  8  0  3  2  7  2  7  1  2  3  9  2  2  4  9
  7  9  2  6  7  1  4  0  7  4  1  9  9  6  1  8  5  9  7  6
  3  2  1  7  4  6  1  3  0  9  7  3  1  8  7  8  7  3  6  5
  6  4  2  5  9  9  2  6  4  0  9  4  2  8  5  4  3  8  9  9
  4  4  2  4  3  9  6  7  2  7  0  8  3  1  2  5  4  1  6  3
  4  7  2  2  7  1  4  6  7  2  9  0  8  1  6  2  9  6  4  4
  3  4  6  9  7  3  9  1  9  8  6  8  0  6  7  4  9  9  3  5
  2  4  3  3  5  5  8  5  8  3  9  1  8  0  2  7  8  4  2  3
  2  5  8  9  5  4  1  5  4  4  9  2  7  7  0  2  9  8  2  6
  7  2  3  3  4  7  7  4  5  6  8  3  5  6  3  0  6  3  9  5
  4  9  2  7  9  4  8  3  2  5  3  3  3  9  9  7  0  8  2  9
  8  3  3  2  5  3  5  5  9  9  4  8  9  7  9  5  6  0  8  9
  3  6  6  2  9  1  4  9  8  4  7  7  9  1  8  8  4  3  0  1
  7  6  3  3  9  6  3  4  5  7  6  5  4  3  7  6  9  6  8  0
M4
  0  4  5  5  1  1  4  4  5  1  2  3  8  1  7  4  9  3  3  2
  4  0  1  7  4  6  1  5  9  1  1  3  3  4  4  4  5  2  8  3
  1  6  0  4  9  1  1  1  8  4  1  6  6  8  8  3  9  6  2  9
  6  2  3  0  7  9  7  9  1  5  4  8  7  9  3  1  8  8  4  4
  2  5  4  5  0  3  8  6  6  6  2  2  3  5  3  4  1  2  4  1
  4  5  1  8  5  0  2  1  6  2  5  7  3  5  9  5  4  3  4  6
  1  9  7  7  1  7  0  9  4  6  7  8  5  8  8  4  8  8  3  4
  2  2  1  8  4  2  8  0  7  8  7  4  5  8  2  5  7  6  6  8
  8  1  3  1  2  4  6  6  0  6  9  7  7  9  3  6  9  8  9  7
  9  7  9  9  3  7  7  4  8  0  1  6  7  8  4  7  1  4  1  9
  1  3  3  1  6  7  1  7  6  8  0  6  2  2  1  7  5  9  5  6
  8  1  3  7  5  1  7  7  1  4  1  0  8  4  9  9  1  5  2  9
  8  5  6  4  2  5  9  8  9  5  3  8  0  4  6  4  1  2  6  9
  4  1  6  8  4  5  4  8  3  2  4  8  1  0  1  8  3  5  4  6
  1  4  5  5  8  1  9  1  6  5  2  4  6  8  0  5  1  3  4  4
  2  5  4  4  9  4  1  8  6  7  3  2  7  1  7  0  4  1  7  1
  1  6  5  2  1  9  8  4  1  1  5  6  8  5  4  8  0  1  5  9
  7  1  2  6  4  5  7  8  3  7  3  5  3  9  6  3  6  0  6  2
  9  5  3  6  2  9  6  7  7  7  9  4  5  2  5  8  4  6  0  2
  3  3  4  8  6  1  6  2  9  2  9  7  9  9  4  6  8  6  1  0
M5
  0  7  5  5  2  2  2  4  9  7  3  2  1  3  1  6  9  8  5  2
  9  0  5  5  8  7  4  8  2  1  1  9  4  1  4  2  5  2  6  3
  8  6  0  2  7  4  1  9  8  1  1  4  3  7  3  2  7  9  3  1
  4  1  5  0  6  4  5  9  2  4  2  9  3  8  3  2  4  1  6  1
  2  9  2  7  0  6  8  7  2  2  1  3  2  5  2  7  1  3  2  8
  8  4  5  5  8  0  5  6  2  7  8  4  1  6  6  4  9  3  1  6
  8  3  3  7  8  6  0  7  4  1  4  7  1  2  7  4  5  8  6  9
  7  2  9  8  4  5  9  0  9  8  2  2  6  7  2  5  3  9  7  4
  1  1  4  6  3  7  3  6  0  4  7  2  8  6  3  4  7  4  8  3
  4  1  1  7  2  3  9  4  7  0  6  3  7  5  2  1  7  2  4  2
  3  8  9  5  3  7  3  5  7  3  0  2  4  3  8  2  1  4  6  2
  2  7  2  4  2  1  5  9  5  4  5  0  9  4  7  7  4  7  2  8
  5  8  3  5  9  5  7  8  3  2  3  1  0  2  1  2  2  7  8  3
  2  3  8  4  3  2  1  3  3  4  7  8  4  0  7  1  5  3  3  7
  1  2  5  4  3  6  2  9  1  2  8  7  2  3  0  2  8  6  2  2
  5  9  1  6  9  1  8  1  3  9  8  7  6  4  9  0  9  4  9  1
  7  7  6  9  8  9  4  8  6  7  8  2  2  4  8  1  0  5  7  3
  8  3  6  2  2  6  6  4  6  4  9  4  2  3  1  8  1  0  1  8
  6  3  1  3  4  2  9  2  2  7  3  6  7  3  1  4  4  7  0  7
  1  6  5  2  2  1  1  3  5  2  7  2  7  1  1  2  9  1  1  0
M6
  0  8  2  1  4  7  8  2  9  4  4  2  8  2  6  6  8  9  9  9
  8  0  1  3  8  5  1  4  5  5  4  3  6  8  5  9  8  5  3  3
  9  2  0  7  4  4  7  3  5  8  2  7  2  9  2  3  2  9  6  8
  9  9  6  0  8  4  9  7  9  3  9  2  8  3  4  2  5  5  4  1
  9  6  2  5  0  2  8  1  1  9  2  5  9  1  3  4  9  2  1  7
  5  8  7  6  5  0  9  5  2  4  7  8  8  8  1  9  6  5  9  1
  7  3  7  2  6  2  0  5  7  6  1  1  2  5  2  2  8  2  4  7
  7  5  1  2  6  6  5  0  8  6  3  8  2  2  2  5  1  7  9  7
  6  5  6  3  1  3  6  7  0  4  6  6  7  5  1  8  3  7  7  3
  7  8  8  3  2  4  8  2  7  0  3  4  7  9  6  2  8  7  1  3
  4  3  1  2  6  3  5  2  6  8  0  2  4  3  2  2  9  5  7  1
  6  6  2  6  6  9  4  1  3  2  2  0  2  9  1  9  7  6  1  8
  7  5  1  7  5  5  5  8  2  2  5  6  0  7  8  1  6  5  6  6
  3  2  3  8  2  7  5  9  4  1  2  1  1  0  2  8  8  8  7  6
  9  5  7  6  3  4  8  8  1  4  9  8  7  1  0  4  5  9  5  9
  2  1  6  8  7  1  9  8  4  2  4  8  3  4  2  0  7  7  5  5
  1  5  9  2  8  9  6  2  3  1  3  9  6  7  5  3  0  8  8  1
  9  5  7  1  7  7  4  6  5  3  3  6  9  4  4  4  5  0  7  1
  9  9  9  5  5  1  6  2  6  2  5  1  8  4  7  6  8  8  0  2
  7  8  5  4  3  4  8  4  4  9  3  1  5  2  1  5  4  9  1  0
M7
  0  8  5  8  1  1  1  4  5  3  5  9  5  9  4  3  5  1  6  3
  8  0  8  7  4  8  6  8  4  3  6  8  2  2  8  7  1  1  4  9
  1  7  0  6  6  8  8  6  1  7  1  5  3  1  5  3  2  4  4  4
  4  4  3  0  1  5  5  5  8  4  2  2  1  3  1  3  5  1  6  1
  4  3  6  8  0  8  1  6  8  2  2  5  5  2  1  4  1  6  4  4
  3  4  9  6  6  0  7  7  2  5  7  1  2  4  3  3  6  7  3  6
  8  1  8  7  7  6  0  4  2  3  1  6  4  7  9  5  4  1  9  7
  4  4  8  1  8  8  2  0  1  8  6  8  9  7  8  1  6  9  9  9
  9  4  7  3  9  3  5  8  0  9  4  2  8  6  1  5  9  9  9  5
  7  5  7  5  3  2  3  3  5  0  3  3  9  8  6  8  6  1  9  6
  9  7  5  4  6  3  2  2  3  7  0  7  8  5  5  6  2  5  9  1
  9  1  8  6  4  2  8  6  4  8  3  0  3  4  1  9  8  9  2  1
  2  3  4  9  6  9  9  8  2  9  4  6  0  2  4  4  1  2  7  4
  4  9  3  6  7  8  5  9  3  5  4  3  4  0  5  7  3  1  5  8
  3  3  5  9  8  7  1  4  7  9  4  7  6  8  0  7  5  2  6  8
  5  4  9  7  3  2  7  8  5  8  2  1  7  4  8  0  5  7  7  8
  2  2  8  4  7  7  3  7  8  6  1  7  6  9  6  6  0  8  6  5
  3  7  6  6  5  1  7  1  9  2  9  8  6  7  3  6  6  0  1  4
  9  9  6  6  4  6  8  3  7  6  8  5  9  3  5  8  6  4  0  2
  7  4  7  3  7  7  6  7  2  7  1  5  6  4  1  2  7  1  3  0
M8
  0  7  2  6  8  7  9  3  3  1  9  5  8  5  3  2  7  8  5  6
  6  0  4  9  2  5  3  7  2  6  9  9  1  7  5  1  7  2  8  7
  3  2  0  3  5  6  7  8  6  3  6  9  9  1  5  5  6  6  5  5
  3  6  7  0  8  3  7  9  5  6  2  6  4  5  1  3  4  7  5  3
  4  1  3  7  0  2  2  6  5  5  4  5  1  6  6  8  6  7  3  5
  2  6  3  7  5  0  6  6  3  8  7  1  7  3  4  4  9  2  7  2
  9  1  5  6  4  3  0  6  8  6  7  2  5  9  5  7  8  5  4  5
  1  8  9  8  8  9  8  0  1  3  6  3  6  3  6  5  8  2  3  7
  8  6  2  8  1  1  8  1  0  5  5  3  9  5  3  9  7  4  8  8
  1  4  1  5  7  8  5  3  8  0  4  9  1  6  9  4  8  4  8  5
  3  3  7  1  5  6  6  1  7  3  0  5  7  5  6  9  6  5  2  9
  3  9  7  5  5  2  4  9  9  3  6  0  9  8  3  6  8  9  1  9
  6  4  7  7  1  8  2  2  2  4  8  7  0  7  9  2  6  9  5  3
  3  1  3  8  2  4  3  7  4  6  5  2  6  0  8  9  9  5  8  3
  3  9  6  2  2  1  1  5  4  5  4  8  5  8  0  5  2  6  4  4
  8  5  8  6  8  4  8  2  1  9  3  5  5  4  4  0  3  8  8  9
  4  8  9  2  3  8  6  4  6  3  4  3  5  8  1  3  0  1  1  2
  9  2  5  4  1  3  1  6  2  1  4  3  4  4  2  6  4  0  6  6
  5  5  2  2  7  3  9  3  8  5  2  3  7  6  1  6  1  8  0  9
  4  3  3  3  4  7  3  5  2  6  7  4  8  3  2  2  1  3  1  0
M9
  0  2  1  5  5  1  1  4  4  4  1  1  5  4  4  2  8  2  1  8
  5  0  2  6  5  7  2  8  2  2  7  1  7  9  7  2  7  3  2  9
  2  6  0  9  7  2  8  3  2  4  9  4  6  8  1  5  9  9  6  7
  6  6  6  0  7  6  2  9  9  3  3  8  4  4  7  6  7  1  8  6
  3  3  5  7  0  7  9  2  9  1  4  7  3  5  2  6  1  4  3  1
  6  6  8  5  9  0  9  1  5  4  4  5  4  1  9  5  4  5  6  7
  2  5  1  8  4  8  0  4  3  2  1  5  7  5  3  7  1  5  3  7
  8  8  8  4  5  9  9  0  5  4  5  7  1  4  5  3  3  1  2  1
  6  1  8  2  7  3  9  1  0  1  8  8  8  4  7  8  9  9  8  2
  8  5  2  7  3  4  1  9  4  0  1  1  4  2  3  8  2  9  2  4
  6  8  7  1  4  8  8  4  3  6  0  6  7  1  7  7  9  3  8  9
  1  3  5  4  5  7  3  9  7  2  8  0  5  8  7  8  3  7  4  1
  2  7  7  1  5  4  4  3  7  7  9  6  0  6  8  3  5  8  2  5
  8  7  3  4  9  4  1  8  3  3  8  8  1  0  6  5  8  5  4  8
  4  9  3  2  1  1  3  9  7  2  7  8  3  4  0  2  8  6  3  7
  6  7  8  5  4  1  5  9  2  7  6  2  7  6  4  0  6  5  9  8
  6  3  7  2  3  9  3  6  6  8  4  8  9  1  1  6  0  2  5  7
  4  8  6  2  7  8  9  3  8  4  9  5  2  8  3  1  9  0  7  2
  7  6  7  8  9  4  4  4  3  4  8  6  4  7  9  2  1  8  0  1
  6  6  6  2  7  4  5  6  5  6  3  9  6  3  1  1  3  7  1  0
M10
  0  4  6  4  2  5  9  1  3  5  6  1  7  3  3  8  9  3  7  4
  3  0  4  5  9  4  8  8  9  5  8  5  7  9  2  2  6  4  8  8
  3  1  0  3  7  5  5  4  6  1  6  2  3  7  8  1  5  3  5  3
  9  3  6  0  4  7  7  5  4  3  4  3  2  2  2  9  3  7  4  8
  3  5  4  3  0  4  5  7  1  1  1  9  8  4  2  4  4  1  7  2
  2  7  2  9  2  0  7  8  6  9  7  6  9  6  4  6  5  5  9  8
  3  2  2  5  7  1  0  6  8  5  8  7  9  6  8  6  7  6  8  6
  1  8  5  9  4  3  3  0  1  9  9  7  5  1  6  3  8  7  5  5
  7  8  2  7  1  4  7  5  0  2  8  2  4  1  2  2  1  7  6  7
  5  6  4  4  2  2  8  3  6  0  6  8  1  3  5  7  8  7  4  6
  4  9  6  5  6  3  3  4  9  1  0  6  1  6  6  9  9  5  3  9
  4  3  7  4  2  5  3  7  2  7  3  0  3  6  2  4  2  1  4  6
  1  8  9  3  3  6  9  5  3  3  3  5  0  4  8  7  7  6  2  6
  3  8  6  9  6  2  7  7  1  4  2  2  8  0  3  9  2  6  4  4
  1  6  8  7  5  6  3  5  5  9  5  1  3  2  0  3  3  7  6  7
  2  3  2  2  4  3  9  7  3  8  2  8  6  5  9  0  5  3  2  9
  1  2  3  6  6  1  4  2  7  6  7  8  2  9  5  6  0  7  9  9
  2  5  9  5  2  5  5  2  7  6  4  2  4  5  9  9  2  0  6  3
  7  1  6  5  1  3  4  6  4  9  2  4  6  9  9  8  1  7  0  4
  7  5  3  8  3  6  9  4  5  7  2  2  9  9  5  4  7  2  8  0
M11
  0  5  9  2  1  7  5  5  3  7  5  6  3  3  3  8  3  9  8  1
  7  0  7  4  7  5  1  9  6  6  8  6  8  1  9  9  1  8  7  2
  3  9  0  3  7  3  2  6  3  9  3  8  3  9  9  9  9  5  5  4
  4  8  4  0  6  3  1  6  8  3  5  9  3  7  8  9  7  4  5  5
  8  3  5  8  0  1  4  8  3  6  3  9  3  8  6  7  9  1  8  3
  9  3  4  6  1  0  5  3  8  3  7  4  1  9  7  5  6  5  4  4
  2  8  6  5  8  5  0  1  4  3  9  2  6  6  6  4  7  4  9  7
  6  8  6  9  5  8  4  0  2  6  1  9  6  7  3  6  4  6  2  3
  9  6  9  1  7  8  7  2  0  4  6  5  7  2  3  1  5  4  8  1
  1  2  1  9  5  6  9  7  4  0  6  7  7  1  9  4  6  4  3  7
  7  7  4  2  3  7  9  6  2  1  0  1  8  6  2  3  5  2  8  7
  6  1  5  8  7  1  9  1  1  1  4  0  3  5  5  5  9  3  4  6
  6  2  2  4  6  9  3  4  5  4  4  4  0  3  4  6  3  5  2  1
  5  4  6  4  7  3  3  4  4  3  1  2  2  0  4  4  7  8  6  5
  6  2  6  9  7  9  4  2  9  5  3  9  9  7  0  6  9  8  5  3
  7  1  2  9  5  4  3  6  8  3  4  5  1  4  9  0  6  9  1  1
  6  6  2  4  3  9  1  1  7  6  2  1  6  9  6  1  0  1  6  9
  1  9  3  6  3  5  4  9  4  1  4  1  3  3  8  3  2  0  4  9
  3  1  7  8  4  7  5  7  5  3  7  2  6  3  1  3  6  1  0  8
  4  3  1  6  3  9  5  3  4  9  1  6  4  9  7  1  7  9  3  0
M12
  0  7  5  6  2  1  7  3  6  1  2  8  5  3  7  5  6  2  8  2
  3  0  8  4  2  9  8  4  2  4  9  9  1  2  7  1  9  5  8  1
  4  8  0  8  4  4  5  1  2  9  9  3  1  7  2  9  9  7  8  1
  8  3  6  0  7  1  8  6  7  9  8  9  2  4  1  8  3  8  7  8
  2  4  7  8  0  3  6  5  2  7  3  7  6  6  4  1  5  3  5  3
  7  3  2  3  6  0  8  1  6  8  3  3  1  8  9  9  8  8  3  9
  6  6  2  8  4  7  0  6  4  9  7  8  2  9  3  6  5  3  1  7
  3  1  4  6  8  8  5  0  4  3  4  4  6  1  5  9  3  9  7  9
  7  6  1  4  9  2  3  7  0  4  5  2  4  4  1  8  8  5  6  9
  7  7  2  2  3  7  1  9  8  0  9  7  2  4  2  2  1  1  3  2
  3  7  3  2  2  4  6  7  2  3  0  5  2  4  4  7  8  7  8  8
  7  7  1  3  4  4  4  4  8  6  7  0  5  8  1  1  7  2  9  8
  6  4  1  5  1  8  9  7  1  2  3  3  0  6  5  3  6  7  5  7
  5  3  2  3  5  6  3  8  3  7  1  6  5  0  8  8  5  3  4  8
  9  1  7  9  8  6  5  1  5  9  3  3  3  9  0  7  6  2  6  8
  9  9  2  7  3  4  5  3  1  6  2  7  5  2  5  0  2  3  5  1
  2  1  6  6  4  6  6  8  9  1  3  5  9  9  8  4  0  8  8  5
  7  5  5  5  9  6  2  8  2  2  4  1  2  2  6  6  9  0  5  6
  2  3  1  3  4  4  4  5  5  8  9  6  5  8  2  4  2  4  0  7
  9  4  9  1  6  2  9  8  8  1  8  5  3  9  3  8  2  7  5  0
M13
  0  4  2  6  4  1  1  8  5  3  8  5  1  9  8  6  8  6  6  9
  3  0  2  9  7  4  3  8  2  4  3  7  3  7  7  2  7  3  8  7
  9  7  0  6  3  9  5  3  7  1  1  6  2  1  8  9  4  9  3  9
  4  7  9  0  9  3  5  6  7  6  6  8  1  9  2  7  9  4  9  8
  4  8  6  7  0  2  9  9  3  5  4  9  6  5  4  8  2  1  7  9
  5  9  9  3  5  0  7  4  6  4  8  3  6  5  9  8  5  8  6  5
  8  4  5  2  8  1  0  8  1  9  5  9  4  3  2  6  1  5  6  4
  1  6  4  3  4  5  3  0  3  7  2  8  1  9  8  3  2  6  4  6
  9  6  1  8  8  1  1  2  0  4  7  4  5  9  9  5  4  4  6  3
  8  3  9  9  8  4  2  2  5  0  3  8  7  9  6  4  3  8  2  6
  7  7  1  7  7  2  7  9  8  9  0  8  8  3  9  8  3  6  9  4
  9  9  5  2  8  1  7  6  6  1  8  0  9  5  2  1  3  5  8  6
  8  4  8  3  1  6  5  5  8  9  5  8  0  3  8  6  5  1  6  3
  8  7  1  2  3  8  7  2  1  3  5  1  7  0  4  4  9  9  2  2
  4  4  8  4  5  4  6  4  3  2  7  8  7  3  0  2  3  2  6  4
  1  6  2  5  8  1  5  7  2  6  3  2  4  6  9  0  1  9  5  9
  7  9  9  4  8  7  4  7  7  9  7  8  1  6  7  2  0  2  5  9
  6  4  8  3  2  7  5  3  4  6  2  5  5  6  3  5  3  0  9  3
  2  3  8  4  3  2  5  2  9  9  1  7  9  7  5  3  2  4  0  2
  2  9  3  2  8  2  3  8  6  6  4  7  4  1  5  3  6  1  4  0
M14
  0  8  8  2  8  3  6  1  2  9  3  4  1  1  7  8  1  5  2  5
  3  0  2  7  1  9  2  6  4  9  8  8  8  1  9  1  4  1  8  6
  6  4  0  7  8  5  5  5  2  9  4  9  6  9  5  2  8  4  8  5
  7  3  5  0  4  2  8  5  9  6  5  3  9  8  4  8  8  1  7  7
  8  8  8  8  0  3  3  8  9  8  9  9  2  7  6  2  1  5  6  8
  9  3  2  3  5  0  1  4  3  7  2  2  5  4  3  6  3  5  5  3
  9  6  4  7  9  9  0  1  3  5  8  9  5  5  3  8  1  9  7  7
  2  8  4  4  7  6  8  0  1  9  1  9  4  5  5  5  9  8  6  2
  8  4  9  4  3  9  8  8  0  9  4  5  6  4  6  4  5  8  6  8
  6  5  5  6  1  6  5  6  3  0  2  2  9  5  6  2  9  5  7  3
  4  5  4  8  2  9  4  5  5  2  0  8  7  4  6  9  8  5  6  6
  3  3  2  3  8  8  9  3  3  8  7  0  7  5  6  7  2  9  8  8
  1  2  6  6  2  4  8  6  5  8  7  9  0  5  7  4  3  8  9  2
  3  3  3  3  6  2  6  5  1  6  4  4  2  0  4  8  8  7  2  9
  1  3  8  4  9  2  5  9  4  1  1  6  3  6  0  2  7  2  6  8
  2  2  8  2  9  6  1  8  5  7  9  6  2  1  3  0  8  7  5  1
  4  1  5  6  3  1  4  6  4  2  9  2  6  1  6  9  0  1  3  5
  6  6  2  9  6  1  5  4  7  4  7  1  9  1  7  9  7  0  2  8
  1  4  2  9  4  7  3  2  1  6  4  3  9  9  4  9  6  5  0  4
  9  4  7  6  6  1  3  7  3  7  2  4  7  9  6  5  7  6  7  0
M15
  0  4  9  1  1  7  7  1  8  8  1  3  9  3  1  6  6  8  8  6
  4  0  8  2  3  9  3  7  5  6  5  9  4  5  9  2  4  2  6  1
  4  5  0  4  5  2  1  7  4  5  5  3  5  8  1  1  1  5  9  8
  3  4  8  0  1  3  1  7  3  7  8  4  5  3  4  8  7  5  1  2
  6  2  8  8  0  2  6  6  9  1  1  4  7  5  1  8  4  7  5  7
  7  1  3  2  2  0  4  5  9  8  1  7  3  8  7  6  9  9  5  6
  1  5  3  3  6  6  0  3  8  5  1  2  1  6  1  1  3  9  6  2
  5  8  7  4  9  8  5  0  1  3  8  2  4  3  3  6  7  8  7  8
  2  3  1  1  4  9  4  9  0  1  9  5  1  4  8  4  4  2  6  4
  8  9  8  6  1  3  5  1  8  0  3  6  2  1  6  3  6  1  4  6
  6  9  8  2  7  5  7  8  8  6  0  7  7  5  9  4  1  2  6  8
  5  7  3  4  3  3  5  3  5  3  8  0  1  9  4  9  6  8  8  4
  6  3  7  2  1  5  6  5  6  3  6  6  0  8  4  5  1  5  1  9
  8  1  5  6  8  5  9  3  6  4  2  1  4  0  5  1  6  7  4  9
  2  8  8  5  8  9  2  6  6  3  9  4  8  5  0  6  8  3  8  9
  5  2  8  6  6  8  9  7  6  8  2  3  4  6  6  0  3  3  2  6
  8  8  4  2  8  7  1  2  9  3  7  5  8  2  1  4  0  3  3  2
  2  7  8  2  8  4  5  7  1  7  2  9  8  1  5  8  7  0  8  7
  4  7  4  3  8  2  8  4  5  2  6  2  9  2  6  6  3  1  0  9
  2  5  9  7  8  6  4  6  5  2  9  2  2  7  7  1  2  8  5  0
M16
  0  4  6  9  6  5  5  9  9  6  8  3  8  3  6  1  6  4  9  3
  7  0  8  8  3  7  8  5  4  8  3  7  3  6  1  8  5  8  8  2
  6  5  0  8  6  4  3  8  7  5  4  1  6  6  5  3  7  1  8  5
  2  7  1  0  2  3  4  1  1  7  7  2  8  5  5  5  2  1  3  1
  2  4  5  6  0  3  8  1  8  2  7  1  2  7  2  3  7  9  5  6
  9  6  3  6  9  0  1  1  2  4  3  8  2  2  3  7  2  3  7  4
  4  7  4  4  4  1  0  3  4  7  9  6  5  5  1  2  4  9  9  4
  5  1  5  1  6  7  7  0  6  6  6  2  5  8  2  8  5  9  1  5
  8  8  2  5  2  7  3  8  0  6  8  7  8  4  2  2  3  6  5  3
  6  7  4  7  7  5  3  1  8  0  8  8  5  2  7  4  2  9  1  2
  4  4  6  7  7  8  4  9  5  6  0  2  5  8  8  5  8  7  3  8
  3  3  1  2  9  9  4  2  4  6  9  0  8  3  8  6  5  7  9  7
  9  6  4  2  6  1  8  8  8  1  3  6  0  5  6  3  3  9  6  9
  7  5  9  6  7  4  2  3  2  9  4  1  8  0  3  6  3  7  9  1
  2  6  3  2  7  7  1  1  1  8  7  2  1  3  0  9  4  8  2  6
  9  2  5  1  4  8  1  7  5  5  9  2  5  4  6  0  4  9  2  4
  4  1  6  4  1  5  1  7  6  2  6  6  2  4  6  4  0  4  1  8
  4  3  4  1  1  5  3  4  4  8  4  9  5  2  6  8  4  0  6  2
  6  9  8  1  8  3  7  7  6  9  8  7  1  6  3  9  2  5  0  1
  2  8  9  6  5  7  4  8  4  2  6  4  3  7  7  8  1  8  6  0
M17
  0  8  7  1  9  3  9  6  5  2  4  5  7  1  2  3  4  7  5  9
  7  0  4  5  5  1  8  2  5  4  9  7  6  5  9  2  5  3  5  1
  8  6  0  7  9  3  3  6  8  2  7  4  1  6  9  3  9  6  5  9
  3  6  1  0  2  9  4  2  5  8  4  1  5  2  2  1  7  8  8  3
  4  6  1  4  0  2  8  1  3  6  8  5  4  3  1  4  9  2  4  1
  3  3  5  9  9  0  7  7  6  9  8  6  8  5  4  4  3  4  8  5
  1  9  8  3  8  6  0  6  2  7  8  3  6  6  8  8  4  3  5  9
  1  4  7  3  8  5  6  0  5  6  5  9  3  2  1  2  7  7  2  4
  6  3  2  1  1  8  1  6  0  2  7  2  5  8  3  9  1  2  7  3
  6  5  3  3  3  7  3  5  5  0  1  4  8  6  9  8  8  6  1  2
  8  5  1  1  5  9  1  1  7  4  0  6  8  1  6  3  8  2  8  1
  4  2  3  6  8  8  2  6  2  6  1  0  7  9  2  6  1  4  7  6
  2  2  3  6  8  2  9  5  4  9  8  8  0  5  6  4  4  5  5  9
  8  5  4  8  9  5  2  2  6  7  8  7  6  0  7  6  9  4  8  1
  3  3  6  5  6  5  3  7  1  8  8  1  8  6  0  6  7  3  1  2
  8  5  7  1  9  1  1  9  6  6  8  3  4  9  3  0  9  6  8  3
  1  1  7  9  6  3  4  1  6  8  3  3  1  4  7  7  0  3  1  3
  8  1  9  5  5  2  9  7  9  7  3  5  7  5  9  3  5  0  3  9
  9  7  1  7  3  1  1  8  9  8  6  8  4  3  8  1  6  4  0  1
  8  7  7  5  3  1  9  3  1  4  2  5  3  9  9  3  9  9  3  0
M18
  0  6  8  8  7  8  8  9  2  7  9  8  5  6  9  5  2  5  9  8
  1  0  5  5  5  6  2  3  4  4  3  6  6  7  6  5  3  3  5  1
  5  8  0  3  7  2  9  1  3  9  4  2  3  4  5  6  5  1  9  2
  3  1  8  0  7  5  7  7  6  8  7  7  5  3  8  4  3  2  1  6
  3  4  9  2  0  2  4  4  1  7  7  7  8  2  3  3  8  9  8  2
  1  6  9  6  9  0  3  2  2  1  6  5  5  3  9  5  5  1  4  7
  7  8  1  1  1  7  0  5  4  8  7  9  9  4  7  2  7  4  3  2
  8  2  1  8  9  4  7  0  6  6  3  3  7  5  5  6  8  7  9  8
  9  9  9  7  6  9  8  4  0  5  5  8  7  2  1  3  7  6  6  3
  7  4  6  2  2  6  9  3  5  0  3  3  5  6  4  2  3  8  3  7
  3  4  7  6  3  5  7  9  7  6  0  7  6  7  5  5  2  7  2  9
  5  3  7  3  4  6  8  4  2  9  8  0  3  5  5  9  7  9  8  2
  8  8  3  4  4  4  2  8  7  6  8  1  0  5  5  9  3  5  3  1
  3  6  7  8  6  1  1  6  2  4  4  4  2  0  6  7  6  3  8  1
  5  7  1  4  7  6  7  1  6  4  5  1  2  4  0  7  2  4  3  3
  1  4  7  8  7  3  2  5  5  3  6  9  5  9  9  0  9  2  9  9
  4  1  1  2  9  2  9  2  3  1  4  7  8  6  1  6  0  3  7  5
  4  2  4  1  2  5  7  2  7  1  7  9  7  6  4  4  6  0  5  5
  2  7  9  7  8  7  9  5  1  9  8  3  5  6  5  7  3  2  0  9
  1  6  1  6  6  3  9  5  6  3  3  8  2  1  1  9  5  2  2  0
M19
  0  6  7  7  9  4  3  5  6  4  3  3  4  2  4  3  1  8  1  7
  9  0  8  6  4  9  4  9  3  4  7  1  2  4  1  3  4  2  3  1
  5  3  0  6  4  7  9  5  4  9  7  7  2  1  9  7  5  7  8  2
  1  7  2  0  3  9  6  4  7  6  7  6  5  6  5  4  5  4  6  9
  3  4  4  1  0  8  6  9  5  8  8  9  5  4  5  7  6  9  8  7
  9  6  7  6  6  0  9  8  6  7  8  7  9  8  6  5  9  2  9  3
  4  1  5  4  8  2  0  7  8  6  8  8  4  8  7  3  5  7  2  8
  9  2  2  6  9  4  2  0  8  3  6  8  4  6  9  1  2  7  1  3
  4  3  1  1  1  3  3  4  0  3  4  6  1  2  7  6  9  9  3  6
  2  5  7  7  4  2  7  6  1  0  3  6  7  6  7  7  8  3  3  5
  4  8  2  7  3  2  7  5  8  1  0  5  2  7  7  6  5  9  9  6
  6  7  8  8  2  3  3  5  1  2  9  0  2  1  7  7  6  2  9  5
  1  5  9  4  9  1  7  2  4  5  9  4  0  7  8  6  2  3  7  4
  1  4  7  6  9  2  3  5  7  3  2  4  6  0  5  8  8  2  1  7
  5  7  8  4  1  5  5  5  8  1  1  4  6  8  0  7  9  2  7  3
  5  2  8  8  8  7  7  5  2  2  5  3  5  1  8  0  7  2  1  1
  3  9  3  1  4  9  4  1  3  7  4  3  9  8  6  7  0  3  2  9
  4  7  2  8  9  4  7  1  9  4  4  8  2  4  8  5  7  0  9  3
  2  6  5  5  8  5  4  3  5  3  1  5  9  4  9  6  9  4  0  7
  2  2  1  6  6  8  6  2  9  5  9  4  7  9  7  7  4  8  9  0