20 10
  0 94  1  3  2 39  3  1  4 63  5 86  6 44  7 19  8 55  9 67
  0 43  1 18  2 23  3 92  4 96  5 36  6 25  7 82  8 46  9 66
  0  6  1 43  2 28  3 83  4 50  5 19  6 85  7 12  8 68  9 66
  0 47  1 41  2 31  3 43  4 12  5 71  6 86  7 70  8 15  9 32
  0 45  1 83  2 86  3  3  4 15  5  8  6 73  7  6  8 55  9  8
  0 51  1 62  2 19  3  3  4 11  5 77  6 58  7 64  8 74  9 30
  0 73  1 27  2 85  3 51  4 33  5  8  6 95  7  3  8 42  9 92
  0 49  1 75  2 90  3  5  4  7  5  6  6 13  7  4  8 40  9 40
  0 31  1 52  2 77  3 38  4  4  5 40  6 50  7 29  8 88  9 13
  0 58  1 58  2  4  3 37  4 58  5 39  6 39  7 43  8 68  9 79
  0 19  1 18  2 85  3 44  4 27  5 24  6 24  7 40  8 67  9 19
  0 36  1  1  2 81  3 66  4  7  5 82  6 55  7 77  8 67  9 29
  0 54  1 61  2  9  3 31  4  7  5 69  6 58  7 88  8  8  9 27
  0 75  1 67  2 52  3  8  4 54  5 82  6 79  7 74  8 13  9 18
  0  7  1 55  2 67  3 79  4 31  5 39  6 42  7 13  8 74  9 42
  0  5  1 72  2 77  3 42  4 94  5 52  6 98  7 13  8 47  9 86
  0 82  1 16  2 45  3 85  4 25  5 85  6 44  7 17  8  3  9 30
  0 20  1 12  2  7  3 92  4  8  5 48  6 16  7 45  8 95  9 41
  0 31  1 87  2 21  3 89  4 61  5 22  6 13  7  2  8 36  9 27
  0 32  1 21  2 26  3 29  4 51  5 57  6 74  7 22  8 46  9 50
SSD
M0
  0  9  4  1  5  5  5  7  5  3  6  2  4  5  7  1  1  8  2  3
  3  0  1  2  4  4  8  6  3  7  5  6  2  1  6  7  5  7  2  2
  8  2  0  4  3  3  3  8  2  8  9  7  1  8  8  1  5  7  7  5
  1  2  3  0  1  9  8  4  1  1  5  1  4  4  4  6  3  1  8  4
  8  9  9  3  0  6  9  5  2  2  1  3  1  1  6  3  1  1  5  3
  9  3  1  6  5  0  8  4  2  7  1  7  1  1  4  4  3  8  7  8
  4  5  8  5  2  6  0  4  3  8  8  7  6  9  2  5  4  3  5  6
  8  4  9  4  2  2  7  0  2  8  2  7  1  6  1  1  3  4  4  7
  8  7  2  2  2  5  1  2  0  5  5  7  2  5  7  4  4  8  7  7
  7  1  2  7  5  1  9  4  5  0  7  6  6  3  1  3  9  4  2  8
  2  3  3  2  4  8  3  4  3  5  0  9  8  4  9  2  7  8  4  5
  7  9  2  2  1  7  1  4  6  5  8  0  3  6  8  8  4  5  2  2
  1  9  8  3  1  3  6  7  2  4  1  5  0  2  2  9  6  2  3  4
  2  2  5  7  3  2  8  5  5  6  3  6  5  0  6  2  7  2  1  7
  7  8  5  7  2  6  5  7  5  7  4  5  3  3  0  7  6  8  5  7
  8  9  6  2  4  1  2  5  9  1  6  1  8  4  3  0  2  5  4  7
  3  6  2  1  2  2  2  9  6  7  2  9  9  5  5  5  0  6  3  3
  5  4  9  9  4  3  4  3  3  2  7  1  8  3  9  7  6  0  7  1
  4  5  8  4  6  6  3  5  8  8  5  4  5  6  7  2  3  7  0  7
  2  9  7  3  8  5  2  1  8  9  1  9  2  9  3  2  6  6  8  0
M1
  0  4  1  4  9  2  1  3  4  3  9  9  8  4  9  6  8  3  3  6
  3  0  4  4  4  1  9  7  2  2  1  8  7  6  4  8  2  3  9  2
  6  4  0  7  8  9  3  3  2  3  7  8  9  9  3  4  3  1  8  3
  6  6  5  0  3  7  5  4  5  7  2  5  1  1  4  8  1  1  2  5
  1  6  1  7  0  3  3  1  3  1  5  5  6  3  8  9  1  2  1  4
  3  6  2  1  1  0  8  7  8  2  1  6  1  4  2  7  8  8  5  1
  9  6  7  3  3  3  0  4  9  5  3  4  2  1  8  5  6  2  4  4
  1  6  2  7  6  4  3  0  1  5  7  9  2  9  7  8  1  6  3  5
  5  3  7  8  5  8  5  4  0  5  1  5  1  3  4  3  1  6  7  4
  8  1  7  8  1  2  1  3  4  0  2  4  6  3  3  8  9  2  1  1
  9  2  9  2  2  9  5  6  3  7  0  9  4  8  7  5  7  3  4  2
  6  5  4  7  1  8  1  4  3  6  2  0  8  8  9  6  9  8  8  1
  9  2  7  5  8  4  8  5  4  4  7  2  0  7  5  9  6  6  4  8
  7  9  9  1  7  6  5  2  7  9  2  9  2  0  6  2  3  1  6  6
  1  3  5  5  1  5  9  4  3  9  8  7  1  3  0  6  8  7  3  4
  4  1  6  6  4  8  4  4  1  7  1  6  5  4  5  0  1  4  4  5
  9  6  7  4  5  7  8  9  9  4  3  4  1  5  6  5  0  4  1  8
  6  9  8  8  3  6  9  1  2  9  4  9  5  9  7  9  4  0  7  1
  2  2  5  1  2  4  1  1  3  6  6  4  9  9  6  2  1  2  0  3
  4  3  3  5  6  2  7  8  3  5  1  8  6  8  6  1  1  7  9  0
M2
  0  2  5  1  2  6  6  2  2  1  6  3  5  8  7  3  5  7  8  2
  4  0  9  3  3  4  2  7  5  1  6  1  4  2  3  5  4  1  3  6
  2  7  0  7  1  3  3  7  2  1  9  6  9  5  1  9  8  7  6  4
  7  7  4  0  3  5  5  7  8  8  9  6  3  8  6  9  7  2  7  1
  3  6  5  3  0  1  8  5  5  7  3  9  3  4  3  4  6  4  9  2
  3  8  5  5  2  0  5  1  6  6  9  5  1  9  3  2  4  4  7  6
  3  1  5  9  4  3  0  9  9  9  2  7  3  6  9  2  5  8  3  4
  2  3  4  7  3  7  4  0  8  1  1  6  6  8  4  2  1  6  4  1
  9  3  9  9  8  6  5  2  0  7  4  3  1  1  2  3  6  6  8  4
  1  8  9  2  2  9  5  7  7  0  8  7  9  7  7  6  9  5  6  6
  3  4  7  3  5  6  8  3  7  7  0  6  1  1  8  8  7  2  8  2
  1  5  3  9  4  4  8  3  8  9  9  0  5  9  1  2  7  3  6  4
  6  9  8  2  3  2  7  9  7  3  9  9  0  1  4  1  7  6  9  8
  1  9  6  1  3  6  1  1  5  6  7  2  9  0  8  5  1  9  1  4
  5  5  1  2  2  4  4  3  1  9  1  9  6  7  0  3  2  9  5  9
  7  7  5  4  8  3  9  6  1  5  2  4  3  7  1  0  3  9  5  3
  1  2  7  6  3  1  8  2  8  3  4  5  9  7  4  9  0  2  5  9
  1  5  8  2  8  8  4  8  4  5  8  3  7  6  3  2  3  0  4  4
  1  1  6  7  3  7  7  1  8  6  9  6  9  5  1  8  8  5  0  6
  2  9  1  7  7  2  3  9  6  4  2  7  6  1  2  7  1  4  5  0
M3
  0  6  9  9  5  4  4  8  1  6  4  7  6  1  7  2  4  8  7  9
  6  0  7  1  4  2  3  8  3  6  5  9  7  3  1  7  5  8  8  7
  7  5  0  9  9  6  8  2  8  5  8  3  1  4  9  6  1  4  2  8
  9  1  9  0  5  5  8  5  9  1  4  3  8  7  6  5  9  6  2  5
  8  2  1  2  0  9  1  8  4  1  7  2  7  2  7  8  3  5  2  8
  1  3  4  6  6  0  1  1  4  4  3  7  8  6  3  9  6  8  5  3
  7  9  3  9  9  6  0  6  1  2  4  5  4  8  3  8  1  1  1  6
  9  5  7  6  9  1  2  0  1  9  4  5  6  7  2  6  7  6  9  7
  1  4  4  3  9  4  3  8  0  1  1  6  8  3  7  6  6  6  4  5
  7  9  4  8  5  6  1  6  4  0  5  8  8  1  3  4  3  3  9  1
  1  5  1  7  2  3  4  1  8  7  0  7  3  8  3  9  7  1  3  4
  9  5  3  2  6  7  5  5  5  2  2  0  6  9  1  1  3  6  4  4
  6  5  6  6  6  1  1  2  6  4  5  5  0  8  3  1  2  7  4  7
  7  2  8  7  4  2  4  9  7  3  8  9  3  0  4  2  4  5  9  2
  9  4  7  4  8  5  4  7  9  9  1  9  4  7  0  7  9  4  3  8
  1  6  5  8  5  1  5  4  9  4  8  3  6  8  3  0  4  1  6  1
  9  1  4  6  3  9  8  9  7  7  4  4  4  4  7  6  0  7  3  8
  4  9  8  9  3  1  8  6  4  4  7  9  6  1  4  5  1  0  4  6
  3  3  3  1  7  3  2  9  3  1  9  1  6  9  4  6  2  1  0  8
  8  4  4  8  7  3  2  9  8  6  7  1  3  7  1  7  7  8  3  0
M4
  0  5  1  9  7  9  5  1  4  8  6  6  1  9  1  3  9  5  9  5
  5  0  1  1  1  5  7  6  8  2  8  6  2  3  9  3  9  5  8  8
  3  7  0  5  7  3  6  9  5  1  4  7  2  1  9  9  4  7  7  3
  3  5  9  0  8  3  9  9  6  5  1  4  4  5  9  3  4  8  5  6
  7  4  6  1  0  3  9  7  9  2  4  4  6  6  2  1  4  9  8  3
  2  8  2  4  6  0  8  3  6  1  2  5  1  8  2  4  6  3  2  8
  8  4  4  9  1  9  0  2  9  6  5  3  4  3  3  5  7  3  5  4
  6  4  5  3  3  7  5  0  9  2  6  8  9  9  5  8  1  9  3  3
  3  2  2  3  4  8  6  1  0  4  8  6  1  1  9  6  8  1  4  6
  5  9  4  1  8  5  2  4  3  0  2  7  2  8  4  7  2  8  4  3
  7  2  9  9  6  8  6  1  6  6  0  4  1  2  2  6  7  5  6  8
  7  7  7  2  1  1  9  6  2  9  6  0  8  3  4  5  7  3  3  7
  2  2  2  6  1  6  7  7  6  8  9  7  0  1  2  7  2  3  9  2
  7  5  1  8  6  9  6  9  6  1  2  6  5  0  1  7  7  2  1  4
  4  6  2  3  7  4  9  1  7  3  2  6  3  6  0  8  5  7  8  6
  4  1  6  1  5  4  3  4  4  9  1  9  5  7  8  0  7  6  1  6
  1  2  6  4  9  8  6  7  5  9  4  5  2  7  3  4  0  1  1  7
  7  5  3  4  1  1  1  2  7  6  3  7  4  9  8  2  3  0  1  3
  4  2  4  9  3  7  6  2  9  3  7  4  2  7  9  1  1  5  0  3
  1  5  8  6  6  7  3  8  8  8  4  2  4  7  6  6  1  7  1  0
M5
  0  9  3  1  5  3  2  3  5  9  4  5  5  1  3  3  2  7  3  4
  8  0  7  3  2  1  2  2  6  1  9  9  6  3  1  9  1  9  1  3
  2  9  0  8  3  7  2  2  5  7  4  5  6  3  6  6  5  8  3  6
  2  7  1  0  3  8  5  3  8  9  6  9  7  7  6  5  2  5  8  3
  9  5  1  2  0  1  6  3  5  4  3  8  4  8  4  1  3  3  5  6
  9  6  4  6  8  0  5  7  5  6  1  7  5  7  2  7  9  6  6  2
  2  8  4  2  4  5  0  3  7  4  5  4  3  6  6  8  2  2  7  3
  4  9  5  8  3  8  4  0  9  3  9  7  1  1  8  4  2  3  7  2
  1  4  5  8  5  6  3  1  0  1  7  3  7  7  1  1  5  6  8  2
  1  1  5  9  9  1  2  3  7  0  9  2  7  6  9  8  6  4  8  4
  6  8  8  8  7  3  4  4  4  4  0  1  6  6  6  7  6  2  9  3
  3  5  9  5  4  6  8  5  8  8  5  0  7  2  8  2  6  1  8  8
  1  2  7  5  2  1  4  8  7  8  9  5  0  1  5  1  3  2  2  2
  1  2  3  1  1  3  7  1  7  2  6  8  9  0  6  9  5  7  2  6
  4  1  8  8  9  2  7  2  2  8  1  8  9  5  0  6  8  9  9  1
  3  5  5  5  3  6  3  1  2  5  3  3  1  9  9  0  2  3  5  6
  5  8  7  9  4  6  6  8  8  2  9  6  2  1  7  8  0  6  3  9
  8  8  1  8  8  2  3  5  7  5  9  2  1  8  2  6  6  0  3  1
  3  8  5  5  6  8  5  7  2  6  7  7  3  6  6  7  9  9  0  4
  9  1  6  7  3  3  7  8  5  8  4  3  6  7  1  2  3  2  6  0
M6
  0  4  6  3  8  6  1  5  8  9  6  9  3  7  8  2  6  6  7  9
  2  0  7  5  1  4  9  7  9  7  8  5  2  2  2  2  9  2  1  3
  2  9  0  4  4  1  2  1  1  1  7  3  1  5  4  9  5  8  2  4
  4  3  7  0  3  5  5  4  4  3  8  6  6  6  2  3  5  5  2  2
  2  6  9  9  0  4  3  2  7  6  8  1  2  6  1  2  9  7  3  5
  3  7  8  5  7  0  7  2  5  8  3  8  7  9  6  6  6  5  7  3
  9  4  7  6  6  3  0  4  6  8  8  2  2  6  9  8  6  1  5  1
  8  7  8  4  5  1  5  0  8  3  1  7  3  5  5  3  5  5  9  2
  8  5  3  1  8  1  8  4  0  4  1  2  2  5  4  1  6  4  2  6
  2  6  9  5  9  3  2  6  7  0  3  1  3  9  1  6  6  3  9  2
  1  1  9  1  3  2  3  7  4  3  0  1  5  6  8  2  4  5  8  3
  8  9  8  8  1  6  5  6  8  4  3  0  3  1  2  1  1  5  4  7
  7  2  2  9  2  3  3  3  3  5  2  9  0  2  8  6  7  3  6  1
  4  4  1  3  1  9  5  8  8  8  5  1  1  0  9  1  2  6  4  5
  3  6  7  4  2  6  7  6  4  5  1  7  2  7  0  5  5  5  4  8
  6  5  4  6  3  8  6  1  2  5  1  1  2  6  3  0  9  8  7  6
  6  6  3  8  9  4  5  8  2  3  5  5  1  6  8  6  0  8  1  2
  4  8  7  6  7  6  1  2  2  9  9  5  4  9  8  3  6  0  4  5
  7  5  4  4  9  1  1  6  8  2  9  7  5  2  9  5  9  2  0  3
  2  6  2  9  2  6  4  7  4  3  2  3  3  3  8  5  3  6  2  0
M7
  0  4  8  9  3  4  9  4  8  8  4  5  7  5  7  1  4  8  8  2
  6  0  5  4  7  9  3  5  7  9  2  2  8  6  7  4  3  6  9  6
  1  1  0  5  1  7  2  5  5  4  6  7  3  8  5  1  2  1  9  9
  8  1  5  0  7  9  5  7  7  7  6  3  3  9  8  5  5  5  1  4
  5  7  3  5  0  7  5  1  8  2  6  1  4  6  7  3  6  4  5  3
  2  2  1  9  1  0  9  8  4  6  2  7  1  2  5  8  2  6  1  8
  6  2  9  2  3  5  0  3  9  5  2  2  4  2  3  8  3  4  3  6
  8  8  9  3  3  1  4  0  7  2  5  1  4  6  6  3  5  7  2  8
  2  1  5  7  8  2  8  8  0  6  6  1  6  3  6  8  5  8  7  2
  7  5  2  8  1  9  6  5  1  0  9  8  3  3  6  4  8  5  5  2
  2  6  4  1  5  6  9  1  4  9  0  5  4  1  9  7  3  6  3  6
  1  5  6  9  9  5  2  9  6  3  6  0  8  6  9  4  6  4  8  9
  9  6  6  4  4  3  9  4  1  8  8  3  0  3  7  5  3  3  3  4
  6  8  9  3  3  1  4  9  5  7  8  6  9  0  2  3  4  3  9  6
  7  2  4  9  6  1  1  7  3  3  6  6  4  8  0  9  4  9  5  2
  8  3  6  8  8  8  1  4  4  8  5  3  4  6  4  0  3  7  3  1
  6  5  9  5  5  8  2  1  4  3  8  8  5  6  9  3  0  5  1  7
  8  4  4  2  6  9  6  1  6  2  2  3  2  1  5  8  7  0  6  9
  2  1  2  2  5  1  5  8  9  3  2  4  5  1  2  4  6  1  0  5
  1  4  2  2  8  8  3  8  1  5  2  1  7  3  2  7  2  9  9  0
M8
  0  3  9  5  5  3  6  3  1  3  3  4  8  5  2  4  2  1  6  8
  1  0  8  3  8  2  8  2  5  3  8  8  4  9  4  2  6  2  2  3
  3  2  0  1  1  6  6  9  6  9  6  4  4  3  2  9  1  8  2  3
  6  9  9  0  9  4  1  8  9  3  9  5  1  3  7  9  2  7  9  2
  5  1  2  7  0  7  4  4  6  3  8  9  8  4  4  4  6  6  6  6
  5  3  4  2  2  0  7  6  2  7  6  7  2  6  5  7  1  9  6  3
  9  9  1  9  4  8  0  3  9  1  4  1  4  6  9  1  2  1  4  8
  6  4  2  5  4  8  9  0  8  5  5  3  3  8  3  7  5  3  4  4
  5  6  5  3  4  8  7  3  0  5  7  6  2  7  2  3  1  8  9  4
  9  9  6  4  4  4  3  3  1  0  8  5  4  8  8  7  2  7  2  1
  4  3  1  4  7  4  1  2  1  3  0  5  8  4  6  2  7  7  1  3
  6  5  2  2  8  4  3  7  1  9  8  0  6  2  5  5  7  2  4  1
  2  5  6  5  2  8  7  2  9  4  6  3  0  6  2  2  6  7  3  4
  4  7  3  4  6  1  1  3  8  5  1  1  7  0  7  9  6  2  4  8
  6  6  3  5  5  8  7  3  3  3  9  6  6  2  0  4  7  6  9  6
  4  9  7  7  4  2  1  6  9  5  4  6  1  9  1  0  3  1  6  8
  1  8  6  5  2  2  3  2  9  5  4  6  1  2  7  2  0  1  4  7
  1  9  7  5  6  9  2  6  2  9  3  4  1  5  3  5  1  0  1  2
  4  5  2  5  3  6  3  8  3  3  1  9  1  5  4  8  7  9  0  5
  6  4  8  6  6  2  6  4  6  2  2  4  8  1  5  6  6  7  5  0
M9
  0  1  9  1  1  6  7  8  2  2  7  8  1  1  3  8  9  4  6  9
  7  0  3  6  6  9  6  9  2  5  4  3  6  2  8  9  7  1  6  9
  3  8  0  3  7  7  6  2  7  4  6  8  4  7  6  6  2  9  5  5
  6  5  6  0  3  3  1  2  1  4  6  5  1  1  5  3  6  7  8  1
  4  2  2  6  0  7  7  7  1  8  8  4  3  1  6  7  9  5  5  5
  9  1  8  1  4  0  5  7  7  9  4  8  8  9  4  7  4  4  9  2
  7  7  5  7  1  3  0  8  3  1  3  8  1  4  8  5  4  3  9  3
  4  2  4  8  5  5  9  0  8  9  2  3  9  8  9  1  2  7  4  8
  4  8  1  6  4  9  7  9  0  5  5  6  1  6  9  9  6  4  8  7
  3  4  9  9  1  6  6  3  4  0  2  7  1  9  7  5  4  2  6  4
  1  1  4  9  6  1  4  5  4  2  0  7  6  1  3  2  6  3  3  1
  1  3  2  8  1  6  1  8  8  8  3  0  3  4  4  4  1  8  2  8
  6  7  5  1  5  1  4  3  6  9  9  6  0  9  6  5  4  7  2  3
  8  4  6  9  6  6  3  2  4  8  6  9  4  0  4  1  6  1  5  4
  7  2  4  4  6  5  9  8  2  3  6  9  1  8  0  7  8  7  8  4
  8  6  5  3  7  3  2  7  4  9  9  2  8  2  6  0  4  1  5  6
  3  7  8  7  7  2  1  9  5  8  3  2  8  7  2  1  0  2  9  1
  5  9  5  7  3  8  2  6  1  4  8  5  6  2  1  9  2  0  7  9
  4  2  8  9  1  4  8  4  6  3  2  8  1  4  2  8  7  7  0  2
  7  2  8  6  1  4  3  4  4  8  3  3  5  3  6  5  2  2  6  0