50 10
  0 65  1 55  2 87  3 38  4 38  5 22  6 34  7 99  8 81  9 50
  0  4  1 99  2 72  3 19  4 90  5 63  6 88  7 59  8 51  9 99
  0 10  1 12  2 33  3 37  4 23  5 63  6  4  7  6  8 80  9 94
  0 87  1 40  2 50  3 75  4 59  5 38  6 98  7 45  8 55  9  1
  0 31  1  7  2 77  3  8  4 15  5 53  6 83  7  6  8 52  9 73
  0 52  1  8  2 83  3 63  4 72  5 73  6 76  7 27  8 64  9 58
  0 35  1 14  2 89  3 91  4 63  5 37  6 89  7 31  8  2  9  1
  0 89  1 68  2 90  3 38  4 48  5 68  6 22  7 95  8 59  9  8
  0 28  1  4  2 26  3 92  4 94  5 38  6 23  7 91  8 88  9 41
  0 45  1 63  2 93  3 25  4 12  5 10  6 70  7 94  8 11  9 97
  0 24  1 27  2  8  3 19  4 63  5 74  6 69  7 21  8 68  9 67
  0 68  1 61  2 86  3 42  4 46  5 27  6 30  7 72  8 16  9  1
  0 94  1 65  2 39  3 89  4 60  5 84  6 11  7 65  8 75  9 58
  0 71  1  7  2 13  3 80  4 72  5 65  6 89  7 41  8 94  9 73
  0 70  1 14  2 59  3 11  4 33  5 40  6 79  7  9  8 43  9 62
  0  2  1 16  2 99  3 84  4 50  5 97  6 29  7 56  8 23  9  9
  0 83  1  3  2 98  3 33  4 25  5 82  6 52  7 33  8  5  9 88
  0 85  1 31  2 76  3 42  4 14  5 98  6 68  7 98  8 53  9  6
  0 97  1 56  2 52  3 51  4 20  5 50  6 14  7 11  8 76  9 34
  0 65  1 67  2 43  3 18  4 50  5 23  6 99  7 51  8 60  9  5
  0 64  1 74  2 79  3 56  4 32  5 66  6  4  7  7  8 51  9 59
  0 38  1 59  2 64  3 83  4 87  5 56  6  3  7 94  8 96  9 16
  0 54  1 81  2  4  3 49  4 42  5 30  6  4  7 43  8 50  9 13
  0 26  1 43  2 19  3 14  4 70  5 27  6 33  7 47  8 38  9 80
  0 40  1 57  2 45  3  1  4 92  5 36  6 98  7 77  8 28  9 54
  0 75  1 11  2 80  3 23  4 10  5 19  6 44  7 89  8  8  9 96
  0 59  1 32  2 15  3 72  4 75  5 28  6 34  7 53  8 70  9 48
  0 38  1 21  2 43  3 24  4 57  5 66  6 13  7 34  8 51  9 72
  0 40  1 73  2 37  3 63  4 30  5 70  6 78  7 79  8 77  9 96
  0 89  1 75  2 49  3 15  4 45  5 79  6 15  7 85  8 83  9 91
  0 64  1 46  2 36  3 33  4 91  5 21  6 25  7  4  8 71  9 49
  0 84  1 34  2 33  3 93  4 20  5 26  6 35  7 12  8 41  9 92
  0 47  1 50  2 83  3  5  4 32  5 81  6 16  7 99  8 60  9  3
  0 62  1 47  2 28  3 78  4  9  5 61  6 37  7 80  8 25  9 45
  0 74  1 22  2 46  3 33  4 72  5 19  6 69  7 42  8 38  9 28
  0 38  1 81  2 71  3 91  4 11  5 91  6 82  7 89  8 97  9 37
  0 79  1 42  2 59  3 56  4  5  5 43  6 13  7 85  8 13  9 51
  0 57  1  4  2 15  3 99  4 17  5 34  6 51  7 46  8  5  9 96
  0  8  1 49  2 50  3 29  4 66  5 85  6 48  7  4  8 58  9 88
  0 46  1 24  2 53  3 15  4 17  5 73  6 53  7 58  8 22  9 83
  0 27  1 54  2 51  3 54  4 92  5 82  6 13  7 17  8 17  9 24
  0 28  1 29  2 56  3 46  4 10  5 15  6 46  7 98  8 51  9 58
  0 62  1 87  2 76  3  2  4 93  5 65  6 39  7 71  8 52  9 21
  0 34  1 38  2 48  3 90  4 36  5 42  6  1  7 81  8 15  9 25
  0 18  1 19  2 11  3 96  4 40  5 48  6 72  7 26  8  1  9 12
  0 63  1 65  2 35  3 93  4 74  5 28  6 28  7 80  8 99  9 85
  0 74  1 23  2 88  3  3  4 99  5 25  6 20  7 70  8 62  9 58
  0 26  1 77  2 59  3 53  4 86  5 84  6 90  7 49  8 72  9 48
  0 28  1 71  2 51  3 97  4 29  5 37  6 84  7 24  8 45  9 37
  0 78  1 90  2 13  3 51  4 70  5 88  6 38  7 41  8 90  9  3
SSD
M0
  0  6  1  1  8  3  5  4  9  3  5  3  7  9  7  7  1  8  8  9  6  6  4  5  3  4  7  6  4  4  9  6  8  5  6  7  4  8  6  1  5  3  3  6  4  2  6  7  3  3
  8  0  5  9  2  4  1  1  2  7  1  6  3  6  6  1  2  2  1  3  6  7  7  6  8  4  6  1  3  2  7  7  5  4  5  5  2  8  4  1  5  3  5  3  8  4  2  6  3  7
  7  9  0  8  7  3  5  7  8  9  9  3  9  1  8  4  2  6  9  9  7  5  4  8  6  1  2  5  8  2  4  4  5  4  3  8  3  5  7  6  2  5  5  5  6  7  5  1  4  8
  6  5  2  0  4  2  4  7  1  6  9  4  9  3  2  4  9  8  1  8  3  4  5  2  6  8  5  2  1  3  7  3  6  2  3  9  1  8  3  9  6  9  3  2  5  5  1  9  9  9
  1  5  9  5  0  4  9  3  6  2  7  6  5  9  2  6  5  6  7  3  5  3  2  2  5  3  8  4  7  9  1  7  6  3  5  9  2  3  1  7  1  1  2  6  2  9  1  9  4  4
  7  9  8  3  7  0  2  6  6  4  5  7  4  7  4  1  7  3  8  6  4  9  8  9  5  3  6  6  3  3  4  2  3  6  7  8  2  3  8  6  2  9  4  4  8  7  8  2  6  4
  5  3  3  8  4  8  0  4  8  1  9  8  7  9  2  3  7  7  3  1  9  8  3  5  7  2  9  1  1  1  3  9  4  4  2  8  2  3  4  2  4  7  8  2  5  5  5  2  5  4
  1  7  3  2  9  8  4  0  9  6  1  5  1  3  3  9  9  9  2  7  6  4  1  6  3  9  1  5  1  9  4  5  7  9  5  4  8  8  1  2  9  8  4  9  8  5  1  6  2  9
  7  8  3  8  7  5  3  4  0  8  5  8  5  5  6  1  6  8  1  7  2  7  9  4  3  1  5  7  6  5  9  5  4  3  1  7  5  7  8  7  4  6  3  4  9  2  1  6  2  2
  5  5  2  1  9  6  7  5  9  0  5  9  9  1  7  6  1  1  4  9  7  1  6  7  6  1  8  1  4  1  6  2  2  8  5  9  5  7  9  9  5  9  1  5  3  4  5  9  8  8
  3  6  2  3  2  8  6  5  4  1  0  3  3  6  7  9  5  8  8  1  5  5  4  3  8  5  1  4  7  6  5  5  7  4  5  8  1  6  1  6  7  9  2  6  9  9  9  3  8  7
  4  3  1  7  8  7  6  7  6  3  6  0  4  4  2  8  9  3  4  5  6  3  9  8  5  6  9  4  1  1  7  4  3  9  2  7  8  9  5  6  3  5  6  1  3  3  1  9  2  6
  9  4  6  9  7  8  5  1  5  3  1  8  0  2  1  7  7  4  1  5  4  3  3  1  3  9  8  3  9  6  1  4  3  5  7  8  9  6  4  1  9  9  9  6  1  1  3  7  2  5
  8  9  3  3  7  2  2  2  7  8  2  2  9  0  9  4  8  8  3  2  5  7  8  4  8  9  2  2  4  7  1  8  8  7  7  1  6  3  3  2  4  5  8  5  3  8  1  2  4  2
  4  6  8  4  1  7  7  3  8  3  7  1  5  7  0  2  8  4  7  6  2  3  3  8  5  3  5  9  8  5  6  5  9  7  1  1  6  5  8  9  4  1  2  6  3  1  3  5  1  7
  4  2  6  9  7  1  4  1  6  8  7  9  3  5  8  0  6  4  5  1  9  5  4  6  2  6  6  2  1  9  8  8  7  2  6  8  7  3  1  3  3  1  4  6  6  5  7  9  5  1
  7  2  6  4  4  7  3  5  7  2  7  4  6  4  5  3  0  6  6  4  6  7  2  9  4  5  8  9  1  3  6  2  7  4  1  9  1  2  2  8  7  5  2  3  6  5  5  6  9  1
  9  5  2  8  1  2  2  8  2  6  4  1  2  8  3  9  6  0  6  6  7  5  9  7  4  9  7  5  3  9  5  9  3  2  2  4  7  8  1  1  1  8  8  2  2  8  1  4  1  9
  8  9  7  1  7  2  5  3  2  3  6  5  5  4  9  9  6  8  0  7  7  3  7  9  7  7  3  8  7  5  9  2  6  9  3  7  3  8  9  2  8  5  5  5  8  5  1  5  7  3
  1  3  5  2  6  8  5  7  1  1  5  8  7  9  5  2  1  9  6  0  7  4  6  1  5  1  5  9  8  6  4  1  3  4  2  8  1  4  8  3  8  4  1  3  1  2  6  8  6  3
  5  9  7  1  7  4  9  2  2  5  4  9  7  7  1  6  3  8  3  5  0  3  3  6  3  4  7  9  3  9  2  8  9  8  3  6  5  9  2  8  2  6  6  7  7  7  7  8  4  8
  8  8  5  9  1  6  9  7  6  2  3  8  9  1  9  3  5  1  4  8  8  0  4  4  5  2  3  3  5  9  9  3  8  7  9  8  8  6  6  1  2  1  9  2  5  4  1  5  8  4
  8  1  4  8  6  6  9  8  8  3  1  2  1  9  8  9  9  9  9  1  4  7  0  9  9  9  4  7  4  7  9  9  7  5  6  4  3  7  2  6  7  4  7  5  1  2  8  4  4  2
  5  8  2  2  4  2  5  9  2  7  7  7  9  9  4  9  3  3  4  6  4  9  9  0  4  3  3  9  4  8  6  3  2  9  8  1  9  4  8  4  9  9  4  3  8  2  8  7  5  3
  1  1  4  3  5  5  5  7  2  3  7  9  9  4  7  3  3  4  8  1  1  3  7  3  0  5  7  2  8  7  9  9  6  5  4  2  4  8  8  4  8  1  9  8  9  4  5  7  4  1
  7  3  3  2  6  8  8  4  7  7  3  2  3  7  7  6  7  2  8  5  5  4  5  6  4  0  7  1  6  2  1  3  8  8  6  8  8  1  5  4  8  4  1  5  3  2  3  3  3  7
  1  1  7  9  7  5  5  3  2  4  4  7  3  8  7  7  8  6  3  8  6  6  3  6  7  7  0  1  2  3  2  9  3  2  5  3  5  6  8  8  3  2  5  2  5  2  1  3  1  5
  2  8  1  3  5  8  2  8  4  5  5  4  4  5  8  4  1  2  1  6  4  5  3  2  3  8  1  0  5  5  7  8  7  6  3  6  5  8  7  5  8  5  5  8  8  8  7  3  6  5
  7  4  2  2  3  3  8  8  7  6  9  7  7  5  7  4  3  7  1  3  9  5  8  5  2  6  4  9  0  7  5  2  5  5  1  3  9  1  6  7  5  6  2  4  7  7  8  3  7  2
  4  6  5  2  5  8  5  7  6  9  4  6  5  8  3  3  2  7  7  2  3  6  9  6  3  5  9  3  5  0  7  8  6  6  2  2  7  9  2  4  3  7  8  1  1  1  5  9  6  8
  2  2  5  8  4  8  8  2  8  5  1  6  4  4  9  6  6  8  4  2  7  4  7  6  1  3  2  4  8  4  0  4  6  2  5  3  6  1  9  7  2  7  7  4  5  4  1  7  4  8
  5  9  3  1  8  3  9  2  4  7  1  2  2  2  8  8  4  4  2  9  5  4  9  7  6  9  4  4  5  6  9  0  5  1  4  1  9  6  2  4  2  1  2  3  5  5  6  9  9  9
  9  9  3  4  9  3  1  5  4  1  3  6  2  9  1  1  7  8  8  1  2  3  2  1  4  2  8  7  3  8  8  9  0  5  2  5  1  5  2  4  5  6  7  5  3  7  2  8  8  9
  5  3  9  4  5  4  1  1  4  2  4  4  7  1  4  3  4  9  1  5  8  8  6  5  9  2  8  3  6  9  7  3  1  0  2  5  9  8  5  9  7  8  7  8  3  8  6  8  4  7
  1  8  2  3  4  5  4  9  2  3  6  7  3  4  4  7  6  8  7  8  7  1  4  9  3  9  1  9  6  6  7  5  3  6  0  1  4  5  6  2  5  5  2  2  9  8  7  4  3  6
  8  6  3  4  5  9  3  3  1  6  5  5  9  4  1  6  4  4  3  4  3  9  4  4  9  9  4  6  9  8  5  9  5  7  2  0  3  4  4  5  2  4  7  4  7  7  7  4  7  9
  3  3  3  6  4  6  7  8  3  9  5  8  6  7  5  5  7  9  5  1  9  2  5  8  6  9  5  3  2  8  3  3  5  3  4  5  0  6  9  6  9  5  9  8  2  8  9  3  8  1
  2  3  1  2  5  1  5  2  3  1  7  7  4  1  8  7  1  5  4  5  6  1  6  3  1  6  3  5  3  3  6  5  4  5  1  9  7  0  6  7  7  6  9  4  8  7  7  4  1  7
  2  2  3  1  7  2  5  1  3  5  6  2  5  6  3  2  4  7  9  3  9  9  4  3  5  6  7  6  9  6  2  2  1  1  3  2  6  2  0  4  8  5  5  1  3  6  2  2  2  7
  1  9  7  1  8  5  2  6  9  3  9  1  6  6  4  1  9  4  8  9  3  8  9  6  6  1  2  1  9  9  3  6  5  4  8  9  7  6  6  0  8  2  5  7  3  3  3  7  5  5
  5  3  4  2  7  3  6  1  6  8  8  6  1  2  3  2  6  2  2  6  6  2  4  2  2  2  8  9  3  3  4  8  4  9  1  6  6  8  6  8  0  6  8  9  6  3  3  2  5  3
  9  5  6  3  4  2  9  2  2  8  6  3  8  8  8  7  2  5  1  3  7  7  7  5  5  4  8  5  2  7  2  9  4  6  3  6  4  1  2  6  7  0  2  8  1  7  4  1  7  2
  5  8  1  7  4  8  7  9  5  5  3  7  1  2  3  3  4  4  9  4  5  7  5  4  2  5  5  5  7  9  1  9  2  8  5  5  4  6  9  9  7  3  0  3  8  8  4  9  4  6
  5  3  7  7  1  3  2  7  3  6  8  2  1  1  8  7  4  2  4  9  5  7  8  3  3  9  7  8  2  4  2  8  5  1  6  5  8  1  9  4  7  4  5  0  4  3  8  5  2  8
  7  8  9  7  6  7  5  1  4  8  7  9  4  4  1  3  7  6  7  5  9  1  4  7  5  1  9  2  2  6  2  9  7  6  6  6  6  1  8  1  8  7  8  9  0  4  3  1  7  4
  6  2  7  3  4  3  1  7  7  4  5  3  3  2  4  3  3  6  3  9  8  4  3  2  2  1  7  3  8  1  3  8  3  2  2  1  8  4  2  9  9  1  5  6  5  0  3  4  2  4
  5  3  3  6  4  6  2  9  3  2  2  8  6  8  7  9  5  1  3  6  8  4  2  2  6  6  1  1  9  2  4  1  9  4  6  9  5  2  4  8  1  7  4  4  4  8  0  7  4  7
  9  5  6  6  5  4  8  4  5  4  7  4  7  1  8  9  2  9  8  4  3  1  1  1  5  2  3  5  1  1  1  6  3  1  5  1  3  3  6  7  9  9  7  5  2  9  5  0  7  5
  9  4  6  8  9  7  7  6  9  5  1  7  4  1  3  8  9  2  1  7  8  9  2  3  1  3  4  4  4  5  6  9  5  8  7  3  3  2  8  3  2  5  3  9  8  4  7  8  0  5
  8  5  1  4  7  1  1  2  3  1  8  2  1  3  2  2  7  7  5  4  9  5  7  8  8  2  2  8  8  3  9  6  1  4  4  7  9  1  1  2  9  1  6  7  3  5  3  4  6  0
M1
  0  9  8  2  4  5  6  4  4  9  8  6  7  4  5  7  8  7  7  3  5  1  3  3  3  2  9  7  1  6  2  6  4  8  5  9  6  6  1  3  4  6  6  7  2  4  1  9  5  2
  9  0  9  6  3  8  1  9  1  8  9  4  9  9  4  7  5  5  4  7  5  9  8  5  5  2  5  2  5  5  2  2  4  2  7  3  3  6  8  9  1  6  1  1  6  8  7  8  1  5
  3  9  0  8  4  2  9  4  1  7  1  3  8  5  1  7  4  6  6  4  9  5  8  3  1  8  8  1  4  1  6  8  2  1  6  6  6  2  9  6  5  5  6  8  4  5  9  1  6  9
  2  3  3  0  8  3  7  8  2  3  4  7  6  9  4  3  7  1  6  2  6  5  4  9  3  6  9  3  5  9  8  4  7  9  4  1  5  5  6  9  7  2  5  1  4  3  4  4  8  4
  2  3  7  8  0  6  4  6  8  6  1  9  6  8  2  7  4  5  9  4  1  9  6  4  7  7  8  5  1  7  6  1  3  9  9  6  6  6  9  4  1  9  5  7  1  6  1  1  5  4
  5  1  6  8  9  0  6  2  9  7  7  3  2  8  6  8  9  1  3  4  2  9  8  4  2  1  3  7  1  2  9  7  7  2  6  9  5  8  3  9  4  6  7  9  5  2  9  9  3  9
  7  1  9  9  6  8  0  9  4  2  3  2  5  9  7  2  3  1  7  5  7  5  8  4  9  8  9  4  4  9  4  8  1  3  9  4  6  2  5  7  5  1  3  9  6  7  2  8  2  5
  6  9  3  6  7  5  8  0  1  2  4  9  1  6  3  2  8  7  3  7  9  3  3  9  1  7  7  5  5  1  5  4  3  6  9  6  9  3  9  1  2  8  7  9  6  2  1  5  6  3
  8  1  8  6  3  4  5  6  0  5  6  3  3  2  5  6  2  3  6  6  8  3  2  6  7  5  3  6  4  9  9  5  9  7  2  7  2  2  2  6  9  1  5  8  5  4  7  3  2  9
  3  2  6  2  3  8  1  4  3  0  7  2  5  5  4  9  8  6  6  6  5  3  3  6  7  7  4  5  3  4  5  6  3  4  5  5  6  6  6  1  3  3  5  6  4  7  5  1  4  6
  5  9  6  6  9  2  6  8  2  8  0  4  1  5  8  9  6  6  6  7  1  1  5  5  3  5  8  6  5  6  2  7  5  9  6  2  6  7  3  4  3  6  4  3  1  4  5  3  7  3
  4  2  9  6  2  3  5  2  7  5  8  0  7  1  1  8  6  5  6  7  8  3  3  2  9  6  8  4  9  9  6  7  8  3  7  2  7  7  5  3  8  3  7  8  9  4  7  5  2  1
  7  5  7  6  4  8  7  3  5  4  7  1  0  9  9  9  5  7  2  7  8  9  5  1  4  4  6  9  9  8  1  6  5  2  6  9  1  6  1  1  7  5  1  1  5  1  7  4  7  2
  7  2  6  8  9  4  4  6  8  2  9  1  5  0  6  4  8  9  5  1  4  2  1  7  8  1  8  1  7  8  4  9  3  3  7  8  2  2  9  4  6  7  2  7  7  4  6  8  4  1
  9  9  9  9  9  9  9  9  8  3  9  7  6  3  0  4  8  5  9  2  4  7  8  4  6  2  2  8  1  1  6  9  6  7  3  7  5  6  2  1  1  1  8  3  6  3  6  5  8  2
  6  3  7  2  1  7  6  9  7  2  9  1  1  8  1  0  5  1  6  9  2  8  7  4  5  5  6  8  3  5  2  3  7  5  1  8  3  1  4  2  9  4  9  1  6  4  3  9  4  6
  2  7  4  5  3  1  2  5  2  4  2  2  6  7  8  7  0  3  9  6  7  5  9  2  5  8  8  7  6  4  3  3  9  8  2  4  7  6  4  7  7  6  7  6  5  9  5  3  9  8
  9  1  4  7  8  9  3  8  9  5  2  4  8  4  6  9  9  0  1  9  3  9  8  3  8  4  6  7  4  4  4  7  5  5  7  3  8  3  8  7  3  1  7  3  3  3  1  1  9  7
  7  4  9  9  1  6  2  9  5  2  3  5  7  2  6  9  9  7  0  5  5  8  8  2  8  9  2  3  7  1  1  4  8  8  7  2  2  5  9  7  4  9  9  7  4  8  4  1  7  6
  5  2  5  5  8  9  8  6  9  5  6  9  2  1  8  6  1  8  5  0  7  9  6  6  9  5  1  8  6  2  4  5  1  7  3  6  5  7  8  9  8  4  6  6  7  4  5  9  5  8
  5  1  2  7  5  3  6  3  3  9  3  9  9  3  9  4  8  9  4  1  0  9  2  8  4  5  2  5  7  7  4  7  5  3  1  1  3  2  5  3  3  8  4  1  4  7  8  2  9  4
  5  8  3  7  6  1  9  8  3  7  5  8  7  9  7  3  4  5  5  6  9  0  7  4  4  7  8  6  7  9  8  4  9  9  3  2  9  6  3  1  7  6  2  4  1  7  5  7  2  8
  8  4  3  6  1  1  4  3  7  7  5  8  6  1  6  1  3  5  4  2  6  9  0  7  9  5  4  4  2  1  8  6  9  2  5  7  8  3  1  4  8  9  8  4  3  5  8  1  3  1
  3  1  5  3  8  2  8  8  5  6  2  5  4  5  6  9  2  4  7  2  8  7  2  0  1  4  9  6  1  4  3  4  3  2  2  8  4  8  5  2  9  8  2  6  7  2  6  8  9  3
  6  3  8  1  7  9  4  7  7  7  3  3  6  3  9  3  9  1  7  5  2  4  6  1  0  2  6  4  9  4  2  9  2  7  6  9  3  5  8  1  4  9  1  9  4  7  5  5  5  2
  6  9  7  3  4  7  2  1  4  5  7  4  7  8  1  6  7  9  3  2  6  7  2  5  6  0  1  7  7  3  1  8  6  3  1  6  9  1  6  9  9  9  8  4  1  1  3  7  8  4
  6  9  5  4  3  1  8  5  3  9  8  3  7  6  4  3  5  9  6  8  3  1  9  6  6  3  0  7  4  9  5  9  9  4  7  4  4  6  9  4  2  1  4  9  4  1  2  6  5  6
  7  1  1  6  6  1  1  1  5  1  6  3  9  2  5  1  5  3  6  2  7  2  6  3  7  4  3  0  5  8  7  8  8  7  4  8  3  3  5  7  7  3  5  9  4  5  9  4  1  7
  3  5  2  2  8  6  5  5  3  1  1  6  3  2  5  4  8  7  7  1  8  3  3  5  4  8  4  1  0  4  1  9  7  2  2  5  1  9  8  7  1  1  9  6  7  6  8  8  3  5
  9  3  3  4  7  4  2  2  3  7  1  3  7  8  8  4  3  8  2  6  3  2  8  3  7  3  8  1  2  0  7  3  8  2  3  2  1  9  3  2  6  8  5  1  2  8  6  8  1  8
  9  7  9  5  1  6  6  2  1  9  2  6  4  5  7  1  8  1  2  6  8  7  2  7  7  7  8  6  5  6  0  3  7  6  8  4  3  1  5  2  1  8  4  1  6  1  7  4  8  1
  6  7  1  8  3  3  1  4  4  2  1  5  9  1  1  2  4  5  4  7  6  1  3  1  4  3  7  1  6  1  6  0  8  3  6  9  3  6  9  9  4  9  4  6  7  3  8  3  3  4
  4  1  9  6  6  2  6  4  9  3  5  9  5  3  7  4  6  3  6  2  9  7  6  1  8  4  5  1  7  3  8  5  0  1  4  1  5  2  6  3  6  8  7  8  9  8  6  1  1  9
  8  5  5  2  6  7  6  6  6  9  3  7  5  8  5  2  3  7  3  6  2  8  6  7  5  6  7  5  4  3  3  3  1  0  7  5  6  5  4  6  6  3  2  9  4  3  6  5  1  5
  3  5  6  4  6  1  6  4  7  5  8  2  5  9  2  9  1  9  4  8  1  8  9  3  7  5  4  9  8  1  3  6  1  4  0  1  3  8  9  6  1  7  7  3  9  5  6  3  2  9
  7  3  3  8  7  7  6  1  1  9  6  6  4  1  7  8  5  1  3  8  3  7  2  4  3  3  7  5  2  4  8  9  7  5  3  0  7  4  3  7  3  3  2  5  5  8  8  2  3  7
  4  9  7  5  1  6  1  2  8  9  6  2  7  4  4  6  5  6  2  9  6  2  9  6  6  3  1  8  5  4  3  5  4  4  9  2  0  7  1  5  9  8  9  6  8  6  5  8  1  3
  4  5  7  6  5  4  4  7  3  9  6  1  2  8  4  6  1  4  6  9  5  8  5  8  8  6  5  6  7  1  6  5  9  9  1  8  2  0  3  9  1  9  7  5  6  2  9  6  3  8
  5  1  9  6  6  7  1  3  4  3  4  5  1  3  9  8  6  6  2  1  6  5  8  8  8  5  4  7  5  8  3  6  8  6  1  8  3  1  0  9  4  3  2  2  8  8  8  6  6  9
  2  8  4  3  3  4  9  2  9  1  4  9  9  8  4  7  3  5  7  6  2  7  7  6  8  4  1  5  9  1  2  3  5  1  7  8  6  3  6  0  6  3  3  9  9  7  7  6  7  9
  1  9  2  8  4  4  7  3  8  4  8  5  8  1  4  2  6  6  3  2  4  1  2  2  2  6  1  5  7  6  9  6  3  7  1  2  3  1  3  4  0  2  3  2  4  2  8  4  9  1
  3  6  5  7  6  4  2  1  8  8  4  8  8  3  6  9  8  2  2  4  7  2  1  7  6  3  2  1  9  9  2  3  5  5  4  3  2  7  1  8  3  0  9  6  6  3  3  5  5  4
  4  6  9  5  6  3  7  3  4  9  5  4  1  4  7  2  5  2  3  6  3  2  9  8  8  1  1  1  6  1  2  6  5  1  3  3  5  5  8  5  2  1  0  7  9  4  1  9  9  4
  1  1  4  6  3  8  2  4  1  2  4  4  7  4  8  3  5  6  2  4  9  4  4  7  1  1  7  2  5  8  4  6  6  7  5  5  4  1  3  3  8  2  8  0  2  3  4  4  6  1
  5  7  2  8  4  4  3  4  5  4  4  9  6  6  2  1  4  5  2  1  7  4  9  8  5  6  7  8  5  3  2  3  8  1  9  3  3  1  5  8  9  9  5  2  0  2  3  9  7  9
  9  9  8  3  1  8  6  1  6  5  5  3  5  1  8  5  7  2  8  6  9  1  4  7  4  8  8  7  8  5  4  8  4  2  9  8  4  2  1  2  3  6  1  6  1  0  8  4  3  9
  8  2  4  2  2  1  5  1  2  8  8  1  2  4  4  7  6  5  3  7  9  2  5  6  4  9  3  6  1  5  8  2  5  9  3  1  7  2  1  4  5  3  2  8  5  2  0  8  2  8
  8  1  1  6  9  7  5  2  3  4  6  9  4  8  4  9  9  7  3  9  5  7  3  2  3  9  5  4  2  5  8  9  5  4  7  5  7  2  6  3  1  4  6  4  8  5  6  0  2  9
  3  8  4  2  2  5  5  3  3  9  7  9  5  5  2  6  6  2  6  5  5  8  4  5  5  5  7  4  5  8  3  6  2  9  4  4  5  8  4  9  9  6  9  2  1  8  7  8  0  3
  1  8  6  7  9  3  1  4  3  1  4  2  5  2  1  6  3  9  1  7  1  9  2  7  9  2  1  9  8  5  3  6  5  3  7  4  6  4  5  5  4  2  4  1  7  2  7  6  5  0
M2
  0  7  3  7  6  1  2  4  1  2  5  8  1  7  3  4  9  2  3  3  8  3  3  2  2  4  3  4  4  2  6  8  1  9  8  8  2  4  7  9  1  8  3  4  3  4  3  3  7  1
  7  0  7  3  6  9  5  1  3  8  6  7  4  5  3  2  2  6  2  3  5  9  5  9  2  7  4  2  5  2  9  8  3  5  2  9  8  2  5  7  4  4  5  4  3  4  1  9  5  3
  6  5  0  9  6  5  5  5  1  2  8  1  7  7  2  7  1  5  9  2  7  4  1  4  4  2  1  4  6  9  7  4  9  3  4  7  6  6  4  1  7  5  1  4  5  2  7  7  7  3
  2  8  4  0  4  4  1  1  5  3  6  2  3  3  4  7  5  4  9  5  3  9  8  1  4  2  2  9  2  3  4  7  8  4  1  5  2  6  1  8  2  1  4  5  4  9  6  9  6  1
  1  1  8  4  0  9  3  5  7  5  3  1  7  8  7  4  4  8  4  1  6  4  9  2  2  4  6  2  3  6  5  8  3  5  3  9  7  4  3  4  4  6  3  4  8  2  3  3  2  1
  1  5  4  8  9  0  4  7  4  1  2  8  4  5  3  3  1  3  5  1  1  3  2  1  4  8  9  8  7  7  3  3  1  7  3  6  5  2  7  2  2  4  4  2  2  4  9  4  1  2
  7  2  1  2  5  9  0  4  5  8  4  4  9  6  4  1  9  6  8  4  8  7  2  5  6  3  8  2  8  1  7  2  5  4  9  8  5  1  6  7  7  6  8  1  4  6  4  3  9  3
  4  1  9  6  5  6  7  0  1  3  8  1  1  3  5  9  3  5  3  1  5  2  7  2  9  1  2  1  7  3  5  3  5  5  7  4  3  9  2  6  4  3  1  9  6  2  6  6  4  7
  3  3  9  9  8  9  9  6  0  1  9  4  8  3  8  2  8  5  2  5  6  1  7  2  4  8  2  3  8  5  8  8  8  9  1  8  3  9  3  5  5  1  9  4  7  7  3  7  4  5
  2  9  7  5  8  3  8  7  1  0  5  2  1  7  8  6  8  4  9  1  6  1  4  8  8  4  8  6  2  1  7  7  2  7  4  2  7  7  3  2  5  6  3  5  2  3  8  7  5  8
  2  3  1  7  5  1  5  8  2  2  0  4  9  1  4  4  5  6  3  1  1  3  5  5  4  3  6  1  1  3  2  6  9  1  4  1  5  1  1  8  4  5  8  2  8  8  1  3  5  8
  6  3  2  1  4  1  3  9  8  6  8  0  1  7  9  5  1  4  9  4  2  5  9  2  2  9  4  4  1  3  6  9  2  5  9  1  4  5  5  3  1  9  9  3  6  8  3  3  7  3
  2  4  5  3  3  4  4  8  4  2  3  5  0  1  9  8  6  2  3  2  2  4  1  7  7  8  9  7  4  3  4  7  2  5  6  4  7  7  7  8  3  2  3  9  2  4  3  3  3  8
  8  8  6  3  5  1  9  7  6  4  1  6  6  0  3  9  3  9  6  2  4  1  3  1  4  4  7  1  7  3  4  7  8  5  8  3  5  4  3  7  5  2  7  5  8  9  6  8  9  7
  1  8  9  6  2  2  7  5  2  4  3  7  6  9  0  6  6  8  5  5  9  8  8  6  5  2  4  9  7  8  6  6  8  7  6  2  5  1  5  3  8  8  2  5  5  7  4  2  9  8
  8  2  6  7  7  6  1  1  1  7  7  7  3  5  8  0  6  6  5  2  7  8  6  5  5  6  5  9  6  1  7  7  5  8  1  5  5  7  5  6  4  5  5  7  7  3  4  3  8  6
  5  4  2  2  8  6  1  4  7  4  5  2  6  4  9  3  0  8  1  5  8  7  6  9  2  2  5  1  8  3  2  4  4  5  3  5  6  8  4  5  4  7  3  7  6  6  5  2  5  2
  4  8  6  3  9  7  4  3  1  9  4  6  1  5  4  1  6  0  2  3  5  1  7  4  6  7  4  6  3  5  2  4  2  4  6  5  4  8  1  6  1  1  1  9  9  3  8  6  9  2
  2  7  8  2  5  2  2  3  7  2  3  3  4  4  4  5  5  7  0  8  4  5  1  4  7  3  2  5  3  1  4  2  7  4  6  5  8  6  7  4  1  3  1  6  2  5  1  9  7  4
  7  6  9  4  5  1  7  1  4  1  2  7  1  3  4  1  5  8  1  0  1  9  4  3  9  7  9  6  4  2  3  8  5  5  6  1  6  8  1  4  9  8  7  1  9  1  7  1  1  6
  2  1  1  8  1  8  5  5  5  1  3  3  7  4  8  6  3  4  1  8  0  4  4  3  4  1  7  9  6  2  1  2  1  2  3  7  9  7  8  1  2  1  6  1  4  3  8  5  7  1
  6  6  1  7  9  3  6  3  3  3  9  5  3  6  1  7  7  1  5  7  5  0  1  9  5  3  5  5  3  5  4  7  2  5  1  4  6  5  6  9  5  1  4  9  9  7  6  2  9  9
  8  8  3  4  2  6  2  6  1  5  3  1  1  4  6  4  1  4  2  8  6  4  0  7  6  9  4  5  9  3  5  3  1  8  9  9  5  3  5  7  5  5  3  1  8  2  6  9  8  5
  2  3  4  6  5  9  6  9  6  1  1  9  1  5  3  9  8  2  1  6  7  1  9  0  4  1  5  8  4  5  8  4  6  8  7  3  2  1  7  7  3  5  7  1  4  7  9  1  5  9
  4  7  9  8  5  9  1  3  2  1  8  3  6  1  5  2  1  6  5  3  5  2  3  7  0  8  1  5  6  3  7  2  7  9  7  1  8  8  7  5  5  3  4  1  2  8  5  6  1  3
  4  9  7  4  7  2  7  2  5  9  6  4  4  8  1  1  5  2  2  3  9  9  3  9  4  0  9  8  5  6  2  2  3  8  9  3  5  8  9  4  1  8  8  7  7  9  9  5  8  5
  1  5  2  4  1  2  3  1  1  5  4  1  2  9  6  1  8  3  3  4  1  4  1  6  7  5  0  9  1  8  1  7  7  6  2  3  5  2  7  6  2  8  1  6  7  2  7  8  4  6
  2  5  6  2  8  7  3  4  6  6  4  6  1  5  1  1  6  6  9  8  7  4  3  6  3  8  9  0  5  5  2  3  2  1  9  6  2  5  8  4  7  6  7  3  3  7  9  5  8  5
  8  5  6  3  6  5  5  2  4  7  1  3  9  3  4  5  9  1  4  7  7  2  5  7  1  9  1  5  0  4  1  1  7  9  9  9  6  4  6  1  5  6  4  1  8  7  7  8  1  5
  1  4  9  1  8  8  1  7  3  4  9  9  8  8  9  5  6  1  4  8  2  2  8  4  5  6  5  3  4  0  2  7  9  4  6  2  9  5  9  4  2  1  3  9  4  7  7  7  4  7
  7  7  4  4  3  2  3  3  8  1  9  1  3  4  4  8  7  1  6  2  8  9  9  8  4  1  6  8  5  9  0  3  9  5  6  6  8  7  6  8  2  7  1  3  2  9  3  4  1  8
  7  4  7  8  7  9  8  4  7  7  6  2  6  9  4  3  6  2  8  6  2  2  1  3  5  1  7  6  5  9  7  0  1  4  9  1  8  3  3  8  9  8  4  4  1  9  4  1  3  3
  6  2  5  5  9  7  3  1  1  4  6  2  2  3  5  1  1  6  7  7  6  2  9  4  2  2  2  3  9  2  5  3  0  2  7  7  9  9  1  6  7  4  2  1  8  9  8  7  5  5
  9  3  5  3  4  6  6  7  8  1  8  5  1  8  8  6  5  9  9  9  3  5  2  4  5  4  1  5  9  6  5  2  8  0  9  5  3  5  7  4  6  1  5  2  1  4  6  2  1  6
  4  6  7  4  4  9  7  6  7  7  8  3  3  9  5  5  6  2  9  3  2  2  3  7  7  4  8  5  5  4  1  1  3  9  0  2  2  3  4  8  8  1  5  4  9  9  4  1  5  1
  6  7  3  9  7  8  5  4  4  9  4  6  1  6  9  7  6  6  3  9  9  5  2  4  2  2  6  5  5  6  8  3  9  1  1  0  7  3  7  2  3  2  5  1  1  7  5  3  4  4
  3  3  2  7  1  8  3  6  2  6  7  4  3  7  3  5  9  8  7  5  8  8  2  9  7  8  5  3  6  1  4  7  6  6  1  7  0  7  4  7  1  6  8  9  1  3  6  9  8  6
  4  7  5  7  9  1  4  2  2  3  2  6  2  1  5  8  6  7  2  7  5  7  5  5  4  1  9  1  4  7  9  4  7  8  2  1  9  0  3  9  6  2  4  7  9  6  7  3  6  4
  5  1  2  4  6  3  2  3  1  9  1  2  5  8  2  1  9  6  7  7  3  9  5  4  1  8  3  5  7  6  9  3  6  2  9  6  8  3  0  7  3  9  4  9  2  1  5  7  1  8
  1  4  3  2  9  3  6  3  4  4  5  9  6  9  9  8  3  4  4  3  1  7  4  9  4  4  1  9  3  2  7  6  7  2  5  5  7  6  7  0  6  2  6  7  1  8  5  8  7  3
  7  4  4  2  6  8  1  7  3  9  4  3  8  8  9  5  2  7  1  2  6  8  3  7  7  1  7  6  1  6  3  3  1  7  7  4  4  8  5  4  0  9  4  2  1  8  5  6  7  4
  2  3  1  5  7  1  6  8  5  1  8  5  6  3  6  6  8  4  5  7  4  9  8  4  7  7  7  6  4  8  4  4  9  3  5  2  5  5  9  4  7  0  8  1  9  8  6  9  7  5
  3  6  9  8  6  2  8  7  8  5  4  9  2  8  2  6  8  6  7  7  3  5  5  7  1  3  7  7  1  2  3  3  5  1  5  4  1  8  7  3  8  1  0  4  1  2  9  9  6  6
  1  4  7  6  2  8  1  1  7  8  1  9  7  7  9  9  7  3  2  5  1  8  2  1  7  5  1  6  3  6  8  3  3  8  6  5  9  3  2  6  4  1  9  0  9  8  4  4  9  4
  5  7  9  9  3  2  6  4  2  5  6  7  8  4  1  6  8  2  2  3  5  9  1  9  2  9  2  8  2  6  9  8  8  7  7  3  4  6  2  4  1  9  1  4  0  5  9  4  7  7
  7  7  4  9  8  2  7  9  2  8  1  1  2  5  5  1  9  3  7  6  3  5  7  2  6  5  2  5  1  2  5  2  3  6  7  5  5  1  1  2  5  9  4  6  3  0  4  8  1  9
  1  4  8  6  7  4  5  5  9  6  2  3  7  2  9  9  6  1  5  5  1  7  5  4  8  6  5  1  6  5  9  4  7  6  9  8  1  7  4  8  5  9  2  4  1  2  0  9  5  5
  9  7  9  5  5  3  9  9  8  9  3  3  4  4  1  1  5  4  1  7  9  7  5  6  1  8  6  9  3  2  9  6  7  5  4  4  8  4  4  9  8  7  9  9  2  7  5  0  7  4
  1  9  5  5  8  8  2  2  6  3  8  6  1  4  9  9  8  5  7  9  5  3  3  8  7  3  4  4  8  3  5  3  5  7  7  8  6  1  3  8  2  3  4  2  7  6  4  2  0  3
  8  8  3  3  8  7  7  8  6  5  6  1  4  5  5  6  1  4  4  1  6  5  6  3  6  1  3  2  6  1  2  6  9  9  5  7  2  4  9  6  9  9  5  3  2  6  7  6  1  0
M3
  0  8  2  4  4  1  1  4  5  4  4  8  3  2  5  5  6  2  2  1  8  7  5  5  1  7  6  4  4  4  7  6  1  2  4  7  3  7  8  4  3  2  1  8  5  2  5  3  9  4
  4  0  1  8  3  6  3  2  4  7  2  3  5  1  5  2  6  4  6  4  2  6  5  8  6  3  3  7  7  8  5  2  5  9  6  3  3  6  5  4  8  4  8  6  3  5  3  6  6  8
  6  4  0  8  4  9  5  5  8  5  6  1  5  8  6  1  8  1  8  5  2  5  4  1  3  4  4  3  5  9  7  4  2  5  2  2  8  4  6  6  6  6  6  3  1  2  9  2  3  8
  9  8  1  0  2  4  3  7  8  3  2  2  5  4  9  1  5  8  9  6  9  7  1  9  6  5  5  6  1  4  9  2  5  8  5  1  9  6  9  6  3  7  3  2  2  9  5  7  6  4
  2  3  4  5  0  7  4  8  7  3  2  1  1  4  4  8  1  9  6  8  7  7  6  7  9  3  2  5  3  3  3  2  5  1  3  3  6  8  9  6  2  7  6  4  1  1  5  3  6  2
  9  6  9  6  6  0  4  8  3  6  2  5  4  3  3  9  9  5  1  2  7  6  9  5  7  7  5  3  4  4  2  2  3  9  7  4  4  2  4  7  1  7  4  7  1  4  9  2  8  7
  6  9  2  9  7  4  0  1  4  8  7  4  8  8  7  6  6  1  1  8  9  8  4  7  6  7  8  2  8  2  3  7  6  1  4  3  9  7  5  1  2  3  9  8  6  1  1  5  2  4
  7  2  8  9  4  7  5  0  6  5  2  5  8  8  7  5  3  4  8  1  9  6  5  1  8  2  9  3  4  2  4  6  6  6  4  4  1  9  5  3  5  4  6  8  1  1  1  1  2  5
  1  4  4  1  5  6  5  4  0  9  7  3  4  9  5  2  1  5  6  8  3  6  4  7  1  4  1  2  5  9  7  9  9  7  8  3  8  6  1  1  7  1  4  6  2  9  4  6  2  7
  6  2  8  5  3  9  7  6  6  0  5  6  5  1  5  6  2  8  8  6  7  8  2  5  1  5  7  7  3  3  5  2  2  6  4  4  5  4  1  3  6  9  9  6  3  3  1  2  5  3
  3  7  2  8  1  4  7  6  5  7  0  9  2  9  3  6  7  7  4  2  6  2  1  6  9  2  4  5  6  6  7  9  9  5  5  3  5  1  7  9  8  2  2  9  4  6  9  6  3  1
  1  2  6  5  7  3  5  2  4  8  8  0  9  7  9  2  1  6  5  7  6  4  2  5  7  7  7  5  3  2  1  1  2  4  9  4  8  3  3  8  1  2  8  2  3  3  6  7  4  7
  2  8  1  6  1  2  7  3  2  9  8  6  0  8  2  9  6  9  1  6  6  8  2  1  3  4  4  6  3  1  5  2  1  7  5  9  7  4  1  1  5  8  3  9  4  8  6  7  9  5
  2  5  5  3  6  5  4  7  3  9  1  1  3  0  4  3  3  3  6  4  2  3  6  1  4  1  5  5  6  5  8  3  6  1  8  3  3  6  3  5  6  9  2  8  1  4  9  8  3  6
  5  5  9  6  4  4  8  9  6  6  7  3  8  3  0  8  8  3  7  2  5  9  2  1  8  3  7  8  9  4  8  1  6  8  8  8  2  2  6  8  2  9  8  5  4  9  9  7  5  7
  1  4  6  7  2  9  8  6  6  1  2  7  5  9  2  0  7  2  6  6  2  5  6  8  6  3  7  4  2  8  9  8  8  6  8  3  4  8  3  4  2  3  3  7  8  5  7  8  4  8
  2  3  5  1  5  2  1  9  4  4  7  5  4  7  9  7  0  4  5  8  2  8  6  2  3  2  1  5  3  4  7  6  6  5  5  8  6  6  6  6  5  4  5  6  2  3  7  6  3  5
  5  6  5  1  3  8  3  1  6  5  9  8  9  2  5  8  6  0  1  4  5  9  9  8  3  3  1  9  8  7  1  6  5  1  5  1  6  8  4  8  1  9  9  8  9  1  5  6  8  2
  8  3  7  8  4  3  8  5  9  7  3  5  2  3  2  6  4  8  0  6  4  1  4  4  7  3  9  3  6  6  2  8  4  4  5  5  7  6  7  9  5  7  2  5  6  7  8  4  3  7
  7  5  4  4  2  2  6  3  3  8  3  8  5  7  1  6  4  9  2  0  3  3  2  9  9  4  1  5  6  1  1  4  9  4  9  1  6  2  9  1  3  1  4  7  3  3  1  9  5  5
  3  1  3  7  4  6  5  3  9  6  4  2  9  2  5  3  5  9  4  9  0  8  1  9  7  9  6  4  8  1  1  8  5  8  1  1  4  2  8  6  6  3  9  8  1  7  2  9  1  6
  8  9  4  2  9  6  9  7  9  4  6  7  3  5  8  7  9  7  9  1  7  0  7  8  3  2  5  6  3  6  9  5  2  9  3  1  9  5  9  2  7  9  7  6  3  2  7  6  9  2
  8  9  5  7  6  5  3  9  1  6  2  6  5  9  8  7  3  1  9  1  5  2  0  7  4  6  2  2  3  8  1  2  7  6  6  2  6  5  6  3  9  7  7  9  2  3  1  9  2  6
  8  8  7  7  3  3  5  3  6  1  5  8  5  2  1  1  3  4  3  9  8  3  5  0  3  3  7  1  6  6  2  1  2  7  7  4  1  1  7  6  9  4  3  1  1  1  9  2  5  9
  8  6  5  3  6  9  8  3  8  5  2  7  3  3  3  8  4  6  8  2  1  2  6  7  0  7  4  2  6  3  4  4  9  5  2  8  4  8  2  4  6  6  2  6  6  7  7  4  4  3
  1  7  1  1  3  6  2  9  4  1  5  3  7  7  7  4  7  9  8  6  6  1  3  4  1  0  9  1  1  7  1  6  8  5  3  2  9  7  9  6  4  8  9  1  3  1  3  1  9  4
  1  6  7  7  6  5  2  4  4  8  1  4  7  3  3  8  1  4  8  6  7  2  5  5  1  4  0  8  7  1  1  4  7  5  6  2  3  9  8  3  3  2  5  2  2  9  1  6  3  5
  7  8  6  3  1  9  7  5  5  9  2  7  1  9  7  9  2  7  2  2  9  3  2  3  4  1  9  0  7  9  8  3  5  1  5  3  4  1  6  7  9  3  4  5  6  3  1  1  3  4
  8  4  2  8  6  4  4  6  5  5  4  7  9  1  2  3  7  2  3  2  3  3  1  4  3  7  8  2  0  9  1  2  2  1  4  3  5  1  2  8  6  6  4  4  2  2  1  1  3  7
  2  7  7  5  4  2  2  4  4  8  5  5  5  2  3  8  3  8  4  8  4  5  4  4  3  1  4  9  7  0  5  6  2  6  1  2  8  4  2  6  9  2  8  5  5  8  9  6  2  4
  9  5  1  2  9  4  8  5  8  2  5  5  8  7  1  9  7  2  4  4  4  8  3  8  2  3  6  6  1  8  0  9  1  5  4  9  8  1  1  7  9  9  8  4  6  9  4  7  8  9
  3  1  1  9  1  3  2  5  7  5  6  5  9  6  2  2  3  6  7  5  1  6  3  8  2  6  2  8  7  6  3  0  6  6  2  1  5  1  3  9  1  7  3  6  6  4  3  9  8  4
  2  3  9  7  3  9  5  6  3  5  2  9  7  1  8  3  3  1  7  1  6  2  8  1  5  6  1  5  1  3  4  7  0  4  6  5  6  8  7  3  2  6  8  3  5  6  3  5  4  1
  4  2  5  4  9  6  7  9  5  5  6  2  6  4  9  8  9  8  1  7  1  5  5  6  7  1  4  4  4  5  8  1  6  0  6  7  3  8  1  7  1  1  5  5  3  2  9  8  3  9
  2  4  8  5  5  5  4  2  8  6  7  2  4  7  9  4  4  9  2  2  3  6  5  3  2  6  3  1  5  7  2  5  6  4  0  2  7  2  2  3  5  1  8  6  3  9  8  4  4  4
  6  8  7  5  9  7  7  9  8  4  5  5  4  1  1  2  9  1  5  7  5  1  3  4  2  8  4  9  6  3  6  3  2  9  9  0  6  5  4  3  8  2  5  4  4  9  7  9  2  2
  1  3  9  3  6  9  9  7  3  1  3  1  7  3  8  5  9  2  2  2  7  7  7  2  2  8  3  3  3  4  1  2  3  6  1  2  0  9  4  7  6  3  1  1  4  8  3  5  3  1
  4  3  9  5  3  6  4  8  4  1  3  2  2  2  1  3  6  6  5  1  9  8  7  8  9  9  8  2  2  6  2  3  9  9  1  4  9  0  9  7  1  3  1  3  2  5  1  8  3  6
  4  9  5  3  9  4  3  3  4  5  2  9  9  3  9  1  2  4  5  7  3  1  6  6  5  1  3  2  5  1  3  5  1  5  5  6  8  6  0  3  9  8  8  8  8  1  1  1  6  5
  9  9  4  3  7  3  8  7  8  6  6  9  1  5  3  1  2  6  9  9  4  6  8  8  9  5  4  9  9  4  2  6  7  4  8  8  7  1  1  0  6  7  4  2  5  8  5  6  1  2
  4  3  3  7  9  1  5  6  4  3  2  4  9  1  6  3  6  2  1  5  6  5  4  1  6  3  4  3  7  2  4  5  4  1  3  4  6  3  7  8  0  4  2  5  2  8  6  8  8  2
  4  5  8  9  5  3  4  1  6  8  6  1  4  9  4  4  4  2  8  3  4  2  1  7  6  3  4  2  9  6  1  9  8  8  2  6  7  7  9  9  1  0  7  5  4  8  7  5  3  5
  7  4  7  2  5  5  6  5  6  1  2  2  7  2  6  2  1  3  4  4  9  9  7  1  3  5  9  4  4  4  2  2  9  4  5  2  2  5  7  6  8  6  0  8  9  6  9  6  2  9
  2  1  7  4  6  1  7  2  2  9  8  9  2  8  3  6  6  1  7  8  3  3  9  8  1  5  4  9  1  5  7  6  8  3  1  2  9  4  1  4  4  4  4  0  2  5  7  9  3  2
  3  7  7  8  6  7  6  1  2  7  7  4  7  2  2  1  8  3  5  4  2  9  2  5  1  2  3  1  3  7  3  1  6  3  5  5  2  8  4  6  4  2  5  9  0  3  2  1  2  1
  1  2  4  5  8  5  7  8  4  6  4  6  7  8  1  3  7  3  8  3  8  6  4  6  9  9  8  9  4  7  4  2  5  1  2  6  7  5  9  9  1  4  9  6  5  0  6  8  5  1
  6  8  1  4  2  9  6  3  8  4  5  3  4  8  9  6  4  3  4  4  8  1  7  8  4  9  3  6  5  3  9  8  3  7  6  3  5  1  8  9  5  8  5  6  9  7  0  8  5  8
  5  9  5  8  9  6  4  3  7  6  7  6  7  4  3  7  4  7  4  5  4  2  9  7  6  2  6  5  2  6  7  5  6  2  3  5  7  6  1  5  9  4  7  5  5  7  3  0  7  9
  7  9  4  3  6  1  3  3  1  6  8  1  5  8  5  1  6  3  2  6  3  4  9  2  5  4  6  3  8  7  5  7  3  4  6  1  9  6  6  8  7  1  2  5  3  5  9  9  0  6
  4  1  5  7  3  4  2  7  7  9  8  6  4  8  9  5  9  1  7  5  8  9  6  5  2  5  2  4  3  8  3  3  3  2  1  4  7  2  1  9  1  7  5  3  2  1  5  6  4  0
M4
  0  4  1  9  3  7  7  4  3  6  7  9  7  6  1  5  7  2  8  5  6  1  7  8  5  5  9  7  9  8  9  5  3  5  6  5  4  8  8  8  7  8  8  2  3  9  5  3  7  8
  6  0  8  2  4  3  8  2  1  1  5  7  7  2  4  8  7  9  9  8  1  7  9  9  5  4  6  3  8  9  6  6  2  6  8  5  4  7  1  4  7  7  6  5  9  5  6  6  8  7
  8  8  0  8  6  9  2  7  9  8  2  2  4  5  2  4  8  9  2  2  6  1  6  5  4  9  4  7  4  8  2  7  8  9  9  1  2  8  2  7  7  2  6  2  6  9  1  3  6  9
  8  6  9  0  6  3  2  8  8  8  1  6  9  8  3  9  5  2  5  7  3  5  6  9  6  4  5  9  7  3  7  2  7  7  8  2  3  7  2  9  6  1  9  2  2  1  7  1  3  7
  7  8  9  2  0  6  4  6  9  2  4  2  8  3  7  6  5  6  8  5  8  7  7  6  5  9  3  7  2  7  1  1  7  4  2  1  2  9  7  5  6  5  9  7  9  4  1  5  2  9
  1  6  6  7  8  0  9  4  7  1  5  9  9  4  9  6  5  8  3  3  7  6  3  7  5  6  6  1  6  4  7  5  2  1  4  3  1  1  9  6  1  3  6  4  4  5  8  4  6  7
  8  5  8  7  9  1  0  3  5  5  6  1  3  3  8  4  3  9  6  5  7  9  5  1  2  8  2  1  3  8  9  1  5  6  4  8  6  7  1  1  1  1  9  6  1  1  8  8  9  2
  2  8  5  2  1  4  5  0  6  4  1  2  8  8  6  8  7  9  3  4  3  7  8  6  6  2  9  1  1  2  8  6  5  8  3  8  7  5  6  6  1  9  3  9  8  9  8  2  7  2
  4  6  6  2  8  3  3  9  0  9  8  4  3  9  8  4  6  6  1  4  1  7  7  4  2  5  3  4  9  4  4  9  4  9  7  7  6  5  2  8  3  2  3  2  5  7  8  6  2  7
  4  7  5  2  2  2  5  9  5  0  3  6  3  8  9  8  5  7  8  4  2  3  5  4  6  7  2  3  3  3  7  3  1  6  6  7  1  8  6  2  1  8  6  6  3  8  8  9  7  5
  6  5  2  5  3  1  3  1  5  3  0  6  8  9  1  1  2  4  6  4  9  8  2  9  9  3  7  9  4  5  5  8  1  2  8  3  5  1  4  4  3  6  4  2  2  2  8  6  1  8
  7  5  3  6  6  2  9  5  7  3  5  0  5  5  6  9  7  7  6  1  8  5  2  8  3  1  2  8  3  2  9  7  2  4  3  2  2  7  6  4  6  8  3  8  4  7  6  9  1  4
  9  5  8  5  7  6  1  2  5  2  6  9  0  4  5  6  8  9  2  8  8  2  9  8  2  4  8  6  4  4  8  3  7  4  6  2  3  4  3  1  4  7  6  3  1  8  3  3  9  3
  9  9  6  9  5  8  7  5  3  9  3  3  9  0  7  5  2  1  7  4  1  5  8  9  7  3  9  1  4  1  2  1  1  4  3  9  2  1  7  2  3  2  6  7  2  4  6  2  7  5
  9  4  9  6  2  8  4  9  8  8  6  5  7  9  0  8  1  5  3  4  6  5  8  2  8  6  7  4  8  1  6  6  1  1  3  1  4  4  1  5  9  3  5  7  8  1  2  4  4  1
  7  9  8  2  2  7  3  8  5  9  8  8  1  3  4  0  7  4  9  2  2  5  8  6  8  8  4  3  5  6  5  8  6  9  2  2  8  8  7  8  6  5  7  2  8  7  1  6  1  6
  1  9  7  7  8  1  1  5  2  7  1  6  1  2  2  8  0  2  2  8  2  8  7  8  9  6  7  3  7  2  1  9  2  8  9  1  1  9  4  1  2  7  9  8  1  9  8  2  6  3
  7  7  2  7  8  7  1  9  1  2  5  1  2  5  5  3  8  0  5  1  3  3  5  1  3  9  6  8  2  7  8  7  2  5  7  1  9  1  4  8  5  1  2  4  7  8  3  6  3  9
  3  5  3  1  4  8  6  2  8  8  3  5  9  4  1  3  4  6  0  5  7  7  4  9  8  1  3  3  7  5  4  1  5  8  6  7  8  2  6  8  1  1  9  3  2  7  3  4  3  9
  1  8  6  4  3  1  6  6  2  3  4  2  1  7  7  4  1  8  5  0  5  4  2  6  2  2  2  5  3  3  4  5  8  8  8  4  1  5  7  6  2  9  1  2  3  3  6  1  8  2
  7  3  6  5  9  4  6  6  1  3  7  6  7  3  4  4  1  4  8  4  0  8  4  7  1  8  4  3  5  8  4  9  4  4  4  2  2  1  6  7  8  5  1  1  2  3  1  5  2  9
  2  3  2  9  1  5  2  1  6  8  7  8  9  5  8  2  4  5  8  8  6  0  9  3  5  2  1  8  3  2  7  5  1  8  6  9  8  5  1  3  8  9  9  6  5  4  2  1  6  6
  7  5  6  4  9  7  3  9  1  2  4  6  3  5  4  7  2  4  9  3  2  2  0  9  9  1  4  7  8  4  7  8  8  3  8  8  2  1  8  4  8  3  6  1  4  1  7  1  2  4
  1  6  6  3  5  5  4  8  7  9  2  5  4  4  5  7  5  4  2  5  3  2  9  0  2  9  8  6  3  5  6  9  8  1  4  9  3  9  4  1  7  7  6  3  3  9  6  7  3  9
  7  2  6  4  7  6  1  7  9  2  3  8  7  3  2  8  4  6  4  8  3  9  6  3  0  1  9  8  1  1  9  8  3  9  3  5  7  3  9  4  6  4  6  4  3  5  6  3  8  4
  9  1  8  2  8  1  4  5  9  3  1  2  7  4  5  8  5  3  6  7  3  9  7  5  3  0  3  7  5  4  4  7  2  9  5  9  4  2  8  2  3  6  7  9  9  6  1  2  1  5
  5  5  2  9  2  8  1  7  3  7  2  1  6  4  6  4  7  2  4  8  3  5  1  1  1  5  0  9  8  6  8  1  7  1  5  3  4  6  8  3  8  1  6  8  7  1  3  8  5  1
  3  3  2  4  3  2  5  1  8  9  5  2  7  3  9  8  9  4  1  5  7  7  3  7  6  6  3  0  3  1  9  6  6  2  5  7  1  6  3  2  9  5  9  2  8  3  2  4  7  7
  2  2  3  1  3  5  9  5  1  6  8  3  6  8  5  3  8  9  6  2  8  2  6  3  9  7  2  6  0  2  7  4  5  2  4  7  9  2  5  2  4  7  3  9  5  4  9  3  3  6
  9  5  7  5  6  3  2  4  5  8  8  2  1  2  2  1  5  7  1  4  8  1  4  6  2  7  5  6  7  0  9  6  4  5  1  4  1  9  2  7  2  9  2  7  4  1  1  8  7  2
  9  9  2  9  6  1  6  5  4  5  3  9  2  8  4  9  6  8  4  7  3  6  6  5  3  5  3  5  8  8  0  1  5  7  8  3  5  6  2  3  8  3  9  1  4  4  6  5  5  9
  7  4  4  8  1  2  3  6  3  4  5  3  1  8  5  6  3  3  1  6  3  9  3  2  6  7  7  1  7  2  1  0  7  7  2  8  4  8  6  9  4  2  3  5  1  9  5  8  5  4
  2  8  7  6  6  7  8  5  6  5  3  8  8  3  3  7  4  5  4  7  3  8  9  4  7  6  5  4  3  8  3  6  0  8  2  3  6  3  1  8  4  1  9  2  2  7  9  3  2  5
  6  9  8  6  9  7  5  2  5  9  6  3  1  8  5  7  1  3  3  2  6  8  9  2  9  6  6  8  2  3  2  4  4  0  1  9  8  8  9  5  1  6  9  1  1  3  3  1  2  8
  7  8  4  1  4  1  7  3  8  9  9  9  5  2  4  1  7  6  1  9  5  9  6  8  6  1  4  3  9  3  7  5  8  9  0  2  3  6  4  1  7  2  6  7  6  9  2  1  5  7
  7  8  1  8  2  5  1  3  3  8  5  1  4  7  2  8  1  8  8  3  3  9  1  3  2  8  4  1  5  7  4  7  9  5  7  0  6  8  5  1  9  9  3  3  1  8  8  9  8  9
  4  3  4  8  6  1  4  2  8  6  8  3  5  4  3  7  4  5  7  7  4  9  4  5  3  9  5  9  2  7  7  3  3  7  8  9  0  9  1  7  3  5  8  5  6  6  5  3  4  4
  7  3  9  4  9  3  3  4  9  1  1  1  6  9  5  2  3  9  5  3  1  8  6  1  9  2  1  6  9  6  6  9  1  9  7  5  1  0  2  5  9  4  7  5  3  4  7  6  1  3
  4  1  8  1  9  9  2  6  2  5  6  8  6  5  6  3  8  1  7  8  8  3  6  1  4  4  9  3  8  6  6  7  2  9  5  4  7  8  0  8  6  5  1  3  5  5  9  9  7  5
  9  3  9  7  5  1  6  2  6  6  1  1  4  9  1  7  4  9  8  9  8  4  1  3  5  7  1  6  4  9  4  2  9  4  7  4  9  9  3  0  1  8  6  5  5  8  5  7  6  4
  3  7  7  3  4  4  6  3  2  2  3  8  2  5  7  1  3  9  2  9  4  5  2  6  1  5  1  6  7  7  1  4  8  7  4  5  5  3  4  1  0  6  6  6  1  5  4  1  9  4
  1  7  4  6  8  6  8  1  3  7  5  4  2  9  6  2  8  4  8  6  7  9  4  5  2  5  1  2  4  7  7  7  1  7  1  1  5  2  3  4  1  0  1  7  6  7  4  6  5  1
  9  9  4  1  7  3  9  3  5  3  1  4  1  8  4  3  9  6  1  6  9  9  4  8  9  9  9  9  8  6  1  8  6  8  2  5  4  9  3  9  9  3  0  2  5  8  2  1  3  4
  6  3  6  3  1  3  5  7  7  2  1  6  7  4  8  9  1  7  7  7  6  7  1  5  7  2  9  9  4  5  7  5  8  5  7  4  1  5  7  4  8  1  3  0  3  6  1  2  2  9
  7  9  7  5  6  7  5  1  6  6  5  5  6  3  6  5  1  7  5  7  8  6  8  2  9  5  8  7  5  7  2  8  7  9  4  7  1  9  4  2  7  5  1  1  0  4  1  3  7  8
  4  9  8  4  6  6  1  9  3  3  2  2  3  1  5  2  2  9  3  2  2  5  7  3  3  8  6  2  2  2  7  1  8  5  9  1  8  3  1  2  9  9  4  3  7  0  1  7  2  3
  4  9  8  7  7  2  8  3  1  1  6  3  5  3  9  3  9  2  3  2  3  2  7  1  1  5  1  5  5  4  9  4  4  2  7  5  8  6  3  2  6  2  3  1  1  5  0  2  4  6
  6  5  5  5  3  6  4  4  2  3  3  2  2  3  5  4  9  9  2  4  1  7  9  6  6  8  1  4  4  8  4  8  5  6  2  7  5  3  5  3  1  3  8  3  4  8  7  0  8  1
  7  3  2  1  4  6  8  6  5  4  5  2  3  3  9  1  7  5  8  5  3  7  2  8  4  4  6  5  6  8  3  3  5  9  2  1  3  3  3  4  2  3  8  7  2  6  3  1  0  1
  7  2  1  6  2  7  4  7  4  8  2  7  9  2  4  6  8  8  8  6  3  8  5  3  1  7  3  8  7  5  8  7  3  9  3  7  4  9  3  3  1  5  3  1  2  3  4  7  7  0
M5
  0  3  1  7  5  5  1  8  8  2  2  1  5  5  3  5  5  3  2  3  3  9  8  8  5  8  4  2  5  2  7  7  3  1  4  7  5  8  5  6  2  7  7  2  7  7  5  3  3  3
  3  0  1  3  2  3  6  5  1  6  7  6  2  6  6  3  5  7  4  2  2  2  5  1  6  1  6  7  1  5  7  4  8  2  9  2  5  1  4  6  7  8  7  5  4  2  5  8  5  9
  3  7  0  3  6  5  7  7  6  3  8  2  8  5  3  2  3  4  8  3  7  9  8  9  4  9  7  7  8  8  3  1  1  6  1  7  8  6  5  9  8  3  4  5  3  1  5  6  1  3
  5  5  9  0  8  4  1  9  3  7  7  8  7  6  1  2  1  6  5  8  8  6  6  1  9  2  9  9  6  9  3  6  2  6  7  8  7  8  2  3  3  6  7  9  7  4  8  8  1  2
  1  1  9  5  0  5  9  6  7  4  6  9  9  6  9  6  6  4  3  1  2  7  5  3  8  2  8  1  8  4  8  6  9  2  3  3  8  8  1  2  3  2  6  5  2  6  2  8  9  9
  2  7  8  1  1  0  3  3  2  8  5  6  5  3  4  5  1  9  2  9  2  3  6  2  2  6  9  3  4  8  5  4  3  2  3  3  1  9  9  4  8  2  5  4  9  1  1  7  3  2
  1  5  1  6  7  6  0  9  9  2  7  6  5  3  7  5  7  4  5  6  2  7  1  2  8  1  3  4  9  9  8  7  6  9  9  2  5  3  1  2  4  9  2  2  1  7  1  4  6  4
  2  1  5  2  8  4  8  0  3  7  8  7  6  9  9  5  7  9  1  4  2  9  5  1  7  1  8  3  6  6  7  4  2  6  2  4  6  9  5  9  9  7  9  7  6  3  8  5  8  7
  2  6  7  7  5  3  3  6  0  9  9  8  4  5  7  1  7  4  7  4  8  8  8  3  6  8  4  8  5  9  8  2  7  4  2  1  9  5  8  8  6  2  9  6  7  2  9  3  3  6
  6  3  7  5  2  9  1  7  4  0  7  1  6  6  5  8  3  5  2  8  9  7  4  8  9  4  9  2  8  9  5  7  1  4  2  4  7  5  6  5  7  8  2  6  1  2  5  8  9  1
  5  1  9  7  1  7  6  3  4  5  0  7  6  3  3  6  2  8  9  9  6  9  9  8  2  3  9  3  4  9  6  8  8  9  9  8  7  1  4  5  1  4  5  8  9  7  7  5  3  1
  5  8  6  2  6  7  7  4  7  3  5  0  7  4  3  3  6  1  7  9  4  2  3  6  1  6  7  9  8  6  2  5  3  5  5  7  8  5  6  9  1  6  3  5  7  9  3  3  4  8
  8  6  1  1  8  9  2  6  6  3  4  8  0  5  8  1  4  7  8  5  4  2  7  1  7  6  6  9  7  6  3  8  5  7  9  5  5  5  1  6  3  7  1  7  8  6  7  1  1  6
  1  6  8  7  5  5  5  1  7  2  1  2  7  0  1  5  1  2  6  7  5  5  9  1  2  9  1  3  3  1  5  8  8  7  1  8  3  9  2  6  1  3  4  2  8  8  5  4  9  8
  5  5  2  9  2  1  6  1  1  6  7  5  1  2  0  6  5  6  1  9  3  7  7  2  7  3  5  6  1  4  4  6  2  8  7  1  2  3  3  5  4  1  5  5  9  7  9  4  7  8
  1  7  9  5  6  5  1  9  6  1  5  1  9  8  7  0  2  6  4  1  6  5  3  8  2  8  9  4  1  5  5  7  2  1  2  1  9  4  4  1  8  5  1  3  2  3  9  7  9  9
  4  3  1  4  8  4  9  8  8  1  5  2  4  4  9  1  0  1  4  1  6  1  3  1  3  3  5  4  9  4  4  2  6  6  9  2  2  3  1  7  7  8  7  5  9  8  1  1  6  9
  4  3  7  9  4  3  6  9  4  9  8  7  4  4  6  6  8  0  4  1  1  2  8  3  7  5  8  4  2  2  6  1  4  7  1  2  5  2  4  5  2  9  4  3  3  5  5  3  4  6
  4  9  8  9  4  2  4  4  5  3  3  4  2  7  9  1  7  7  0  5  2  1  6  1  4  5  4  3  9  8  9  4  2  2  2  7  2  4  9  7  7  6  1  9  9  3  7  9  9  7
  8  2  2  6  5  2  4  5  5  5  1  4  4  9  1  2  2  6  7  0  5  7  4  5  1  2  8  8  5  2  6  4  7  5  4  9  4  7  9  5  3  5  9  2  4  1  2  6  7  9
  2  5  9  6  8  3  7  5  7  7  3  1  7  3  5  5  7  7  8  8  0  1  1  3  3  6  4  9  7  3  9  8  5  2  9  8  6  1  6  4  9  5  8  4  2  9  2  8  2  3
  8  5  5  2  9  7  8  4  8  5  9  9  7  1  3  8  6  5  7  7  7  0  4  3  8  1  3  6  6  3  5  8  1  1  3  5  4  6  9  4  1  8  9  9  7  2  8  8  1  2
  4  8  2  7  6  1  4  5  3  4  8  2  3  5  4  9  4  2  3  5  6  7  0  1  8  5  7  3  5  7  3  7  3  9  6  9  3  7  5  8  6  2  6  9  3  8  5  2  6  4
  3  2  6  3  9  6  6  3  8  7  7  9  2  6  9  1  3  3  5  2  5  8  9  0  1  6  2  1  5  2  4  8  4  8  5  3  7  6  4  1  5  5  1  5  4  8  7  1  8  3
  3  1  5  9  4  2  4  2  7  3  4  9  4  5  9  8  5  9  9  7  4  1  4  9  0  4  1  9  1  2  8  9  4  6  6  1  7  3  1  9  9  1  6  9  7  8  6  6  9  9
  5  1  4  2  8  8  8  3  9  4  3  7  5  7  5  4  5  5  9  5  7  5  1  1  7  0  7  1  6  9  2  4  5  9  2  3  2  4  6  9  4  4  2  7  9  6  5  8  5  1
  1  5  7  4  6  2  6  2  3  6  9  1  3  3  1  6  5  8  8  1  4  6  9  4  5  2  0  9  4  9  2  2  4  2  9  3  9  4  6  4  7  9  7  5  3  5  6  7  6  7
  2  2  2  3  4  4  3  7  8  8  4  1  2  3  6  4  4  3  4  8  2  6  8  6  7  4  6  0  9  7  3  3  5  3  4  7  4  8  4  3  8  4  4  5  5  5  9  2  9  6
  4  7  8  4  4  8  6  6  8  4  2  5  5  7  1  7  9  5  9  4  8  1  6  2  6  7  2  1  0  1  3  3  1  4  5  9  1  8  8  2  9  5  5  6  2  9  4  5  1  1
  2  5  1  9  8  7  5  3  5  4  2  7  2  4  6  7  1  8  8  4  9  5  1  1  7  5  3  2  4  0  8  4  5  1  8  6  6  8  5  2  6  9  1  4  9  4  3  5  7  2
  5  4  5  3  1  8  1  4  4  2  9  6  1  1  6  7  3  8  6  4  6  3  6  9  8  6  4  5  6  9  0  4  4  1  3  1  9  3  7  3  7  7  8  1  2  9  4  3  7  6
  9  6  1  8  6  1  4  7  9  1  4  9  4  5  3  1  4  2  5  2  8  8  8  7  7  2  8  9  7  8  6  0  6  8  7  2  7  4  4  7  8  2  1  4  3  3  9  8  3  8
  6  3  6  6  2  5  3  8  9  7  4  1  2  6  8  5  5  2  2  4  7  7  2  7  2  9  7  6  2  3  8  9  0  4  9  7  5  1  6  4  9  2  8  2  4  9  1  7  4  4
  3  4  4  4  9  1  9  6  1  7  9  7  5  9  8  4  8  5  5  5  8  4  4  8  5  2  9  5  6  2  3  7  5  0  6  2  6  3  5  9  5  3  2  2  8  7  5  7  1  1
  1  4  4  5  2  8  6  7  7  4  1  4  8  4  8  3  3  6  4  2  8  9  6  2  7  5  7  9  6  3  4  3  6  3  0  5  8  1  6  9  7  1  2  7  2  5  1  2  9  9
  2  8  4  2  6  1  6  3  3  5  8  9  7  7  6  6  8  7  6  2  3  5  4  6  6  4  7  2  5  9  5  2  1  9  4  0  6  4  4  7  8  7  4  6  7  8  2  7  7  2
  9  9  6  5  2  9  2  8  7  2  2  8  8  5  6  2  8  1  1  4  1  2  2  6  4  2  6  1  8  9  1  4  8  8  4  8  0  8  7  5  8  2  5  2  6  2  3  6  9  8
  8  3  7  8  4  5  9  2  9  9  8  9  6  2  7  7  6  9  3  6  1  1  6  5  7  2  3  1  9  8  9  2  6  9  6  4  9  0  7  3  1  6  2  9  8  8  1  3  7  4
  4  4  4  4  1  7  2  8  5  5  4  8  1  4  8  3  5  5  4  4  2  1  2  9  8  3  7  9  1  8  4  6  1  2  7  4  5  2  0  7  9  2  1  7  1  5  8  2  1  9
  7  6  4  6  4  9  1  9  8  5  9  1  4  4  2  3  6  8  3  6  7  8  3  5  9  7  5  6  7  4  4  6  7  1  1  5  1  4  2  0  4  7  3  6  2  3  8  8  3  2
  5  2  9  1  7  9  9  7  6  2  7  5  4  3  7  9  3  1  8  9  9  4  3  3  4  9  3  6  1  5  8  8  9  3  9  4  4  2  9  1  0  5  9  4  7  7  5  2  1  1
  4  9  1  2  1  9  6  2  5  4  2  7  9  7  7  4  7  8  5  4  1  4  7  4  1  2  3  4  6  4  8  2  8  7  9  7  2  6  8  9  1  0  8  3  6  8  8  1  6  7
  5  5  2  4  3  3  9  3  6  2  3  1  7  8  6  7  4  1  4  1  9  9  9  4  8  9  1  2  4  3  9  5  9  6  8  2  6  4  3  2  6  7  0  5  2  2  1  3  4  6
  7  4  4  8  1  5  1  3  8  9  8  6  4  2  2  5  7  2  8  2  5  4  9  4  8  4  6  7  2  7  5  1  1  6  5  6  9  4  6  2  3  1  2  0  5  8  2  5  6  1
  8  3  3  8  2  1  9  7  6  3  1  4  7  8  6  6  4  7  8  5  7  3  4  9  2  7  8  1  9  1  9  2  9  7  4  2  5  9  7  4  4  7  3  9  0  6  9  8  2  1
  1  6  2  8  5  9  5  9  7  1  9  5  4  5  9  6  1  6  9  3  5  6  5  2  7  6  5  7  2  7  5  8  1  6  2  2  2  8  8  4  5  1  5  9  2  0  2  7  9  6
  7  5  9  5  6  5  6  6  6  7  5  9  6  7  8  2  1  4  6  4  3  2  7  8  5  5  4  2  5  5  5  8  5  6  1  9  2  8  1  7  8  3  7  8  7  4  0  8  8  8
  6  1  9  1  4  5  7  3  7  2  5  4  8  1  5  3  4  2  1  9  8  3  3  5  1  3  7  3  4  8  1  3  2  6  5  2  1  9  8  2  2  4  3  4  5  7  8  0  6  7
  3  8  3  1  6  7  9  2  3  3  7  6  1  1  4  1  4  8  2  5  3  9  7  1  7  6  2  5  6  1  8  1  7  3  2  2  8  4  2  6  6  1  5  4  7  2  6  8  0  4
  6  6  3  7  3  4  4  1  4  2  3  4  4  7  4  9  6  3  4  2  6  6  8  3  7  8  3  7  9  3  3  1  9  7  3  5  6  2  1  7  1  6  8  7  1  4  4  4  2  0
M6
  0  6  7  5  9  9  2  5  2  1  7  4  1  5  9  9  7  6  4  8  1  8  7  5  8  4  5  2  5  8  4  8  4  7  5  8  6  3  8  9  4  6  5  1  5  6  1  8  6  5
  9  0  9  2  8  6  4  9  5  1  2  6  7  8  6  2  9  5  2  2  7  6  4  4  3  3  8  7  2  1  4  3  8  6  7  6  1  8  2  8  3  1  3  9  6  9  6  2  1  7
  7  3  0  7  8  1  7  8  8  8  8  3  7  9  9  4  8  9  7  1  8  4  9  9  9  5  4  6  7  4  8  9  6  2  1  9  6  4  5  8  1  6  1  3  3  4  8  4  4  4
  4  6  8  0  5  3  2  5  9  7  6  4  4  4  4  9  8  8  6  5  8  9  7  6  3  3  3  8  1  5  8  4  3  2  5  5  7  9  4  7  8  2  3  1  6  7  1  8  2  2
  2  4  5  3  0  9  5  8  6  3  4  6  4  5  1  9  4  1  3  2  4  8  5  5  8  6  4  7  9  7  6  9  7  4  6  8  8  3  3  4  7  3  3  2  3  9  6  5  2  3
  8  8  4  3  1  0  7  8  5  5  1  3  9  7  4  6  3  8  2  2  9  5  4  4  3  7  1  4  3  1  6  3  3  4  9  5  8  9  3  3  7  1  4  7  6  8  2  1  3  6
  8  7  3  6  6  1  0  6  6  5  2  9  4  8  8  7  1  6  3  8  2  7  5  5  3  1  4  9  5  5  9  6  5  8  2  3  6  3  3  8  2  4  8  3  1  9  4  9  6  6
  5  4  9  2  3  6  9  0  3  5  3  2  7  6  8  3  8  9  9  7  4  6  4  5  6  8  2  5  6  2  2  6  2  5  4  7  3  1  9  5  9  7  3  5  5  4  9  2  6  1
  7  3  5  7  7  2  1  2  0  6  3  1  3  4  7  7  2  5  5  9  5  9  1  1  7  2  3  7  7  6  6  7  7  7  9  7  5  3  7  3  9  4  5  3  3  6  6  9  4  2
  5  2  1  4  4  9  6  5  7  0  2  3  7  9  8  4  8  9  1  8  2  1  6  5  8  3  2  7  7  3  9  7  1  7  3  7  5  1  9  7  4  8  4  1  6  3  9  8  4  4
  3  9  4  9  2  9  4  8  7  8  0  9  7  6  3  2  4  8  7  3  4  7  1  9  5  8  8  4  3  3  8  9  7  2  9  5  9  1  6  5  6  3  8  2  8  5  7  2  4  1
  3  4  9  4  6  1  6  1  5  5  5  0  8  2  2  6  3  9  5  2  3  7  2  7  3  1  6  4  5  8  8  5  7  2  8  9  2  3  5  5  2  3  7  1  5  5  1  3  3  5
  6  7  8  4  1  3  2  8  5  3  5  2  0  5  6  2  4  7  1  9  9  8  7  7  9  7  2  2  8  6  5  4  3  9  4  6  8  5  8  9  8  1  7  2  9  6  3  1  6  5
  3  4  9  6  4  6  2  3  2  3  9  8  2  0  1  7  8  6  1  1  1  9  6  9  1  4  8  2  5  5  1  5  8  6  1  3  4  1  5  6  2  2  6  2  4  6  3  6  5  8
  5  5  3  8  2  8  6  5  1  8  9  5  1  1  0  5  8  1  8  3  1  6  2  6  7  9  1  6  4  3  6  3  6  8  2  4  6  1  7  8  5  5  9  5  1  6  1  1  2  3
  4  6  7  5  4  5  4  7  6  8  6  4  2  5  4  0  9  4  1  5  8  8  9  1  8  3  7  6  6  1  3  8  1  6  3  3  6  9  9  7  8  5  5  3  4  9  6  5  4  4
  2  1  8  2  5  9  6  8  4  2  2  1  2  7  2  9  0  5  4  2  1  3  3  2  3  8  8  5  6  6  6  2  5  6  6  8  8  8  5  6  2  4  6  9  5  6  1  4  7  5
  6  9  4  6  7  4  7  5  3  7  7  4  5  6  6  5  2  0  3  9  1  1  5  1  1  6  1  5  6  3  6  7  4  6  1  8  1  9  3  8  3  6  4  6  9  2  2  1  2  6
  6  8  2  3  4  1  3  1  1  5  8  6  4  2  6  6  7  6  0  6  1  4  9  1  7  3  9  6  3  7  2  5  8  8  5  1  3  2  4  9  6  2  5  8  1  2  7  1  9  4
  3  3  5  7  3  1  7  3  8  1  8  5  5  3  8  3  9  4  8  0  1  3  4  9  1  2  2  3  2  9  9  9  6  3  4  6  3  1  2  6  9  5  6  7  3  6  5  8  7  5
  5  8  4  3  5  1  4  3  6  8  4  6  2  1  6  9  4  1  6  6  0  7  3  7  8  1  8  9  2  5  7  5  3  6  3  6  4  3  8  6  6  5  3  8  5  5  6  2  9  8
  3  6  4  2  1  3  2  6  5  7  7  4  3  5  4  1  5  9  5  8  9  0  9  3  8  9  5  1  9  1  5  2  8  4  2  2  8  9  7  4  6  7  9  1  3  8  2  5  9  2
  4  5  5  9  8  9  7  9  6  2  7  5  3  1  6  8  7  8  7  6  5  3  0  7  1  5  9  9  4  6  4  5  1  4  7  3  6  1  6  3  8  3  1  5  1  7  2  9  4  6
  2  3  5  2  4  2  5  9  9  6  4  6  5  3  3  2  8  6  2  4  7  5  2  0  5  7  2  1  1  6  9  5  9  4  2  7  5  7  2  4  9  3  6  1  9  6  9  9  3  9
  3  6  7  2  3  3  3  7  2  7  1  8  9  1  4  1  2  1  4  4  3  8  6  2  0  4  5  1  1  7  6  3  1  3  3  8  9  1  9  3  1  4  2  9  4  7  8  5  4  5
  2  7  1  8  3  7  2  3  6  4  8  9  1  9  2  2  5  7  6  3  9  3  5  3  4  0  5  5  7  8  4  7  2  2  8  6  2  9  9  6  3  5  4  6  3  1  1  6  5  8
  2  6  8  1  5  2  8  1  5  8  5  6  9  8  2  3  4  7  3  6  5  5  9  6  8  5  0  1  6  8  6  8  3  4  8  2  4  8  7  6  1  3  6  6  7  9  5  9  7  2
  2  5  8  2  4  7  9  5  7  1  4  3  6  8  7  4  8  6  8  3  3  7  2  3  5  5  1  0  4  4  8  3  7  1  5  1  1  6  9  3  4  4  6  4  4  6  4  2  8  5
  7  1  8  8  9  8  2  7  8  3  2  2  2  3  2  7  9  3  9  1  9  1  2  3  7  6  9  2  0  1  8  2  7  6  7  3  6  9  7  7  7  8  7  4  3  3  4  1  5  8
  2  5  7  5  5  1  7  2  1  5  7  4  1  6  4  8  1  9  2  5  9  4  3  6  4  9  9  4  5  0  5  1  7  8  8  3  9  6  7  1  1  3  8  6  7  4  7  2  9  3
  9  1  8  1  5  7  5  3  9  3  3  3  5  5  1  2  1  3  5  3  1  7  9  9  7  4  5  9  5  9  0  7  8  5  4  6  4  7  2  6  7  9  7  2  7  3  9  8  4  3
  3  9  7  2  3  6  4  9  9  5  5  9  7  8  8  2  3  2  6  7  9  2  6  4  3  7  9  5  1  1  9  0  7  3  8  7  2  9  5  3  1  5  9  3  1  2  3  2  7  3
  7  4  4  9  1  9  3  6  5  7  4  8  9  6  4  6  9  1  8  9  4  5  8  9  5  6  9  5  2  9  8  8  0  7  5  3  2  1  2  8  5  4  5  8  9  4  7  2  3  3
  5  9  7  6  3  4  5  2  1  2  6  6  6  2  6  7  4  4  8  5  7  6  5  1  7  8  4  7  6  5  2  5  1  0  8  3  3  4  8  2  1  3  6  1  2  1  7  3  6  6
  3  7  4  1  6  6  7  1  2  2  9  4  8  8  2  1  9  5  3  7  8  7  7  1  2  6  6  7  7  3  7  4  2  2  0  2  4  1  1  4  3  7  4  3  8  6  5  3  8  1
  2  4  5  6  5  7  1  9  4  5  3  7  4  3  9  9  5  6  9  2  3  5  3  1  6  5  1  9  2  6  7  7  8  1  7  0  6  6  9  8  5  6  8  5  8  4  3  6  6  9
  8  9  4  5  8  8  5  7  3  9  6  6  5  8  7  4  5  1  2  9  8  3  2  3  5  7  8  3  5  5  1  4  2  5  6  3  0  7  2  2  5  5  3  5  6  3  2  5  8  2
  6  8  8  6  6  4  6  7  9  9  5  6  6  6  2  3  5  1  1  4  4  7  4  8  8  9  9  2  1  5  7  2  2  6  3  7  7  0  5  6  1  2  2  3  6  8  1  1  7  9
  9  9  4  1  3  8  2  4  6  4  6  5  4  5  7  6  7  9  4  8  4  9  9  3  5  4  6  8  4  8  6  8  4  3  6  1  5  4  0  2  9  4  5  1  5  9  7  2  9  3
  1  7  5  3  4  3  6  6  9  3  2  3  2  5  7  9  6  5  8  8  4  1  7  5  3  8  3  7  3  9  7  5  6  1  7  3  6  2  9  0  3  2  6  8  4  5  9  6  3  8
  1  1  7  2  9  3  3  7  2  9  8  5  6  5  2  9  5  1  5  2  3  8  6  6  5  3  6  2  3  6  7  4  7  3  3  1  2  4  4  7  0  6  3  4  5  2  3  9  8  7
  3  5  1  9  8  8  4  3  9  8  6  8  5  5  5  4  1  4  6  3  8  4  6  9  8  1  4  1  4  7  4  5  9  7  3  9  2  7  1  6  5  0  4  1  4  5  2  9  7  5
  6  3  6  3  8  3  9  8  1  5  7  6  6  8  8  1  1  7  7  8  9  1  1  2  7  3  2  1  4  5  8  1  5  2  2  7  3  1  4  2  2  5  0  4  7  7  8  1  5  9
  4  5  7  8  1  4  6  7  3  2  4  4  1  7  3  3  4  4  6  4  7  6  7  8  1  9  6  5  7  5  3  4  3  9  9  4  8  1  4  5  6  4  5  0  7  7  1  6  6  6
  3  4  4  6  2  4  4  3  9  9  2  2  2  1  4  3  8  5  8  2  7  8  8  2  8  8  4  4  9  8  5  9  6  7  8  1  9  9  7  9  3  7  7  9  0  7  3  3  4  7
  1  8  4  4  3  1  6  6  8  4  1  3  4  3  5  6  6  4  5  7  5  3  8  5  5  9  8  2  7  7  4  1  2  7  1  4  5  4  7  7  6  7  2  6  4  0  3  6  5  1
  8  7  8  7  7  3  6  5  9  9  8  7  7  1  9  4  1  4  6  8  2  7  1  2  1  8  9  5  7  5  2  4  3  3  5  3  8  5  9  2  2  8  6  6  3  9  0  4  3  5
  8  7  8  3  3  2  7  3  9  3  6  6  5  4  7  5  2  5  7  7  8  6  7  7  1  4  1  1  6  8  2  9  6  8  4  2  8  9  1  3  1  5  7  6  1  8  2  0  1  5
  9  4  5  7  1  6  5  8  7  7  1  8  6  3  8  3  2  7  6  1  2  5  9  6  6  8  9  5  5  9  3  1  3  9  5  7  4  1  8  1  6  3  7  6  2  8  8  7  0  8
  2  2  5  7  8  9  9  4  6  1  9  6  6  6  6  9  4  9  5  6  3  8  7  4  5  8  8  5  6  4  8  3  4  2  5  1  4  1  8  6  7  2  3  9  5  8  8  9  5  0
M7
  0  1  5  9  5  4  2  8  5  2  8  4  9  1  2  6  3  2  4  2  8  1  8  8  3  7  8  9  1  1  2  8  3  5  3  5  8  2  8  9  9  2  7  9  4  4  7  3  6  3
  5  0  8  1  8  5  3  2  1  4  8  9  9  2  4  6  6  9  2  7  2  9  6  4  5  8  8  3  1  6  7  6  2  5  3  3  6  9  5  7  9  4  9  2  4  4  2  4  6  4
  9  1  0  7  1  6  5  3  8  4  2  3  3  4  3  3  8  5  9  6  5  4  2  1  5  6  5  5  9  5  5  4  5  1  4  2  9  2  3  8  3  7  4  8  9  9  6  2  7  8
  1  5  6  0  9  6  5  8  4  3  3  3  7  8  7  1  2  9  5  9  7  2  2  2  4  7  1  4  7  2  6  7  9  1  5  2  2  6  7  6  3  5  2  6  5  4  5  5  9  7
  9  5  9  3  0  7  9  3  3  7  5  4  4  3  5  4  2  6  1  5  3  6  8  6  8  7  3  7  7  4  5  4  7  4  9  4  4  9  4  6  1  4  1  1  3  6  2  8  4  6
  7  4  4  9  9  0  7  4  6  5  4  6  6  9  5  2  9  3  2  2  7  8  5  2  5  7  1  6  2  9  9  8  2  6  1  5  6  8  9  5  1  7  7  2  4  6  6  6  7  6
  1  5  4  3  8  2  0  6  8  7  9  3  5  6  8  9  6  7  2  5  3  3  5  6  2  5  5  4  8  8  1  4  4  3  9  2  3  4  5  2  3  8  9  1  6  8  8  6  7  6
  3  8  8  2  1  7  9  0  1  9  2  6  1  4  7  2  8  9  3  8  3  2  9  2  2  6  6  5  1  4  7  5  3  7  4  4  7  7  9  4  7  5  1  6  2  7  7  2  1  6
  4  9  7  4  5  2  7  3  0  9  7  2  7  4  1  7  3  7  8  3  2  7  2  7  1  2  3  9  2  2  4  9  7  9  2  6  7  1  4  7  4  1  9  9  6  1  8  5  9  7
  6  3  2  1  7  4  6  1  3  0  9  7  3  1  8  7  8  7  3  6  5  6  4  2  5  9  9  2  6  4  9  4  2  8  5  4  3  8  9  9  4  4  2  4  3  9  6  7  2  7
  8  3  1  2  5  4  1  6  3  4  0  7  2  2  7  1  4  6  7  2  9  8  1  6  2  9  6  4  4  3  4  6  9  7  3  9  1  9  8  6  8  6  7  4  9  9  3  5  2  4
  3  3  5  5  8  5  8  3  9  1  8  0  2  7  8  4  2  3  2  5  8  9  5  4  1  5  4  4  9  2  7  7  2  9  8  2  6  7  2  3  3  4  7  7  4  5  6  8  3  5
  6  3  6  3  9  5  4  9  2  7  9  4  0  8  3  2  5  3  3  3  9  9  7  8  2  9  8  3  3  2  5  3  5  5  9  9  4  8  9  7  9  5  6  8  9  3  6  6  2  9
  1  4  9  8  4  7  7  9  1  8  8  4  3  0  1  7  6  3  3  9  6  3  4  5  7  6  5  4  3  7  6  9  6  8  4  5  5  1  1  4  4  5  1  2  3  8  1  7  4  9
  3  3  2  4  1  7  4  6  1  5  9  1  1  3  0  3  4  4  4  5  2  8  3  1  6  4  9  1  1  1  8  4  1  6  6  8  8  3  9  6  2  9  6  2  3  7  9  7  9  1
  5  4  8  7  9  3  1  8  8  4  4  2  5  4  5  0  3  8  6  6  6  2  2  3  5  3  4  1  2  4  1  4  5  1  8  5  2  1  6  2  5  7  3  5  9  5  4  3  4  6
  1  9  7  7  1  7  9  4  6  7  8  5  8  8  4  8  0  8  3  4  2  2  1  8  4  2  8  7  8  7  4  5  8  2  5  7  6  6  8  8  1  3  1  2  4  6  6  6  9  7
  7  9  3  6  9  8  9  7  9  7  9  9  3  7  7  4  8  0  1  6  7  8  4  7  1  4  1  9  1  3  3  1  6  7  1  7  6  8  6  2  2  1  7  5  9  5  6  8  1  3
  7  5  1  7  7  1  4  1  8  4  9  9  1  5  2  9  8  5  0  6  4  2  5  9  8  9  5  3  8  4  6  4  1  2  6  9  4  1  6  8  4  5  4  8  3  2  4  8  1  1
  8  3  5  4  6  1  4  5  5  8  1  9  1  6  5  2  4  6  8  0  5  1  3  4  4  2  5  4  4  9  4  1  8  6  7  3  2  7  1  7  4  1  7  1  1  6  5  2  1  9
  8  4  1  1  5  6  8  5  4  8  1  5  9  7  1  2  6  4  5  7  0  8  3  7  3  5  3  9  6  3  6  6  2  9  5  3  6  2  9  6  7  7  7  9  4  5  2  5  8  4
  6  2  3  3  4  8  6  1  6  2  9  2  9  7  9  9  4  6  8  6  1  0  7  5  5  2  2  2  4  9  7  3  2  1  3  1  6  9  8  5  2  9  5  5  8  7  4  8  2  1
  1  9  4  1  4  2  5  2  6  3  8  6  2  7  4  1  9  8  1  1  4  3  0  7  3  2  7  9  3  1  4  1  5  6  4  5  9  2  4  2  9  3  8  3  2  4  1  6  1  2
  9  2  7  6  8  7  2  2  1  3  2  5  2  7  1  3  2  8  8  4  5  5  8  0  5  6  2  7  8  4  1  6  6  4  9  3  1  6  8  3  3  7  8  6  7  4  1  4  7  1
  2  7  4  5  8  6  9  7  2  9  8  4  5  9  9  8  2  2  6  7  2  5  3  9  0  7  4  1  1  4  6  3  7  3  6  4  7  2  8  6  3  4  7  4  8  3  4  1  1  7
  2  3  9  4  7  6  3  7  5  2  1  7  2  4  2  3  8  9  5  3  7  3  5  7  3  0  2  4  3  8  2  1  4  6  2  2  7  2  4  2  1  5  9  5  4  5  9  4  7  7
  4  7  2  8  5  8  3  5  9  5  7  8  3  2  3  1  2  1  2  2  7  8  3  2  3  8  0  4  3  2  1  3  3  4  7  8  4  7  1  5  3  3  7  1  2  5  4  3  6  2
  9  1  2  8  7  2  3  2  8  6  2  2  5  9  1  6  9  1  8  1  3  9  8  7  6  4  9  0  9  4  9  1  7  7  6  9  8  9  4  8  6  7  8  2  2  4  8  1  5  7
  3  8  3  6  2  2  6  6  4  6  4  9  4  2  3  1  8  1  1  8  6  3  1  3  4  2  9  2  0  2  7  3  6  7  3  1  4  4  7  7  1  6  5  2  2  1  1  3  5  2
  7  2  7  1  1  2  9  1  1  8  2  1  4  7  8  2  9  4  4  2  8  2  6  6  8  9  9  9  8  0  1  3  8  5  1  4  5  5  4  3  6  8  5  9  8  5  3  3  9  2
  7  4  4  7  3  5  8  2  7  2  9  2  3  2  9  6  8  9  9  6  8  4  9  7  9  3  9  2  8  3  0  4  2  5  5  4  1  9  6  2  5  2  8  1  1  9  2  5  9  1
  3  4  9  2  1  7  5  8  7  6  5  9  5  2  4  7  8  8  8  1  9  6  5  9  1  7  3  7  2  6  2  0  5  7  6  1  1  2  5  2  2  8  2  4  7  7  5  1  2  6
  6  5  8  6  3  8  2  2  2  5  1  7  9  7  6  5  6  3  1  3  6  7  4  6  6  7  5  1  8  3  7  7  0  3  7  8  8  3  2  4  8  2  7  3  4  7  9  6  2  8
  7  1  3  4  3  1  2  6  3  5  2  6  8  2  4  3  2  2  9  5  7  1  6  6  2  6  6  9  4  1  3  2  2  0  2  9  1  9  7  6  1  8  7  5  1  7  5  5  5  8
  2  2  5  6  7  8  1  6  5  6  6  3  2  3  8  2  7  5  9  4  1  2  1  1  2  8  8  8  7  6  9  5  7  6  0  3  4  8  8  1  4  9  8  7  1  4  5  9  5  9
  2  1  6  8  7  1  9  8  4  2  4  8  3  4  2  7  7  5  5  1  5  9  2  8  9  6  2  3  1  3  9  6  7  5  3  0  8  8  1  9  5  7  1  7  7  4  6  5  3  3
  6  9  4  4  4  5  7  1  9  9  9  5  5  1  6  2  6  2  5  1  8  4  7  6  8  8  2  7  8  5  4  3  4  8  4  4  0  9  3  1  5  2  1  5  4  9  1  8  5  8
  1  1  1  4  5  3  5  9  5  9  4  3  5  1  6  3  8  8  7  4  8  6  8  4  3  6  8  2  2  8  7  1  1  4  9  1  7  0  6  6  8  8  6  1  7  1  5  3  1  5
  3  2  4  4  4  4  4  3  1  5  5  5  8  4  2  2  1  3  1  3  5  1  6  1  4  3  6  8  8  1  6  8  2  2  5  5  2  1  0  4  1  6  4  4  3  4  9  6  6  7
  7  2  5  7  1  2  4  3  3  6  7  3  6  8  1  8  7  7  6  4  2  3  1  6  4  7  9  5  4  1  9  7  4  4  8  1  8  8  2  0  1  8  6  8  9  7  8  1  6  9
  9  9  9  4  7  3  9  3  5  8  9  4  2  8  6  1  5  9  9  9  5  7  5  7  5  3  2  3  3  5  3  3  9  8  6  8  6  1  9  6  0  9  7  5  4  6  3  2  2  3
  7  7  8  5  5  6  2  5  9  1  9  1  8  6  4  2  8  6  4  8  3  3  4  1  9  8  9  2  1  2  3  4  9  6  9  9  8  2  9  4  6  0  2  4  4  1  2  7  4  4
  9  3  6  7  8  5  9  3  5  4  3  4  5  7  3  1  5  8  3  3  5  9  8  7  1  4  7  9  4  7  6  8  7  5  2  6  8  5  4  9  7  3  0  2  7  8  5  8  2  1
  7  4  8  5  7  7  8  2  2  8  4  7  7  3  7  8  6  1  7  6  9  6  6  8  6  5  3  7  6  6  5  1  7  1  9  2  9  8  6  7  3  6  6  0  1  4  9  9  6  6
  4  6  8  3  7  6  8  5  9  3  5  8  6  4  2  7  4  7  3  7  7  6  7  2  7  1  5  6  4  1  2  7  1  3  7  2  6  8  7  9  3  3  1  9  0  5  8  5  3  2
  7  8  5  6  6  4  9  2  5  3  7  2  6  9  9  1  7  5  1  7  2  8  7  3  2  3  5  6  7  8  6  3  6  9  9  1  5  5  6  6  5  5  3  6  7  0  8  3  7  9
  5  6  2  6  4  5  1  3  4  7  5  3  4  1  3  7  2  2  6  5  5  4  5  1  6  6  8  6  7  3  5  2  6  3  7  5  6  6  3  8  7  1  7  3  4  4  0  9  2  7
  2  9  1  5  6  4  3  6  8  6  7  2  5  9  5  7  8  5  4  5  1  8  9  8  8  9  8  1  3  6  3  6  3  6  5  8  2  3  7  8  6  2  8  1  1  8  1  0  5  5
  3  9  5  3  9  7  4  8  8  1  4  1  5  7  8  5  3  8  4  9  1  6  9  4  8  4  8  5  3  3  7  1  5  6  6  1  7  3  5  7  5  6  9  6  5  2  9  3  0  9
  7  5  5  2  4  9  9  3  6  9  8  3  6  8  9  1  9  6  4  7  7  1  8  2  2  2  4  8  7  7  9  2  6  9  5  3  3  1  3  8  2  4  3  7  4  6  5  2  6  0
M8
  0  8  9  9  5  8  3  3  9  6  2  2  1  1  5  4  5  4  8  5  8  5  2  6  4  4  8  5  8  6  8  4  8  2  1  9  3  5  5  4  4  3  8  8  9  4  8  9  2  3
  8  0  6  4  6  3  4  3  5  8  1  3  1  1  2  9  2  5  4  1  3  1  6  2  1  4  3  4  4  2  6  4  6  6  5  5  2  2  7  3  9  3  8  5  2  3  7  6  1  6
  1  8  0  9  4  3  3  3  4  7  3  5  2  6  7  4  8  3  2  2  1  3  1  2  1  5  5  1  1  4  4  4  1  1  5  4  4  2  8  2  1  8  5  2  6  5  7  2  8  2
  2  7  1  0  7  9  7  2  7  3  2  9  2  6  9  7  2  8  3  2  4  9  4  6  8  1  5  9  9  6  7  6  6  6  7  6  2  9  9  3  3  8  4  4  7  6  7  1  8  6
  3  3  5  7  0  7  9  2  9  1  4  7  3  5  2  6  1  4  3  1  6  6  8  5  9  9  1  5  4  4  5  4  1  9  5  4  5  6  7  2  5  1  8  4  8  4  3  2  1  5
  7  5  3  7  1  0  5  3  7  8  8  8  4  5  9  9  5  4  5  7  1  4  5  3  3  1  2  1  6  1  8  2  7  3  9  1  1  8  8  8  4  7  8  9  9  8  2  8  5  2
  7  3  4  1  9  4  0  1  1  4  2  3  8  2  9  2  4  6  8  7  1  4  8  8  4  3  6  6  7  1  7  7  9  3  8  9  1  3  5  4  5  7  3  9  7  2  8  5  8  7
  8  3  7  4  1  2  7  0  7  1  5  4  4  3  7  7  9  6  6  8  3  5  8  2  5  8  7  3  4  9  4  1  8  3  3  8  8  1  6  5  8  5  4  8  4  9  3  2  1  1
  3  9  7  2  7  8  3  4  0  2  8  6  3  7  6  7  8  5  4  1  5  9  2  7  6  2  7  6  4  6  5  9  8  6  3  7  2  3  9  3  6  6  8  4  8  9  1  1  6  2
  5  7  4  8  6  2  7  8  9  0  3  8  4  9  5  2  8  3  1  9  7  2  7  6  7  8  9  4  4  4  3  4  8  6  4  7  9  2  1  8  1  6  6  6  2  7  4  5  6  5
  6  3  9  6  3  1  1  3  7  1  0  4  6  4  2  5  9  1  3  5  6  1  7  3  3  8  9  3  7  4  3  4  5  9  4  8  8  9  5  8  5  7  9  2  2  6  4  8  8  3
  1  3  7  5  5  4  6  1  6  2  3  0  7  8  1  5  3  5  3  9  3  6  4  7  7  5  4  3  4  3  2  2  2  9  3  7  4  8  3  5  4  3  4  5  7  1  1  1  9  8
  4  2  4  4  1  7  2  2  7  2  9  2  0  7  8  6  9  7  6  9  6  4  6  5  5  9  8  3  2  2  5  7  1  6  8  5  8  7  9  6  8  6  7  6  8  6  1  8  5  9
  4  3  3  1  9  9  7  5  1  6  3  8  7  0  5  5  7  8  2  7  1  4  7  5  2  8  2  4  1  2  2  1  7  6  7  5  6  4  4  2  2  8  3  6  6  8  1  3  5  7
  8  7  4  6  4  9  6  5  6  3  3  4  9  1  0  6  1  6  6  9  9  5  3  9  4  3  7  4  2  5  3  7  2  7  3  3  6  2  4  2  1  4  6  1  8  9  3  3  6  9
  5  3  3  3  5  4  8  7  7  6  2  6  3  8  6  0  9  6  2  7  7  1  4  2  2  8  3  9  2  6  4  4  1  6  8  7  5  6  3  5  5  9  5  1  3  2  3  3  7  6
  7  2  3  2  2  4  3  9  7  3  8  2  8  6  5  9  0  5  3  2  9  1  2  3  6  6  1  4  2  7  6  7  8  2  9  5  6  7  9  9  2  5  9  5  2  5  5  2  7  6
  4  2  4  5  9  9  2  6  3  7  1  6  5  1  3  4  6  0  4  9  2  4  6  9  9  8  1  7  4  7  5  3  8  3  6  9  4  5  7  2  2  9  9  5  4  7  2  8  5  9
  2  1  7  5  5  3  7  5  6  3  3  3  8  3  9  8  1  7  0  7  4  7  5  1  9  6  6  8  6  8  1  9  9  1  8  7  2  3  9  3  7  3  2  6  3  9  3  8  3  9
  9  9  9  5  5  4  4  8  4  6  3  1  6  8  3  5  9  3  7  0  8  9  7  4  5  5  8  3  5  8  1  4  8  3  6  3  9  3  8  6  7  9  1  8  3  9  3  4  6  1
  5  3  8  3  7  4  1  9  7  5  6  5  4  4  2  8  6  5  8  5  0  1  4  3  9  2  6  6  6  4  7  4  9  7  6  8  6  9  5  8  4  2  6  1  9  6  7  3  6  4
  6  2  3  9  6  9  1  7  8  7  2  4  6  5  7  2  3  1  5  4  8  0  1  1  2  1  9  5  6  9  7  4  6  7  7  1  9  4  6  4  3  7  7  7  4  2  3  7  9  6
  2  1  1  8  6  2  3  5  2  8  7  6  1  5  8  7  1  9  1  1  1  4  0  3  5  5  5  9  3  4  6  6  2  2  4  6  9  3  4  5  4  4  4  3  4  6  3  5  2  1
  5  4  6  4  7  3  3  4  4  3  1  2  2  4  4  7  8  6  5  6  2  6  9  0  7  9  4  2  9  5  3  9  9  7  6  9  8  5  3  7  1  2  9  5  4  3  6  8  3  4
  5  1  4  9  6  9  1  1  6  6  2  4  3  9  1  1  7  6  2  1  6  9  6  1  0  1  6  9  1  9  3  6  3  5  4  9  4  1  4  1  3  3  8  3  2  4  9  3  1  7
  8  4  7  5  7  5  3  7  2  6  3  1  3  6  1  8  4  3  1  6  3  9  5  3  4  0  9  1  6  4  9  7  1  7  9  3  7  5  6  2  1  7  3  6  1  2  8  5  3  7
  5  6  2  8  2  3  8  4  2  9  8  4  2  4  9  9  1  2  7  1  9  5  8  1  4  8  0  8  4  4  5  1  2  9  9  3  1  7  2  9  9  7  8  1  8  3  6  7  1  8
  6  7  9  8  9  2  4  1  8  3  8  7  8  2  4  7  8  3  6  5  2  7  3  7  6  6  4  0  1  5  3  5  3  7  3  2  3  6  8  1  6  8  3  3  1  8  9  9  8  8
  3  9  6  6  2  8  4  7  6  4  9  7  8  2  9  3  6  5  3  1  7  3  1  4  6  8  8  5  0  4  3  4  4  6  1  5  9  3  9  7  9  7  6  1  4  9  2  3  7  4
  5  2  4  4  1  8  8  5  6  9  7  7  2  2  3  7  1  9  8  9  7  2  4  2  2  1  1  3  2  0  3  7  3  2  2  4  6  7  2  3  5  2  4  4  7  8  7  8  8  7
  7  1  3  4  4  4  4  8  6  7  5  8  1  1  7  2  9  8  6  4  1  5  1  8  9  7  1  2  3  3  0  6  5  3  6  7  5  7  5  3  2  3  5  6  3  8  3  7  1  6
  5  8  8  5  3  4  8  9  1  7  9  8  6  5  1  5  9  3  3  3  9  7  6  2  6  8  9  9  2  7  3  0  4  5  3  1  6  2  7  5  2  5  2  3  5  1  2  1  6  6
  4  6  6  8  9  1  3  5  9  9  8  4  8  8  5  7  5  5  5  9  6  2  8  2  2  4  1  2  2  6  6  9  0  5  6  2  3  1  3  4  4  4  5  5  8  9  6  5  8  2
  4  2  4  7  9  4  9  1  6  2  9  8  8  1  8  5  3  9  3  8  2  7  5  4  2  6  4  1  1  8  5  3  8  0  5  1  9  8  6  8  6  6  9  3  2  9  7  4  3  8
  2  4  3  7  3  7  7  2  7  3  8  7  9  7  6  3  9  5  3  7  1  1  6  2  1  8  9  4  9  3  9  4  7  9  0  9  3  5  6  7  6  6  8  1  9  2  7  9  4  9
  8  4  8  6  7  2  9  9  3  5  4  9  6  5  4  8  2  1  7  9  5  9  9  3  5  7  4  6  4  8  3  6  5  9  8  0  5  8  6  5  8  4  5  2  8  1  8  1  9  5
  9  4  3  2  6  1  5  6  4  1  6  4  3  4  5  3  3  7  2  8  1  9  8  3  2  6  4  6  9  6  1  8  8  1  1  2  0  4  7  4  5  9  9  5  4  4  6  3  8  3
  9  9  8  4  2  2  5  3  8  7  9  6  4  3  8  2  6  7  7  1  7  7  2  7  9  8  9  8  8  3  9  8  3  6  9  4  9  0  9  5  2  8  1  7  6  6  1  8  9  5
  2  1  3  5  8  6  8  4  8  3  1  6  5  5  8  9  5  8  3  8  6  5  1  6  3  8  7  1  2  3  8  7  2  1  3  5  1  7  0  4  4  9  9  2  2  4  4  8  4  5
  4  6  4  3  2  7  8  7  3  2  3  2  6  4  1  6  2  5  8  1  5  7  2  6  3  2  4  6  9  1  9  5  9  7  9  9  4  8  7  0  4  7  7  9  7  8  1  6  7  2
  2  5  9  6  4  8  3  2  7  5  3  4  6  2  5  5  6  3  5  3  9  3  2  3  8  4  3  2  5  2  9  9  1  7  9  7  5  3  2  4  0  2  2  9  3  2  8  2  3  8
  6  6  4  7  4  1  5  3  6  1  4  8  8  2  8  3  6  1  2  9  3  4  1  1  7  8  1  5  2  5  3  2  7  1  9  2  6  4  9  8  8  0  8  1  9  1  4  1  8  6
  6  4  7  8  5  5  5  2  9  4  9  6  9  5  2  8  4  8  5  7  3  5  4  2  8  5  9  6  5  3  9  8  4  8  8  1  7  7  8  8  8  8  0  3  3  8  9  8  9  9
  2  7  6  2  1  5  6  8  9  3  2  3  5  1  4  3  7  2  2  5  4  3  6  3  5  5  3  9  6  4  7  9  9  1  3  5  8  9  5  5  3  8  1  0  9  7  7  2  8  4
  4  7  6  8  1  9  1  9  4  5  5  5  9  8  6  2  8  4  9  4  3  9  8  8  9  4  5  6  4  6  4  5  8  6  8  6  5  5  6  1  6  5  6  3  0  2  2  9  5  6
  2  9  5  7  3  4  5  4  8  2  9  4  5  5  2  8  7  4  6  9  8  5  6  6  3  3  2  3  8  8  9  3  3  8  7  7  5  6  7  2  9  8  8  1  2  0  6  6  2  4
  8  6  5  8  7  9  5  7  4  3  8  9  2  3  3  3  3  6  2  6  5  1  6  4  4  2  4  8  8  7  2  9  1  3  8  4  9  2  5  9  4  1  1  6  3  6  0  2  7  2
  6  8  2  2  8  2  9  6  1  8  5  7  9  6  2  1  3  8  7  5  1  4  1  5  6  3  1  4  6  4  2  9  2  6  1  6  9  1  3  5  6  6  2  9  6  1  5  0  4  7
  4  7  1  9  1  7  9  7  2  8  1  4  2  9  4  7  3  2  1  6  4  3  9  9  4  9  6  5  4  9  4  7  6  6  1  3  7  3  7  2  4  7  9  6  5  7  6  7  0  4
  9  1  1  7  7  1  8  8  1  3  9  3  1  6  6  8  8  6  4  8  2  3  9  3  7  5  6  5  9  4  5  9  2  4  2  6  1  4  5  4  5  2  1  7  4  5  5  3  5  0
M9
  0  8  1  1  1  5  9  8  3  4  8  1  3  1  7  3  7  8  4  5  3  4  8  7  5  1  2  6  2  8  8  2  6  6  9  1  1  4  7  5  1  8  4  7  5  7  7  1  3  2
  2  0  4  5  9  8  1  7  3  8  7  6  9  9  5  6  1  5  3  3  6  6  3  8  5  1  2  1  6  1  1  3  9  6  2  5  8  7  4  9  8  5  1  3  8  2  4  3  3  6
  7  8  0  7  8  2  3  1  1  4  9  4  9  1  9  5  1  4  8  4  4  2  6  4  8  9  8  6  1  3  5  1  8  3  6  2  1  6  3  6  1  4  6  6  9  8  2  7  5  7
  8  8  6  0  7  7  5  9  4  1  2  6  8  5  7  3  4  3  3  5  3  5  3  8  1  9  4  9  6  8  8  4  6  3  7  2  1  5  6  5  6  3  6  6  8  4  5  1  5  1
  9  8  1  5  0  6  8  5  9  3  6  4  2  1  4  5  1  6  7  4  9  2  8  8  5  8  9  2  6  6  3  9  4  8  5  6  8  3  8  9  5  2  8  6  6  8  9  7  6  8
  2  3  4  6  6  0  3  3  2  6  8  8  4  2  8  7  1  2  9  3  7  5  8  2  1  4  3  3  2  2  7  8  2  8  4  5  7  1  7  2  9  8  1  5  8  7  8  7  4  7
  4  3  8  2  8  4  0  5  2  6  2  9  2  6  6  3  1  9  2  5  9  7  8  6  4  6  5  2  9  2  2  7  7  1  2  8  5  4  6  9  6  5  5  9  9  6  8  3  8  3
  6  1  6  4  9  3  7  0  8  8  3  7  8  5  4  8  3  7  3  6  1  8  5  8  8  2  6  5  8  6  4  3  8  7  5  4  1  6  6  5  3  7  1  8  5  2  7  1  2  3
  4  1  1  7  7  2  8  5  0  5  5  2  1  3  1  2  4  5  6  3  8  1  8  2  7  1  2  7  2  3  7  9  5  6  9  6  3  6  9  1  1  2  4  3  8  2  2  3  7  2
  3  7  4  4  7  4  4  4  1  0  3  4  7  9  6  5  5  1  2  4  9  9  4  5  1  5  1  6  7  7  6  6  6  2  5  8  2  8  5  9  1  5  8  8  2  5  2  7  3  8
  6  8  7  8  4  2  2  3  6  5  0  3  6  7  4  7  7  5  3  1  8  8  8  5  2  7  4  2  9  1  2  4  4  6  7  7  8  4  9  5  6  2  5  8  8  5  8  7  3  8
  3  3  1  2  9  9  4  2  4  6  9  0  8  3  8  6  5  7  9  7  9  6  4  2  6  1  8  8  8  1  3  6  5  6  3  3  9  6  9  7  5  9  6  7  4  2  3  2  9  4
  1  8  3  6  3  7  9  1  2  6  3  2  0  7  7  1  1  1  8  7  2  1  3  9  4  8  2  6  9  2  5  1  4  8  1  7  5  5  9  2  5  4  6  4  9  2  4  4  1  6
  4  1  5  1  7  6  2  6  6  2  4  6  4  0  4  1  8  4  3  4  1  1  5  3  4  4  8  4  9  5  2  6  8  4  6  2  6  9  8  1  8  3  7  7  6  9  8  7  1  6
  3  9  2  5  1  2  8  9  6  5  7  4  8  4  0  2  6  4  3  7  7  8  1  8  6  8  7  1  9  3  9  6  5  2  4  5  7  1  2  3  4  7  5  9  7  4  5  5  1  8
  2  5  4  9  7  6  5  9  2  5  3  5  1  8  6  0  7  9  3  3  6  8  2  7  4  1  6  9  3  9  6  5  9  3  6  1  2  9  4  2  5  8  4  1  5  2  2  1  7  8
  8  3  4  6  1  4  2  8  1  3  6  8  5  4  3  1  0  4  9  2  4  1  3  3  5  9  9  7  7  6  9  8  6  8  5  4  4  3  4  8  5  1  9  8  3  8  6  6  2  7
  8  3  6  6  8  8  4  3  5  9  1  4  7  3  8  5  6  0  5  6  5  9  3  2  1  2  7  7  2  4  6  3  2  1  1  8  1  6  2  7  2  5  8  3  9  1  2  7  3  6
  5  3  3  3  7  3  5  5  1  4  8  6  9  8  8  6  1  2  0  8  5  1  1  5  9  1  1  7  4  6  8  1  6  3  8  2  8  1  4  2  3  6  8  8  2  6  2  6  1  7
  9  2  6  1  4  7  6  2  2  3  6  8  2  9  5  4  9  8  8  0  5  6  4  4  5  5  9  8  5  4  8  9  5  2  2  6  7  8  7  6  7  6  9  4  8  1  3  3  6  5
  6  5  3  7  1  8  8  1  8  6  6  7  3  1  2  8  5  7  1  9  0  1  1  9  6  6  8  3  4  9  3  9  6  8  3  1  1  7  9  6  3  4  1  6  8  3  3  1  4  7
  7  3  1  3  8  1  9  5  5  2  9  7  9  7  3  5  7  5  9  3  5  0  3  9  9  7  1  7  3  1  1  8  9  8  6  8  4  3  8  1  6  4  1  8  7  7  5  3  1  9
  3  1  4  2  5  3  9  9  3  9  9  3  6  8  8  7  8  8  9  2  7  9  0  8  5  6  9  5  2  5  9  8  1  5  5  5  6  2  3  4  4  3  6  6  7  6  5  3  3  5
  1  5  8  3  7  2  9  1  3  9  4  2  3  4  5  6  5  1  9  2  3  1  8  0  7  5  7  7  6  8  7  7  5  3  8  4  3  2  1  6  3  4  9  2  2  4  4  1  7  7
  7  8  2  3  3  8  9  8  2  1  6  9  6  9  3  2  2  1  6  5  5  3  9  5  0  5  1  4  7  7  8  1  1  1  7  5  4  8  7  9  9  4  7  2  7  4  3  2  8  2
  1  8  9  4  7  6  6  3  3  7  5  5  6  8  7  9  8  9  9  9  7  6  9  8  4  0  5  5  8  7  2  1  3  7  6  6  3  7  4  6  2  2  6  9  3  5  3  3  5  6
  4  2  3  8  3  7  3  4  7  6  3  5  7  9  7  6  7  6  7  5  5  2  7  2  9  5  0  3  7  3  4  6  8  4  2  9  8  3  5  5  9  7  9  8  2  8  8  3  4  4
  4  2  8  7  6  8  1  5  5  9  3  5  3  1  3  6  7  8  6  1  1  6  2  4  4  4  2  0  6  7  6  3  8  1  5  7  1  4  7  6  7  1  6  4  5  1  2  4  7  2
  4  3  3  1  4  7  8  7  3  2  5  5  3  6  9  5  9  9  9  2  9  9  4  1  1  2  9  2  0  9  2  3  1  4  7  8  6  1  6  3  7  5  4  2  4  1  2  5  7  2
  7  1  7  9  7  6  4  4  6  5  5  2  7  9  7  8  7  9  5  1  9  8  3  5  6  5  7  3  2  0  9  1  6  1  6  6  3  9  5  6  3  3  8  2  1  1  9  5  2  2
  6  7  7  9  4  3  5  6  4  3  3  4  2  4  3  1  8  1  7  9  8  6  4  9  4  9  3  4  7  1  0  2  4  1  3  4  2  3  1  5  3  6  4  7  9  5  4  9  7  7
  2  1  9  7  5  7  8  2  1  7  2  3  9  6  4  7  6  7  6  5  6  5  4  5  4  6  9  3  4  4  1  0  8  6  9  5  8  8  9  5  4  5  7  6  9  8  7  9  6  7
  6  6  9  8  6  7  8  7  9  8  6  5  9  2  9  3  4  1  5  4  8  2  7  8  6  8  8  4  8  7  3  5  0  7  2  8  9  2  2  6  9  4  2  8  3  6  8  4  6  9
  1  2  7  1  3  4  3  1  1  1  3  3  4  3  4  6  1  2  7  6  9  9  3  6  2  5  7  7  4  2  7  6  1  0  3  6  7  6  7  7  8  3  3  5  4  8  2  7  3  2
  7  5  8  1  5  2  7  7  6  5  9  9  6  6  7  8  8  2  3  3  5  1  2  9  2  1  7  7  6  2  9  5  1  5  0  9  4  9  1  7  2  4  5  9  4  7  8  6  2  3
  7  4  1  4  7  6  9  2  3  5  7  3  2  4  6  5  8  8  2  1  7  5  7  8  4  1  5  5  5  8  1  1  4  6  8  0  7  9  2  7  3  5  2  8  8  8  7  7  5  2
  2  5  3  5  1  8  7  2  1  1  3  9  3  1  4  9  4  1  3  7  4  3  9  8  6  7  3  2  9  4  7  2  8  9  4  7  0  1  9  4  4  8  2  4  8  5  7  9  3  2
  6  5  5  8  5  4  3  5  3  1  5  9  4  9  6  9  4  7  2  2  1  6  6  8  6  2  9  5  9  4  7  9  7  7  4  8  9  0  5  4  8  4  1  9  7  2  9  3  2  4
  2  2  6  9  1  3  2  9  9  5  1  1  4  8  2  8  5  3  5  5  8  4  4  4  2  8  9  4  9  4  1  2  6  1  2  1  6  7  0  1  2  6  3  7  1  3  6  2  5  9
  9  3  3  8  9  2  7  4  6  9  9  2  2  1  8  7  6  2  9  8  3  2  8  5  9  3  5  8  2  5  5  9  9  9  5  9  9  4  5  0  7  7  1  6  6  7  2  7  6  9
  6  1  5  4  8  8  2  3  4  3  3  5  5  6  9  4  9  3  4  1  7  1  9  7  2  7  9  5  6  8  8  2  7  6  9  1  5  2  3  3  0  6  2  9  3  1  4  8  5  8
  2  9  4  1  2  7  3  1  1  8  8  3  7  3  4  4  4  4  4  2  8  8  4  9  1  9  4  5  7  9  9  2  8  7  2  7  8  3  7  8  8  0  8  3  4  9  5  2  5  8
  6  7  4  5  2  9  7  7  6  5  9  9  3  2  1  9  4  2  6  8  2  7  3  2  6  9  2  9  2  9  9  3  7  8  4  5  2  3  4  3  7  5  0  5  2  4  7  6  1  1
  8  6  1  8  8  7  4  7  5  1  9  1  3  8  9  5  6  7  5  9  9  7  3  8  8  2  3  5  4  5  7  1  8  5  2  1  3  4  1  3  6  7  8  0  4  2  7  6  5  4
  2  2  7  6  8  8  4  9  9  3  5  1  2  8  4  5  4  2  9  3  4  7  4  3  8  4  8  1  4  3  2  8  3  3  6  5  1  8  4  2  4  2  2  1  0  2  1  5  1  6
  1  8  6  5  8  5  7  2  5  6  4  9  6  5  9  1  3  8  1  2  6  8  3  9  9  3  4  6  6  7  6  5  5  2  4  6  9  2  7  6  2  2  7  9  6  0  6  9  5  2
  7  9  7  3  1  9  6  6  3  9  4  8  1  4  6  5  2  6  9  1  3  3  9  1  8  5  2  5  9  5  7  8  3  6  7  7  1  8  2  8  4  9  2  4  8  1  0  9  5  3
  7  9  1  2  2  5  9  2  4  6  7  3  9  1  4  7  8  9  1  7  2  3  5  4  2  8  8  6  7  7  9  5  3  6  5  5  4  1  4  7  5  1  6  4  6  3  4  0  3  1
  4  6  2  9  9  6  8  5  6  2  9  7  4  8  6  5  2  1  9  9  4  3  1  6  7  9  7  9  5  3  9  7  7  4  2  7  2  2  5  7  1  3  4  8  4  5  7  7  0  6
  2  9  6  2  3  6  8  2  5  8  8  9  1  8  2  4  5  1  6  8  9  8  8  8  5  3  5  4  6  3  8  1  3  1  5  9  3  3  8  4  7  7  7  4  5  2  7  8  4  0