20 20
  0 74  1 60  2 98  3 54  4 85  5 31  6 14  7 92  8 28  9 51 10 64 11 48 12 30 13 84 14  9 15 93 16 71 17 72 18 33 19 85
  0 15  1 62  2 79  3 41  4 65  5 73  6 32  7 39  8 70  9  6 10 96 11  6 12 94 13 24 14  1 15 44 16 34 17 65 18 95 19 47
  0 51  1  9  2 24  3  7  4 90  5 51  6 43  7 99  8 27  9 75 10 13 11 34 12 52 13 84 14 66 15  2 16 40 17 20 18  7 19 54
  0  4  1 59  2 25  3 98  4 43  5 29  6 30  7 47  8  4  9 81 10  9 11 22 12 49 13 16 14 57 15 87 16 57 17 67 18 34 19 31
  0 36  1 28  2 57  3 75  4 61  5 29  6 92  7 20  8 60  9 35 10 17 11 12 12 32 13 87 14 90 15 93 16 29 17 61 18  6 19 31
  0 61  1 61  2 38  3 24  4 39  5 25  6 64  7 84  8 55  9 34 10 19 11 78 12 61 13 22 14 61 15 23 16 78 17 69 18 34 19 83
  0 65  1 81  2 81  3 57  4 82  5 44  6 72  7 32  8 92  9 22 10 52 11 87 12 30 13 51 14 90 15 92 16 99 17 19 18 62 19 28
  0 25  1 53  2 50  3 32  4 95  5 64  6 16  7 66  8 55  9 62 10  1 11 24 12  6 13 27 14 60 15 51 16 88 17 63 18 97 19 70
  0 55  1 86  2 49  3 56  4 94  5 85  6 38  7 85  8 49  9 90 10 54 11 87 12 33 13 87 14 40 15  5 16 40 17 50 18  7 19 49
  0 70  1 77  2 19  3  8  4 58  5 92  6 91  7 79  8 81  9 65 10 86 11 10 12 33 13 87 14 38 15 32 16 40 17 68 18 18 19 27
  0 18  1 19  2 14  3 52  4 64  5 23  6 61  7 83  8 19  9  8 10 90 11 46 12 42 13 34 14 25 15 69 16 35 17  7 18  8 19 40
  0 81  1 67  2 59  3 63  4 41  5 26  6 10  7  3  8  8  9 57 10 26 11 16 12 87 13 99 14 15 15 92 16 57 17 93 18 39 19 37
  0 22  1 52  2 36  3 97  4 36  5  2  6 10  7 44  8 36  9 14 10 16 11 11 12 55 13 37 14 89 15 21 16 56 17 58 18 86 19 55
  0  3  1 17  2  5  3 95  4 26  5 36  6 72  7 34  8 32  9 19 10 39 11 73 12 13 13 14 14  5 15 77 16 65 17 31 18 58 19 59
  0 48  1 80  2 46  3 55  4 98  5 94  6 29  7 79  8 79  9 28 10 51 11 24 12 39 13 59 14 81 15 95 16 63 17 97 18 35 19 46
  0 74  1 11  2 62  3 19  4 39  5 53  6 28  7 51  8 84  9 17 10  4 11 16 12 20 13 13 14 16 15 17 16 48 17 89 18 12 19 25
  0 82  1 91  2 98  3 91  4  5  5 72  6 64  7 29  8 52  9  6 10 18 11 68 12  9 13 17 14 28 15 47 16 24 17  5 18 50 19 34
  0 19  1 61  2  4  3 62  4 87  5 79  6 61  7 40  8 61  9 49 10 35 11 14 12 57 13 33 14 58 15  1 16 40 17 98 18 44 19 84
  0 84  1 55  2 39  3 29  4 87  5 58  6 42  7 63  8 92  9 79 10 65 11 92 12 83 13 31 14 98 15 13 16 20 17 41 18 81 19 72
  0 83  1  2  2 90  3 56  4 31  5 91  6 80  7 40  8 31  9 76 10  5 11 93 12  2 13 18 14 90 15 73 16 21 17 81 18 89 19 32
SSD
M0
  0  7  2  5  1  4  6  6  3  5  7  2  8  2  1  5  7  8  2  8
  8  0  6  6  1  6  3  6  8  5  8  7  2  7  5  2  8  1  9  6
  5  1  0  9  8  3  3  6  4  8  5  5  2  2  6  4  1  5  6  9
  1  4  9  0  5  4  1  9  7  3  6  3  6  1  5  6  9  9  5  2
  9  6  3  6  0  8  6  9  4  6  4  8  9  9  6  6  4  4  3  9
  4  1  8  8  3  0  3  7  5  3  3  3  4  6  8  9  3  3  1  4
  9  5  7  8  6  9  0  2  3  4  3  9  6  7  2  4  9  6  1  1
  7  3  3  6  6  4  8  0  9  4  9  5  2  8  3  6  8  8  8  1
  4  4  8  5  3  4  6  4  0  3  7  3  1  6  5  9  5  5  8  2
  1  4  3  8  8  5  6  9  3  0  5  1  7  8  4  4  2  6  9  6
  1  6  2  2  3  2  1  5  8  7  0  6  9  2  1  2  2  5  1  5
  8  9  3  2  4  5  1  2  4  6  1  0  5  1  4  2  2  8  8  3
  8  1  5  2  1  7  3  2  7  2  9  9  0  3  9  5  5  3  6  3
  1  3  3  4  8  5  2  4  2  1  6  8  1  0  8  3  8  2  8  2
  5  3  8  8  4  9  4  2  6  2  2  3  3  2  0  1  1  6  6  9
  6  9  6  4  4  3  2  9  1  8  2  3  6  9  9  0  9  4  1  8
  9  3  9  5  1  3  7  9  2  7  9  2  5  1  2  7  0  7  4  4
  6  3  8  9  8  4  4  4  6  6  6  6  5  3  4  2  2  0  7  6
  2  7  6  7  2  6  5  7  1  9  6  3  9  9  1  9  4  8  0  3
  9  1  4  1  4  6  9  1  2  1  4  8  6  4  2  5  4  8  9  0
M1
  0  8  5  5  3  3  8  3  7  5  3  4  4  5  6  5  3  4  8  7
  3  0  5  7  6  2  7  2  3  1  8  9  4  9  9  6  4  4  4  3
  3  1  0  8  5  4  8  8  7  2  7  2  1  4  3  1  4  7  4  1
  2  1  3  0  5  8  4  6  2  7  7  1  3  6  5  2  2  8  4  3
  7  1  9  8  0  6  2  5  5  7  2  4  1  2  5  6  5  2  8  7
  2  9  4  6  3  0  6  2  2  6  7  3  4  4  7  3  4  6  1  1
  3  8  5  1  1  7  0  7  9  6  2  4  8  6  6  3  5  5  8  7
  3  3  3  9  6  6  2  0  4  7  6  9  6  4  9  7  7  4  2  1
  6  9  5  4  6  1  9  1  0  3  1  6  8  1  8  6  5  2  2  3
  2  9  5  4  6  1  2  7  2  0  1  4  7  1  9  7  5  6  9  2
  6  2  9  3  4  1  5  3  5  1  0  1  2  4  5  2  5  3  6  3
  8  3  3  1  9  1  5  4  8  7  9  0  5  6  4  8  6  6  2  6
  4  6  2  2  4  8  1  5  6  6  7  5  0  1  9  1  1  6  7  8
  2  2  7  8  1  1  3  8  9  4  6  9  7  0  3  6  6  9  6  9
  2  5  4  3  6  2  8  9  7  1  6  9  3  8  0  3  7  7  6  2
  7  4  6  8  4  7  6  6  2  9  5  5  6  5  6  0  3  3  1  2
  1  4  6  5  1  1  5  3  6  7  8  1  4  2  2  6  0  7  7  7
  1  8  8  4  3  1  6  7  9  5  5  5  9  1  8  1  4  0  5  7
  7  9  4  8  8  9  4  7  4  4  9  2  7  7  5  7  1  3  0  8
  3  1  3  8  1  4  8  5  4  3  9  3  4  2  4  8  5  5  9  0
M2
  0  8  9  2  3  9  8  9  1  2  7  4  8  4  8  1  6  4  9  7
  9  0  5  5  6  1  6  9  9  6  4  8  7  3  4  9  9  1  6  6
  3  4  0  2  7  1  9  7  5  4  2  6  4  1  1  4  9  6  1  4
  5  4  2  0  7  6  1  3  2  6  3  3  1  1  3  2  8  1  6  1
  8  8  8  3  0  3  4  4  4  1  8  2  8  6  7  5  1  5  1  4
  3  6  9  9  6  0  9  6  5  4  7  2  3  8  4  6  9  6  6  3
  2  4  8  6  9  4  0  4  1  6  1  5  4  7  2  4  4  6  5  9
  8  2  3  6  9  1  8  0  7  8  7  8  4  8  6  5  3  7  3  2
  7  4  9  9  2  8  2  6  0  4  1  5  6  3  7  8  7  7  2  1
  9  5  8  3  2  8  7  2  1  0  2  9  1  5  9  5  7  3  8  2
  6  1  4  8  5  6  2  1  9  2  0  7  9  4  2  8  9  1  4  8
  4  6  3  2  8  1  4  2  8  7  7  0  2  7  2  8  6  1  4  3
  4  4  8  3  3  5  3  6  5  2  2  6  0  6  9  2  2  6  8  6
  1  8  2  5  1  7  4  8  3  7  8  2  4  0  4  6  6  8  8  6
  2  6  6  6  3  4  2  1  3  5  9  3  1  6  0  1  2  4  5  5
  1  2  2  3  6  5  7  1  4  3  2  8  4  7  2  0  9  9  5  2
  6  7  1  4  6  6  6  3  7  7  8  5  3  4  5  8  0  1  3  5
  3  3  6  8  7  3  6  7  9  3  2  9  1  2  9  2  5  0  9  7
  8  9  8  1  2  2  2  4  8  5  3  5  6  1  9  8  4  3  0  5
  7  6  3  3  9  5  9  5  3  6  6  2  6  3  1  4  1  6  2  0
M3
  0  5  2  4  6  4  4  8  7  5  4  3  9  6  3  7  4  1  7  6
  4  0  1  5  2  9  4  2  1  1  1  4  6  2  5  2  8  4  9  5
  6  3  0  8  1  7  6  9  2  7  1  2  5  2  5  7  4  7  4  7
  9  1  3  0  7  5  5  4  5  8  7  3  4  3  4  8  9  4  5  4
  9  7  5  6  0  7  5  7  9  7  3  6  9  6  1  7  1  7  5  6
  9  8  3  7  5  0  8  5  9  5  6  9  2  4  3  5  8  9  4  2
  2  6  3  1  1  7  0  9  7  9  9  7  6  3  4  1  3  8  5  8
  5  2  6  4  1  9  2  0  1  8  2  7  7  6  7  8  9  9  1  5
  8  7  7  4  3  4  6  6  0  9  3  8  7  5  1  3  1  1  9  4
  8  7  3  9  3  5  2  4  2  0  4  3  4  1  1  8  3  8  6  9
  6  3  2  3  3  7  7  3  2  1  0  9  8  9  2  8  3  9  7  7
  5  6  6  1  6  9  5  3  3  4  8  0  9  8  3  9  7  9  9  8
  3  9  2  4  2  5  7  2  1  6  4  2  0  2  5  3  2  6  9  4
  8  8  5  8  5  9  9  6  2  8  2  3  8  0  1  4  5  3  4  5
  3  5  1  2  6  8  1  8  3  4  7  9  6  4  0  6  4  9  2  2
  7  9  7  4  1  9  5  6  4  3  7  9  6  4  2  0  9  9  3  4
  7  3  3  2  7  9  1  6  2  3  6  8  1  1  7  9  0  9  5  4
  4  5  2  9  9  3  7  4  3  1  2  7  4  8  9  3  7  0  9  9
  7  1  5  6  6  2  6  7  3  9  1  4  1  9  6  4  4  2  0  5
  7  3  5  5  4  2  4  6  5  7  5  5  1  7  5  6  1  1  7  0
M4
  0  5  8  6  1  3  2  2  3  6  1  2  8  7  1  4  2  7  6  7
  9  0  9  9  8  6  9  2  3  7  3  7  8  1  7  3  5  4  6  4
  5  5  0  4  6  8  7  7  4  1  3  6  2  2  1  1  7  9  1  8
  4  9  6  0  3  3  6  8  1  2  5  2  7  7  4  5  8  6  3  6
  2  6  7  3  0  5  8  4  2  9  2  1  3  8  2  1  8  6  4  4
  8  7  4  2  3  0  6  3  3  5  8  9  1  4  1  9  1  9  6  9
  1  2  3  2  7  3  0  1  9  9  9  7  8  3  4  3  2  6  3  1
  1  6  9  3  2  3  5  0  3  5  1  7  8  2  5  5  3  2  7  8
  1  6  4  8  1  3  7  6  0  1  5  9  3  1  7  2  5  4  4  8
  7  4  2  8  2  8  3  5  3  0  5  7  9  5  8  7  1  1  7  3
  6  5  2  2  8  3  2  7  7  7  0  8  4  9  1  9  8  3  8  9
  8  6  9  6  9  4  5  8  1  6  1  0  7  4  3  4  2  4  9  6
  8  1  3  7  5  1  3  1  2  5  7  3  0  6  8  2  5  2  4  9
  4  2  1  7  1  3  2  3  5  5  8  7  7  0  2  5  1  2  4  2
  2  1  7  6  3  4  7  8  5  4  8  6  6  9  0  7  6  2  5  6
  9  5  3  1  7  9  9  2  1  8  4  5  5  8  3  0  3  5  8  6
  9  3  6  1  3  4  5  3  3  6  8  4  2  3  3  6  0  8  6  3
  6  5  1  7  4  5  2  1  9  2  1  1  5  1  1  9  2  0  3  2
  4  5  5  4  5  1  3  6  3  1  1  6  8  3  8  4  5  1  0  3
  9  5  5  2  3  7  6  2  7  2  2  7  9  4  2  8  3  1  8  0
M5
  0  6  3  5  5  1  8  9  8  8  7  5  9  2  1  9  6  3  3  6
  7  0  9  8  9  1  4  4  3  6  6  3  1  4  5  3  5  8  1  6
  3  9  0  3  1  3  6  3  6  8  7  1  3  6  7  3  9  7  6  2
  1  8  4  0  9  5  6  9  5  4  9  8  2  9  3  7  6  3  6  3
  4  3  5  6  0  6  3  8  4  3  3  5  3  7  6  7  6  8  6  2
  1  4  8  1  1  0  2  7  9  4  1  5  5  3  1  6  4  1  3  2
  8  6  7  2  6  3  0  8  7  1  8  4  4  2  5  2  1  3  2  8
  6  9  2  6  6  4  6  0  6  4  6  3  8  4  9  9  6  2  9  7
  4  1  8  3  9  1  3  4  0  7  1  6  5  6  2  8  8  4  8  9
  9  4  5  2  6  8  6  1  8  0  6  8  7  2  2  6  8  4  7  6
  1  9  4  1  7  8  5  6  5  5  0  8  6  6  1  2  8  2  6  1
  9  7  6  3  8  7  9  5  4  3  9  0  7  4  2  2  3  7  3  5
  3  5  7  9  4  8  1  8  3  2  6  2  0  3  7  6  4  8  2  1
  2  2  8  6  6  2  8  7  2  2  5  2  9  0  1  5  9  2  4  3
  2  9  1  6  4  4  3  5  1  9  2  6  2  8  0  1  1  5  2  5
  3  6  3  8  3  8  4  5  4  2  2  8  3  4  9  0  1  8  3  8
  7  9  9  3  7  5  3  8  9  1  5  6  4  6  9  5  0  1  2  9
  3  5  4  7  9  7  6  5  5  1  6  9  6  8  4  7  9  0  6  6
  5  4  5  2  4  7  7  8  9  3  1  9  4  4  4  6  6  9  0  8
  3  8  2  1  7  3  5  8  3  7  8  3  1  2  4  1  7  8  2  0
M6
  0  2  2  9  9  1  1  7  5  7  8  3  4  1  9  6  1  2  5  3
  3  0  1  3  6  8  4  4  5  4  3  5  2  3  6  1  5  3  7  2
  9  7  0  4  5  9  4  7  5  6  3  5  3  7  7  3  4  9  5  3
  7  1  7  0  8  1  3  4  4  5  8  6  4  3  8  9  4  7  1  8
  4  6  4  5  0  4  1  5  4  6  8  6  7  4  1  9  7  2  5  6
  2  6  8  8  6  0  3  1  2  1  4  1  6  3  2  3  7  9  8  8
  9  7  5  4  7  3  0  6  5  3  3  2  4  2  2  7  1  6  1  9
  4  8  6  5  7  6  1  0  1  2  8  1  1  8  1  2  5  9  5  8
  3  6  4  3  9  5  1  7  0  5  5  6  5  6  3  2  8  4  7  5
  6  7  2  7  6  5  9  2  2  0  2  3  9  3  3  2  9  5  2  7
  6  1  7  3  3  5  3  1  6  4  0  1  5  4  8  6  1  3  4  4
  5  1  9  9  8  1  4  8  1  1  5  0  6  4  5  1  9  2  7  1
  6  3  1  4  7  7  7  1  1  1  3  6  0  9  5  3  1  6  3  1
  1  8  6  7  2  8  6  9  8  5  5  3  3  0  9  8  7  3  5  2
  6  8  2  2  6  7  5  1  1  9  5  7  2  3  0  3  8  7  1  1
  2  7  6  1  9  4  8  6  1  3  6  7  9  8  2  0  5  2  7  3
  3  9  2  8  4  7  7  7  7  9  2  7  7  2  8  9  0  6  6  1
  7  4  9  6  6  3  9  6  2  7  9  2  6  4  7  4  9  0  8  8
  6  2  8  5  8  5  6  6  1  1  5  8  6  1  1  9  8  4  0  8
  9  2  5  5  2  6  8  1  3  4  3  2  1  1  7  5  1  8  4  0
M7
  0  5  7  3  4  3  3  3  6  2  7  8  1  3  1  4  6  1  1  1
  1  0  7  6  4  9  6  3  1  8  6  3  7  8  9  9  1  9  5  3
  6  9  0  1  2  4  5  7  4  7  3  4  5  8  4  8  9  2  3  7
  1  8  4  0  2  2  4  4  7  5  1  8  3  9  7  4  9  3  3  7
  6  5  6  7  0  2  8  4  8  8  3  9  6  1  9  3  4  8  8  7
  4  6  2  7  9  0  4  3  9  1  5  4  5  3  3  1  5  2  5  9
  4  2  4  7  8  6  0  3  9  1  2  8  1  3  9  1  7  1  8  6
  9  4  8  6  9  3  9  0  6  4  7  6  7  3  6  1  5  4  3  3
  2  1  5  5  6  2  9  9  0  2  6  5  7  4  1  7  3  9  3  3
  5  6  2  2  1  5  5  4  7  0  5  1  4  1  5  1  6  6  3  7
  9  9  5  7  3  2  1  2  8  4  0  6  2  8  4  1  5  2  9  2
  8  2  1  3  7  5  6  2  3  5  2  0  5  4  7  8  5  5  3  6
  2  7  9  8  8  5  8  5  8  1  5  1  0  4  2  5  4  1  7  5
  3  9  6  6  8  2  5  2  3  9  8  2  1  0  2  4  1  2  4  6
  8  5  9  5  5  9  7  8  2  3  3  7  7  6  0  4  2  1  6  6
  4  8  4  5  8  4  8  3  2  7  5  5  2  8  2  0  2  6  6  6
  8  8  9  2  5  3  1  6  2  2  8  8  8  7  1  2  0  5  7  9
  9  5  2  6  2  8  6  1  9  1  9  6  8  1  3  1  9  0  4  6
  1  2  8  4  3  4  4  7  1  9  3  1  4  8  4  8  7  7  0  2
  9  9  6  2  9  8  3  7  6  1  9  1  2  8  6  6  6  7  7  0
M8
  0  7  3  7  7  9  8  5  8  4  7  1  4  7  2  9  1  6  8  7
  5  0  5  8  2  2  7  6  9  4  5  7  6  3  1  4  1  5  8  4
  3  1  0  9  5  5  1  1  5  6  2  2  8  1  8  6  1  6  9  5
  7  4  9  0  5  1  2  2  6  2  6  9  6  4  2  4  6  1  6  1
  7  7  9  6  0  3  5  1  1  6  6  8  4  5  3  9  7  5  8  9
  4  6  2  4  3  0  9  5  4  4  7  9  4  9  6  3  3  6  8  5
  2  6  8  7  7  9  0  6  5  1  5  8  3  2  2  4  7  3  6  4
  4  7  1  4  3  2  3  0  1  5  9  6  9  3  5  7  7  7  8  3
  9  2  9  3  3  8  1  1  0  6  4  6  1  7  2  1  7  5  3  9
  3  6  8  5  6  3  8  1  7  0  4  9  5  1  5  2  3  5  3  9
  5  8  8  5  6  6  5  5  2  2  0  1  8  1  2  5  1  1  9  6
  2  2  6  5  7  7  1  8  5  1  6  0  4  8  3  3  3  3  2  1
  7  3  2  8  5  7  4  2  6  4  1  9  0  1  7  2  2  1  9  7
  8  5  2  2  4  9  7  1  8  3  5  2  1  0  8  2  9  7  5  9
  1  2  1  3  2  5  4  6  5  6  1  1  5  6  0  2  9  3  3  7
  5  4  2  8  2  3  7  1  2  5  1  8  1  1  4  0  8  7  7  2
  4  4  2  7  9  2  3  9  3  6  7  5  1  9  6  3  0  9  1  4
  2  7  8  8  7  4  6  7  5  7  6  3  5  3  9  9  7  0  7  8
  3  4  5  1  6  2  5  2  4  2  7  5  2  8  9  9  2  8  0  2
  2  8  1  5  9  9  3  3  5  6  1  7  5  9  9  4  8  6  5  0
M9
  0  8  8  9  5  8  6  7  6  2  4  6  8  5  9  1  5  6  8  4
  5  0  6  9  1  1  7  4  7  9  9  3  4  5  9  5  3  5  2  3
  8  6  0  2  6  7  9  7  5  9  8  3  1  4  1  2  7  5  7  3
  2  1  7  0  8  4  1  6  2  4  7  9  3  9  3  3  4  4  5  8
  1  3  7  4  0  8  1  4  9  3  8  3  9  9  5  5  3  8  9  6
  7  2  7  3  1  0  6  5  4  8  6  2  5  3  1  3  3  7  6  6
  4  9  6  1  3  5  0  7  4  6  7  8  6  7  4  2  2  9  6  7
  9  5  2  2  4  7  7  0  2  2  2  7  4  3  1  2  3  4  8  3
  1  8  6  2  2  6  3  5  0  5  7  9  8  4  3  7  3  8  7  2
  3  5  6  3  8  4  2  8  4  0  2  5  1  6  4  4  1  6  6  7
  7  6  3  7  6  7  5  8  7  7  0  6  5  5  4  1  7  8  3  1
  7  8  7  8  7  6  3  8  8  4  3  0  2  5  3  5  8  1  6  9
  1  6  4  1  1  4  7  6  2  4  5  6  0  6  2  7  4  1  9  6
  9  5  4  8  3  5  4  4  2  6  7  9  1  0  7  9  9  8  3  5
  6  9  8  9  6  1  5  4  3  4  3  8  6  4  0  7  6  6  3  5
  7  6  9  5  6  6  6  3  3  9  4  8  5  5  5  0  4  2  4  4
  4  2  6  2  5  4  3  1  9  7  9  5  3  5  7  6  0  2  1  8
  5  9  2  5  5  2  5  9  4  6  7  8  3  3  9  1  7  0  7  5
  7  5  2  4  9  1  8  6  8  4  6  6  4  7  1  2  5  4  0  3
  8  5  8  4  4  6  2  5  2  9  2  3  6  8  5  7  9  5  4  0
M10
  0  9  1  4  9  5  5  8  7  5  4  3  3  2  7  1  7  9  5  6
  7  0  5  6  3  5  9  7  6  4  8  2  4  1  1  1  2  9  6  4
  3  7  0  6  4  3  1  1  8  9  6  3  1  1  7  9  3  8  1  9
  9  8  9  0  9  4  7  8  5  2  1  6  2  8  1  4  3  8  6  5
  7  4  6  1  0  3  8  9  3  9  4  1  7  5  1  1  7  2  3  9
  3  5  7  5  9  0  5  1  3  8  1  3  6  9  1  4  7  8  3  3
  7  7  2  2  4  1  0  5  3  3  2  2  9  9  5  9  7  1  5  4
  7  9  6  3  8  6  5  0  4  5  9  3  2  5  8  5  3  5  7  9
  5  5  3  3  4  2  6  3  0  2  6  5  4  9  9  5  6  2  4  9
  3  8  4  6  1  4  4  6  5  0  4  9  7  4  7  3  2  2  3  5
  6  1  9  6  5  8  8  4  5  9  0  6  4  9  8  3  5  8  2  6
  5  6  3  4  8  8  2  4  6  7  1  0  4  1  1  7  7  9  8  2
  1  9  6  7  5  5  2  4  9  9  6  5  0  5  6  5  3  8  1  7
  3  4  9  4  6  9  5  3  4  2  1  7  1  0  5  8  3  5  6  5
  4  1  5  2  8  4  7  3  4  8  8  3  1  2  0  3  6  4  2  9
  8  2  5  3  5  8  2  7  4  3  5  9  9  5  6  0  3  1  5  5
  3  9  7  5  1  6  4  7  4  7  4  1  6  6  2  2  0  2  6  2
  8  8  3  1  9  4  8  8  6  2  5  3  9  1  8  5  5  0  6  7
  5  3  6  5  7  9  9  8  2  4  2  2  4  9  2  3  1  7  0  8
  4  9  7  6  9  7  8  3  9  4  8  8  7  9  9  1  2  5  8  0
M11
  0  3  7  8  4  5  2  4  9  4  2  9  9  5  4  9  1  9  1  9
  2  0  3  9  7  8  4  7  3  6  9  4  4  7  1  5  8  2  9  2
  1  1  0  1  4  7  7  1  7  6  5  2  1  9  2  5  7  6  7  9
  2  5  9  0  2  4  8  2  6  1  6  4  5  6  9  9  1  4  8  7
  5  7  1  1  0  9  3  6  3  7  6  5  7  8  1  8  9  1  8  7
  3  2  4  6  3  0  2  1  1  2  8  4  7  3  4  4  1  1  9  4
  5  4  9  5  9  2  0  9  9  4  6  6  1  5  8  3  5  6  7  6
  8  4  6  3  5  6  5  0  9  6  7  1  7  9  3  8  1  8  6  4
  6  5  3  8  6  8  7  4  0  9  2  8  1  2  4  9  8  2  2  7
  7  4  7  3  4  1  3  1  6  0  6  7  3  9  5  5  3  1  2  8
  6  5  9  2  1  2  2  5  7  1  0  7  9  2  7  8  1  3  3  5
  8  7  2  1  8  2  9  6  3  1  2  0  2  7  3  2  2  6  7  7
  8  2  5  5  6  9  8  7  9  8  4  7  0  2  3  5  5  2  9  7
  2  4  4  4  6  3  7  1  3  8  3  5  7  0  1  5  6  1  9  4
  1  4  8  3  3  9  8  1  2  7  9  5  1  6  0  1  7  8  8  6
  5  8  6  7  3  1  5  9  4  6  7  4  2  1  6  0  3  2  6  7
  8  6  6  8  1  1  4  9  8  7  9  7  6  6  7  4  0  3  9  5
  2  4  3  5  4  4  8  1  5  8  4  9  7  9  8  8  6  0  1  1
  6  1  2  5  7  9  7  6  1  6  2  3  8  7  6  7  5  3  0  8
  5  5  5  9  4  1  8  8  8  5  3  6  1  5  7  9  5  4  9  0
M12
  0  8  2  9  6  2  4  8  9  1  5  5  9  8  5  7  2  3  2  1
  3  0  3  5  1  4  3  3  9  4  7  8  3  1  4  8  6  4  5  2
  4  5  0  3  6  7  6  7  7  7  6  6  5  9  3  4  3  8  2  4
  3  8  5  0  5  1  9  9  2  6  1  5  9  9  2  4  7  7  7  5
  2  7  9  1  0  4  7  4  8  6  6  6  4  7  1  6  7  2  4  1
  3  7  9  5  4  0  4  1  3  9  5  3  2  1  3  6  8  8  2  2
  8  1  4  2  7  2  0  9  5  2  1  3  8  6  1  9  8  9  3  6
  4  7  8  6  9  8  7  0  4  2  4  7  3  6  3  1  1  5  1  9
  5  7  7  5  8  6  6  9  0  7  5  5  2  9  6  6  3  9  6  8
  1  8  7  1  6  1  2  5  1  0  7  2  5  7  2  4  4  2  2  2
  2  2  1  1  9  1  3  4  2  4  0  7  9  6  9  1  5  6  2  6
  3  8  2  3  4  5  9  6  5  7  8  0  1  2  3  1  4  3  5  3
  1  1  3  3  4  4  4  9  7  3  3  2  0  1  4  5  5  5  8  9
  2  2  9  5  7  9  2  9  1  9  9  7  1  0  6  7  7  2  2  6
  9  5  7  1  2  1  1  4  3  4  6  2  5  1  0  6  7  9  1  4
  7  5  4  2  4  3  9  5  3  6  8  1  3  8  2  0  9  4  7  8
  1  6  4  1  6  9  7  2  3  3  5  3  3  4  6  3  0  8  3  9
  2  5  2  7  4  2  5  6  4  8  5  7  9  2  6  5  9  0  3  7
  4  6  2  6  1  1  1  1  4  6  1  2  7  8  1  3  6  8  0  8
  2  2  1  4  6  5  8  2  2  1  1  8  8  7  1  2  6  5  4  0
M13
  0  3  9  9  6  8  1  2  9  9  5  5  9  6  4  2  7  7  2  4
  1  0  1  7  4  6  2  3  8  4  5  8  7  2  8  4  8  3  7  4
  5  9  0  2  4  4  7  4  3  5  6  4  3  8  1  1  3  8  8  1
  6  5  2  0  5  1  2  2  8  4  7  1  5  5  3  3  2  6  6  4
  1  2  5  8  0  5  3  8  1  1  8  1  1  7  6  4  4  1  9  1
  8  5  3  4  8  0  3  7  6  9  5  6  5  8  7  8  6  5  5  2
  6  1  1  5  2  3  0  7  1  7  7  8  8  9  7  6  9  2  5  2
  5  2  3  1  7  1  2  0  9  2  4  1  1  7  4  6  1  7  4  8
  5  6  4  5  5  8  5  5  0  5  4  7  9  7  2  3  2  3  9  1
  4  9  4  3  6  8  1  4  9  0  6  1  5  9  1  5  6  7  6  2
  8  9  9  6  7  2  9  9  2  6  0  3  8  4  1  3  4  7  8  6
  9  3  4  5  9  8  8  9  5  4  2  0  5  3  7  1  2  8  2  9
  9  1  8  4  5  5  2  6  4  6  3  2  0  3  5  3  2  8  7  1
  7  3  3  9  6  3  4  8  1  6  8  4  9  0  4  2  3  2  5  8
  6  4  5  7  2  6  2  8  4  3  2  5  2  1  0  4  7  9  9  3
  7  9  7  6  8  8  1  4  8  8  7  3  2  7  3  0  5  9  6  3
  8  5  5  4  2  8  9  9  5  6  9  8  1  2  1  3  0  5  3  4
  9  6  3  8  8  5  7  2  9  9  3  2  2  8  3  7  1  0  1  3
  6  7  7  9  5  4  2  3  5  3  8  2  1  3  7  1  4  9  0  3
  5  8  3  4  4  4  1  7  9  2  4  8  8  9  9  1  2  1  1  0
M14
  0  9  9  8  8  5  5  5  3  6  3  6  8  6  5  9  4  7  5  3
  6  0  9  6  4  1  8  6  1  6  8  1  2  8  8  6  5  1  2  6
  6  8  0  3  7  9  9  1  6  6  3  6  8  1  7  8  3  4  5  4
  2  8  7  0  7  2  7  7  4  8  7  8  7  2  4  1  2  8  9  5
  7  1  2  6  0  5  9  4  4  1  5  8  6  8  7  2  4  2  2  1
  9  6  5  2  1  0  2  8  6  1  4  3  8  8  7  8  8  3  9  1
  8  6  1  3  8  5  0  7  7  7  3  3  5  7  8  4  1  3  7  3
  1  1  5  4  2  4  3  0  5  9  3  3  8  7  4  9  4  2  1  5
  3  2  2  4  9  5  8  4  0  4  1  7  6  7  7  6  5  4  6  1
  4  3  3  3  9  3  3  5  9  0  5  8  3  6  8  9  3  3  4  8
  3  5  4  5  4  1  7  6  7  2  0  3  7  5  9  8  8  5  2  2
  2  4  8  6  3  6  3  2  5  4  1  0  5  6  2  7  4  6  3  7
  9  7  3  5  3  5  1  8  1  5  9  2  0  6  6  8  3  4  1  1
  7  1  7  6  2  2  5  3  4  8  7  8  1  0  6  9  1  7  1  5
  8  5  6  8  9  9  9  9  9  9  1  1  2  6  0  1  4  3  1  1
  4  9  7  7  9  7  1  3  4  8  9  6  4  3  9  0  5  9  1  7
  9  8  8  6  9  2  1  5  9  6  1  3  8  4  2  6  0  8  1  3
  2  3  3  6  8  7  4  8  9  1  5  8  6  3  6  7  8  0  5  6
  5  4  5  8  7  5  1  3  7  5  2  7  7  8  3  3  6  2  0  9
  5  8  7  9  7  8  5  7  4  7  2  9  4  2  3  5  3  8  7  0
M15
  0  1  7  9  6  5  7  1  2  2  8  6  1  7  2  7  1  5  6  5
  4  0  2  6  1  4  8  9  6  9  6  3  6  9  9  1  8  4  1  7
  6  4  0  1  3  3  2  3  5  3  9  1  2  3  4  7  9  8  7  6
  5  1  6  0  1  6  3  7  4  3  6  1  1  9  5  8  1  2  3  7
  6  9  3  9  0  5  7  7  7  8  1  7  5  1  9  9  7  4  3  7
  8  2  1  9  7  0  1  6  5  2  1  5  9  5  6  5  6  7  1  2
  6  8  4  5  6  4  0  7  5  8  3  2  3  3  5  8  6  9  9  7
  5  2  9  2  4  7  4  0  6  9  4  7  9  1  7  1  2  3  1  2
  8  1  3  8  3  6  1  9  0  5  7  6  5  6  6  6  7  2  1  8
  6  6  5  5  9  3  4  2  2  0  1  5  1  3  2  3  4  2  3  6
  9  4  4  1  1  6  6  2  5  4  0  3  8  9  9  8  9  2  1  7
  9  1  5  5  6  2  9  5  8  4  2  0  7  9  9  4  2  6  1  5
  8  7  6  5  8  3  8  2  7  1  3  2  0  5  1  3  1  6  3  2
  7  8  2  4  6  7  2  8  4  7  8  2  5  0  4  5  5  3  7  8
  5  1  8  9  1  9  8  4  6  7  5  9  8  5  0  6  2  2  1  3
  2  5  3  6  4  6  8  8  2  3  3  5  4  8  5  0  1  4  1  4
  8  5  2  8  2  1  8  4  4  8  2  9  5  5  4  7  0  6  8  1
  8  8  5  9  9  3  8  3  1  5  3  9  2  5  3  6  4  0  5  8
  7  5  8  9  4  3  7  7  4  3  9  9  8  4  7  1  1  2  0  5
  3  5  1  8  4  8  8  4  7  3  1  1  4  2  4  6  4  4  5  0
M16
  0  9  8  4  2  3  1  1  6  4  4  1  1  7  1  8  4  2  1  5
  3  0  4  1  2  5  7  5  3  2  4  8  1  7  1  1  9  6  6  4
  3  7  0  7  8  2  9  5  2  8  8  6  8  3  2  8  8  4  1  6
  3  6  8  0  6  6  8  5  7  2  1  8  6  6  8  7  8  6  2  7
  8  1  4  7  0  7  2  7  7  1  6  6  1  1  5  4  2  8  4  6
  8  3  3  9  7  0  6  2  8  3  7  8  1  5  3  4  7  4  3  8
  6  4  6  8  4  9  0  1  5  8  7  4  5  7  6  9  1  8  5  1
  1  6  3  8  5  5  2  0  5  5  7  8  1  9  2  1  4  3  8  7
  6  7  7  7  6  4  7  1  0  1  1  3  9  2  9  3  7  2  1  5
  3  5  4  6  5  1  6  1  9  0  6  9  1  7  9  4  8  5  4  4
  1  2  1  6  4  4  2  3  8  3  0  9  8  8  3  5  1  2  3  3
  3  6  8  4  4  4  4  1  3  7  5  0  6  8  8  4  3  8  1  1
  8  9  7  7  5  7  3  4  5  9  6  7  0  9  6  7  1  2  1  1
  3  5  4  3  7  9  3  8  1  7  2  6  9  0  1  4  4  4  7  5
  5  7  2  4  4  3  2  3  5  5  8  5  9  2  0  5  5  7  2  4
  2  2  3  2  6  7  5  4  8  5  5  4  1  6  9  0  9  5  8  4
  8  8  6  5  6  3  6  3  9  7  5  9  4  6  9  6  0  1  2  8
  4  7  8  2  2  4  2  9  8  9  3  7  7  3  5  3  7  0  9  5
  7  4  2  4  3  3  9  2  3  8  5  1  4  7  2  4  2  1  0  9
  8  1  7  8  4  2  9  8  8  8  5  7  8  2  1  3  2  7  3  0
M17
  0  7  8  2  3  5  8  1  3  7  1  1  9  1  8  6  5  7  8  5
  7  0  4  9  5  1  1  2  9  1  8  4  9  9  9  9  9  6  2  9
  1  2  0  3  6  5  1  2  9  5  5  2  1  8  6  1  5  4  6  8
  9  7  5  0  3  2  1  6  4  7  5  9  9  7  7  7  6  2  3  4
  6  7  9  3  0  3  6  6  7  9  8  6  5  6  3  7  1  3  2  4
  9  1  5  5  8  0  1  7  7  3  7  4  3  6  9  7  2  1  5  7
  9  1  1  8  4  3  0  8  1  5  7  2  1  7  2  6  1  4  3  6
  7  2  5  5  3  3  6  0  5  4  8  4  9  1  6  9  7  9  5  4
  1  8  1  8  3  3  5  6  0  5  6  2  4  6  7  7  7  7  3  3
  3  4  6  4  7  4  1  5  1  0  5  1  5  8  9  8  4  8  4  3
  4  4  2  1  5  6  5  7  7  2  0  3  2  3  5  2  1  3  5  8
  8  8  8  4  2  9  7  7  4  5  7  0  8  7  3  4  7  2  6  5
  5  2  4  5  9  5  6  1  3  8  6  1  0  3  8  2  9  6  6  4
  1  1  2  9  6  3  2  3  9  4  8  8  5  0  6  3  7  2  3  4
  4  7  2  5  4  1  9  7  5  8  5  4  6  4  0  5  7  1  4  3
  6  3  7  5  9  2  6  7  3  7  4  2  6  2  5  0  1  2  1  1
  8  5  1  2  8  2  4  5  8  6  8  4  2  2  2  9  0  6  7  9
  1  8  6  4  7  6  8  6  9  1  2  2  3  9  5  4  1  0  6  4
  7  4  8  3  3  2  7  4  2  3  6  3  9  4  2  1  9  9  0  1
  6  8  4  6  4  6  1  1  3  4  6  8  7  4  6  6  5  5  4  0
M18
  0  8  4  2  8  2  3  6  9  9  5  5  6  1  1  2  6  8  1  3
  3  0  8  4  1  1  5  2  3  6  3  4  9  4  2  5  6  7  3  6
  5  7  0  1  1  9  5  3  4  4  5  1  4  3  1  8  8  7  5  2
  4  5  3  0  5  5  7  1  7  6  1  9  6  6  7  8  6  2  5  7
  6  7  2  1  0  1  2  4  6  7  9  9  2  3  1  2  7  9  5  6
  6  5  9  7  1  0  2  5  4  9  8  3  3  8  7  3  4  9  9  6
  6  4  1  9  1  1  0  7  4  2  3  4  3  3  3  8  2  9  8  6
  6  6  6  9  4  9  4  0  5  9  5  3  7  7  1  5  8  9  9  8
  8  6  3  7  6  4  5  7  0  3  8  8  8  3  9  8  7  4  5  2
  6  8  5  5  2  3  7  7  7  0  6  5  4  9  2  1  2  3  9  3
  3  6  8  7  5  9  9  5  5  6  0  2  2  1  1  5  3  4  6  6
  3  8  5  1  2  8  8  7  5  5  2  0  1  3  5  4  8  6  4  1
  8  4  8  1  4  2  8  3  9  6  8  4  0  6  4  2  5  8  3  3
  8  8  2  6  2  5  8  6  6  6  9  6  2  0  7  1  2  6  8  5
  6  1  9  8  9  5  9  9  5  7  1  7  1  7  0  2  7  6  9  8
  2  9  5  4  8  8  2  3  9  8  8  7  9  1  5  0  5  1  8  8
  1  8  7  6  7  5  9  6  8  6  8  7  9  5  8  4  0  5  5  5
  8  6  4  9  4  9  2  3  4  3  9  9  3  5  2  9  6  0  2  1
  7  4  7  9  2  4  2  5  8  6  7  4  2  9  9  3  9  5  0  8
  4  2  8  7  2  4  8  5  2  6  1  2  9  3  1  9  5  3  3  0
M19
  0  7  1  3  9  9  2  3  3  2  5  1  7  9  5  6  4  6  1  3
  5  0  8  5  7  3  3  1  2  7  4  4  8  3  4  7  5  8  2  9
  3  9  0  2  6  3  2  2  2  1  4  6  3  2  9  3  2  4  5  1
  1  4  3  0  1  7  6  5  9  7  2  8  7  9  5  9  7  3  5  3
  3  9  9  2  0  3  1  4  8  5  7  7  3  5  8  1  2  1  3  4
  4  8  9  7  7  0  8  8  7  4  8  9  8  7  8  1  2  1  6  2
  4  5  8  9  3  2  0  2  5  4  9  5  3  4  2  9  8  4  9  5
  3  8  3  8  7  8  9  0  8  6  3  2  6  3  2  9  7  6  4  6
  1  3  9  1  9  2  4  8  0  3  9  1  3  3  6  2  5  9  5  4
  6  2  8  2  4  3  7  2  1  0  2  9  6  7  6  2  3  2  9  5
  3  4  1  1  7  1  7  9  9  4  0  6  4  2  7  1  1  7  9  7
  6  5  6  2  9  4  5  6  4  7  4  0  5  4  8  4  5  4  9  2
  3  6  2  3  3  1  8  1  3  9  4  2  0  6  7  8  7  1  6  3
  7  9  6  8  4  3  7  7  4  8  6  5  7  0  1  8  2  4  4  6
  8  7  1  3  9  1  9  4  8  1  9  2  1  7  0  4  2  2  9  5
  6  5  9  1  4  2  1  9  2  8  7  4  6  7  5  0  2  9  9  8
  1  8  1  6  6  2  1  8  7  2  3  1  9  6  6  3  0  9  1  4
  7  8  4  2  7  8  4  4  4  8  7  4  4  5  6  4  1  0  4  7
  3  9  2  5  8  5  8  7  7  8  6  3  1  9  7  6  3  3  0  3
  5  4  1  8  6  7  7  6  6  7  2  2  4  1  1  8  5  7  2  0