50 5
  0 75  1 26  2 48  3 26  4 77
  0 87  1 37  2  4  3 67  4 94
  0 13  1 25  2 92  3  4  4  9
  0 11  1 95  2 92  3 14  4 57
  0 41  1 49  2 72  3 93  4 29
  0 43  1 12  2 45  3 54  4 79
  0 93  1 59  2  5  3 21  4 55
  0 69  1 17  2 98  3 20  4 73
  0 80  1 46  2 93  3  6  4 65
  0 13  1 20  2 17  3 18  4 86
  0 24  1 52  2 79  3 75  4 25
  0 72  1 44  2 11  3 25  4 39
  0 38  1 92  2 16  3 16  4 76
  0 81  1 75  2 89  3 77  4 24
  0 83  1 95  2 81  3 28  4 38
  0 88  1 33  2 92  3 24  4  5
  0 26  1 10  2 45  3 15  4 91
  0  6  1 45  2 61  3 77  4 29
  0 89  1  2  2 39  3 36  4 22
  0 67  1 62  2 28  3 16  4 27
  0 70  1 62  2 94  3 32  4 39
  0 30  1 82  2 87  3 46  4 31
  0 89  1 29  2 23  3 21  4 46
  0 30  1 29  2  1  3 81  4 18
  0 68  1 94  2 55  3 28  4 93
  0 21  1 20  2 91  3 70  4 58
  0 78  1 42  2 67  3 89  4 85
  0 46  1 80  2 91  3 54  4 58
  0 99  1 94  2  4  3 96  4 97
  0 10  1 35  2 60  3 62  4 10
  0 17  1  8  2 38  3 46  4 79
  0 23  1 41  2 25  3 60  4 93
  0 83  1 65  2 90  3 19  4  2
  0 47  1  4  2 93  3 97  4 87
  0 86  1 71  2 13  3 13  4 17
  0 18  1 30  2 65  3  7  4 18
  0 67  1 14  2 25  3 44  4 10
  0 46  1 32  2 34  3  7  4 50
  0  4  1 50  2 47  3 73  4  8
  0 14  1 30  2 98  3 15  4 26
  0  4  1 27  2 91  3 66  4 14
  0 20  1 98  2 11  3 70  4 21
  0 88  1 39  2 46  3 97  4 15
  0 50  1 84  2 50  3 33  4 10
  0 84  1 65  2 77  3 97  4 85
  0 58  1 12  2  5  3 64  4 46
  0 93  1 58  2 14  3 73  4 42
  0 76  1 45  2 47  3 28  4 18
  0 50  1 49  2 80  3  4  4 36
  0 30  1 15  2 45  3 87  4  2
SSD
M0
  0  7  8  2  1  4  4  9  7  8  2  3  7  4  8  8  8  3  1  9  7  7  3  9  3  7  2  8  5  9  1  2  3  8  5  8  2  7  5  1  2  1  2  8  5  8  6  9  7  5
  3  0  3  4  3  9  5  2  6  2  5  2  5  4  9  7  9  3  1  5  1  6  6  8  3  3  9  2  4  8  9  4  1  4  6  1  7  3  2  3  5  3  3  9  4  8  6  2  6  5
  5  2  0  5  1  9  9  7  5  1  9  9  2  8  1  2  9  8  9  5  6  4  3  9  8  3  1  5  9  7  9  1  6  4  3  9  9  2  6  3  4  5  9  9  1  5  5  7  1  2
  5  8  5  0  3  7  1  2  9  5  2  2  1  2  7  3  2  7  3  3  2  7  4  2  3  5  2  8  3  7  9  5  9  6  5  6  2  9  2  1  4  1  7  2  6  7  9  3  9  6
  7  3  1  8  0  7  9  1  6  3  8  5  7  6  8  3  4  7  3  4  1  9  3  2  3  4  3  5  2  9  6  8  6  9  1  8  9  1  8  2  2  1  5  1  3  2  2  2  1  8
  5  4  2  4  1  0  4  9  1  1  1  4  8  6  7  6  1  1  4  3  9  1  8  2  3  1  4  9  3  1  7  9  6  8  7  8  8  2  8  5  2  3  7  4  3  7  3  5  4  9
  1  5  1  7  3  7  0  8  6  3  8  7  9  8  2  3  2  9  2  6  5  8  3  7  8  9  1  9  6  5  7  2  5  9  2  2  6  5  3  3  9  3  8  7  3  7  2  3  6  5
  7  2  5  2  9  8  6  0  1  9  5  7  6  3  9  3  5  6  2  2  8  9  2  7  6  3  3  7  5  6  3  6  8  8  3  1  6  9  2  1  3  2  7  3  9  1  7  8  7  2
  3  3  2  5  3  9  3  9  0  8  5  9  8  2  4  6  5  5  3  9  3  2  5  8  9  2  8  4  2  6  9  4  5  9  2  8  8  8  7  8  3  4  5  1  3  4  9  5  4  2
  2  5  6  9  7  1  8  4  2  0  6  9  5  6  1  9  5  8  6  5  3  6  4  2  1  2  3  2  2  1  8  7  3  2  4  6  9  2  7  5  7  7  2  1  9  4  3  4  9  1
  9  5  7  8  5  5  4  3  7  8  0  9  4  2  3  5  9  2  7  8  2  7  7  8  2  8  2  9  7  8  7  3  3  7  2  3  3  8  7  3  3  5  6  2  4  6  9  1  2  7
  2  1  1  7  2  9  9  6  5  5  3  0  8  9  1  7  8  1  8  9  2  1  3  7  7  8  7  6  6  3  6  2  6  7  7  1  5  6  9  2  7  7  3  7  1  7  4  7  9  1
  9  1  8  2  2  8  4  2  5  3  2  2  0  3  8  1  1  9  6  9  3  9  6  7  2  5  3  3  7  9  7  5  1  9  6  1  2  8  2  4  7  9  6  7  6  6  9  9  8  3
  7  8  7  2  3  1  4  5  1  6  4  5  5  0  7  5  5  7  5  3  6  6  6  6  8  6  7  7  1  7  2  9  8  7  3  6  4  3  9  7  8  5  9  2  8  2  8  5  8  8
  9  3  3  9  7  7  5  3  2  4  7  1  8  8  0  8  6  9  7  5  3  2  3  4  3  3  4  9  5  6  9  6  1  1  3  3  3  5  2  3  7  2  6  6  9  5  5  8  4  3
  3  6  1  4  5  1  1  5  5  3  4  2  2  3  9  0  9  6  5  5  6  6  4  2  8  7  6  6  4  9  8  6  8  7  8  3  8  7  8  5  3  2  7  7  5  5  2  9  2  3
  5  5  5  8  8  8  8  6  5  7  7  9  9  9  8  7  0  9  4  3  4  3  7  9  8  1  4  5  4  3  4  4  5  2  2  4  4  7  3  9  1  7  2  2  7  1  8  8  9  6
  1  5  8  3  8  9  3  7  8  3  4  5  7  6  7  7  5  0  9  5  4  4  6  7  1  4  4  9  8  5  1  5  2  4  1  4  1  6  6  6  9  6  7  8  3  3  6  9  3  5
  7  7  4  7  2  2  3  1  2  8  7  4  9  5  6  2  2  4  0  5  5  3  3  4  1  3  5  3  5  8  6  2  5  2  8  1  5  1  9  1  3  8  9  1  8  6  8  5  2  3
  9  7  1  3  7  4  9  5  5  1  1  3  5  7  1  6  4  2  5  0  7  4  1  5  8  3  7  1  8  5  1  8  5  1  9  3  7  2  7  6  8  2  9  6  3  8  4  2  1  8
  4  8  9  6  9  1  5  5  7  2  9  3  9  9  6  9  8  7  6  1  0  7  3  9  1  2  5  1  6  2  8  9  2  6  1  2  2  8  6  4  8  6  7  4  6  1  3  5  8  5
  1  1  9  1  9  4  7  5  1  3  5  9  5  2  4  1  3  3  6  3  6  0  2  2  2  7  2  6  9  1  9  3  4  4  4  9  3  3  3  2  2  5  3  8  9  3  6  8  8  5
  2  2  5  9  3  5  6  5  4  5  4  8  8  5  1  9  9  5  3  8  3  6  0  7  2  2  1  5  6  2  5  1  4  3  3  6  2  8  5  6  2  3  2  7  9  8  7  2  2  4
  4  2  8  3  2  8  2  5  3  3  2  3  7  1  1  1  4  7  5  1  5  9  8  0  1  4  3  2  2  8  2  6  4  8  6  5  1  9  2  5  7  6  1  6  2  5  3  2  3  8
  8  9  6  1  1  7  9  8  4  3  9  9  6  8  8  8  7  4  4  8  9  5  7  4  0  1  3  6  3  5  2  1  8  4  1  7  9  3  9  1  1  2  7  8  5  2  8  2  7  5
  2  2  6  1  3  1  2  9  6  1  5  6  8  5  3  9  1  2  1  4  1  6  5  2  7  0  5  4  4  2  1  8  5  8  1  3  6  7  9  8  3  7  2  2  8  6  5  8  8  4
  6  2  2  9  6  7  3  2  2  1  5  1  1  5  8  2  7  1  3  4  2  4  3  4  2  3  0  2  8  4  7  8  6  5  2  7  8  3  3  1  6  2  7  2  5  6  3  7  5  5
  2  5  8  9  4  2  8  6  2  1  4  6  8  3  9  1  1  8  1  6  3  9  1  6  6  2  4  0  1  5  7  8  2  5  8  9  7  2  7  2  2  8  3  7  1  7  2  9  1  4
  5  7  9  4  8  7  4  2  1  9  5  5  8  7  1  5  8  9  1  9  1  1  8  7  4  5  6  9  0  9  7  3  9  3  3  3  3  2  5  5  7  8  1  4  6  9  2  2  9  7
  4  3  5  8  4  2  7  7  1  5  9  2  7  9  6  5  2  9  2  7  6  1  3  5  2  4  9  8  7  0  3  2  3  2  4  3  8  3  6  7  7  7  9  4  7  5  8  8  7  6
  9  4  7  4  2  6  8  5  5  8  5  4  2  5  9  1  7  2  8  2  1  3  8  8  6  2  5  1  5  2  0  1  4  9  4  2  2  1  4  7  6  2  7  5  6  3  6  6  4  6
  1  3  9  1  6  2  7  5  4  7  2  6  1  6  7  8  1  9  7  8  1  4  6  5  3  5  6  1  1  9  1  0  9  1  5  2  6  7  4  8  5  6  6  6  6  1  8  9  6  5
  4  9  1  2  8  4  9  7  6  9  2  3  6  2  1  6  2  2  1  7  4  3  8  5  1  3  8  5  3  8  6  8  0  8  7  1  6  7  1  6  7  3  8  5  7  6  8  8  3  9
  4  8  6  9  8  9  9  9  1  5  2  5  3  2  5  9  5  5  9  8  9  7  9  8  3  2  2  6  8  4  7  9  5  0  1  2  8  3  8  4  6  1  5  3  3  3  9  9  4  6
  6  7  9  8  3  5  5  5  1  7  3  9  1  7  6  6  5  5  4  6  3  1  8  6  6  8  9  6  6  9  8  1  8  4  0  9  3  7  1  6  2  7  5  7  6  6  5  2  9  1
  2  9  2  1  6  1  5  4  3  1  5  9  2  9  6  3  4  8  3  1  6  8  5  9  4  1  3  3  6  2  3  5  5  5  8  0  9  4  6  2  2  3  6  3  5  5  7  8  3  7
  5  3  5  8  7  6  3  3  8  1  2  7  4  5  6  1  5  6  2  2  3  5  9  3  4  5  4  3  4  4  9  7  3  4  3  9  0  1  9  5  2  3  2  5  5  3  5  9  4  9
  4  6  8  7  9  9  4  5  9  1  4  7  2  7  3  1  6  8  8  6  8  2  3  4  5  9  4  5  2  9  4  3  8  3  1  5  9  0  1  3  9  2  8  4  3  9  4  8  9  9
  9  3  5  2  6  1  3  3  3  8  1  6  3  5  9  9  6  5  8  8  1  8  7  9  6  3  8  2  6  5  4  9  2  7  7  9  2  5  0  9  4  6  1  7  7  4  7  5  1  2
  8  8  9  2  2  5  8  1  6  9  6  5  9  5  4  5  7  6  4  1  3  6  7  7  4  8  8  5  8  8  5  5  2  4  6  2  9  5  5  0  1  5  5  2  6  6  9  1  8  3
  3  5  3  2  3  7  2  7  9  4  1  3  9  6  5  5  3  4  7  8  3  2  4  2  5  9  3  4  5  2  6  7  7  7  6  8  9  1  6  7  0  5  9  4  7  4  6  9  5  8
  6  9  2  9  9  1  9  1  9  7  2  3  5  9  1  8  8  7  1  4  9  2  6  4  5  1  4  3  8  3  2  8  7  1  6  4  5  5  9  4  4  0  6  9  7  7  5  2  1  3
  8  2  1  2  2  7  9  9  2  5  5  1  8  6  4  7  9  9  3  7  7  3  6  8  3  9  1  9  3  5  5  9  5  6  2  5  8  1  2  9  7  4  0  8  2  8  9  5  3  4
  9  8  4  3  3  6  6  2  7  6  1  6  6  1  7  8  9  3  6  1  9  5  8  8  7  4  7  2  8  4  2  2  5  2  1  8  1  3  7  3  4  6  5  0  2  3  5  6  7  3
  4  1  4  2  1  7  7  1  5  7  6  6  9  5  5  3  8  6  7  6  4  5  3  5  3  4  7  2  7  6  7  7  3  8  3  4  8  5  2  6  9  6  5  9  0  6  5  6  4  2
  6  8  3  3  4  8  8  6  4  4  7  7  7  8  1  1  8  4  7  2  3  7  3  3  6  2  7  8  3  9  3  4  2  7  6  8  1  3  1  1  9  8  6  6  1  0  9  4  9  6
  5  6  7  2  2  5  3  5  9  1  2  9  5  9  7  1  9  2  4  3  8  2  3  6  7  4  8  1  6  2  5  4  3  9  8  3  7  8  2  7  5  7  6  1  2  6  0  8  2  9
  3  1  5  4  8  3  9  2  3  2  3  7  3  6  9  6  6  4  9  8  1  9  4  1  2  7  2  2  8  7  4  3  3  3  9  2  5  2  9  1  2  4  9  2  3  6  6  0  2  1
  3  5  5  6  8  1  5  8  7  2  7  6  4  5  3  8  3  3  9  5  8  9  4  4  6  5  2  8  4  9  6  7  8  7  7  5  5  3  5  9  1  8  3  3  5  8  8  6  0  8
  2  6  7  2  8  8  1  7  9  7  3  7  8  4  9  2  3  2  3  6  8  8  8  7  4  1  7  5  7  7  5  1  6  7  7  3  5  6  8  6  7  7  1  6  2  7  8  2  7  0
M1
  0  9  1  5  6  6  8  9  5  7  3  3  6  1  1  3  6  9  9  3  1  5  6  8  3  1  9  2  9  7  7  3  8  2  2  9  5  1  1  2  9  1  4  3  8  4  4  7  8  1
  1  0  5  2  9  6  8  9  4  7  4  6  4  8  1  3  7  3  4  5  6  9  9  8  8  7  9  4  7  5  2  3  6  7  4  9  5  2  5  3  9  3  9  9  4  2  7  5  8  7
  1  9  0  5  7  3  7  4  9  9  2  2  4  6  9  3  3  6  3  9  6  7  9  7  2  3  1  9  5  3  4  6  3  6  4  4  5  6  3  5  3  8  5  9  6  8  4  7  7  8
  2  8  7  0  7  9  6  8  2  8  4  5  8  7  7  1  2  1  2  3  4  1  1  2  5  4  8  4  7  9  8  8  5  3  8  3  8  6  9  2  3  9  3  2  7  2  6  6  2  6
  3  9  5  9  0  3  9  5  6  6  4  1  6  5  9  5  5  2  5  9  8  6  7  3  9  4  8  4  4  8  9  2  6  6  7  7  1  4  9  8  2  4  7  2  3  6  7  5  6  1
  7  6  2  4  5  0  9  5  5  2  8  5  1  8  8  6  3  2  8  9  5  3  3  9  8  8  2  9  8  2  4  3  4  3  8  8  4  6  9  4  9  1  1  5  9  1  6  5  7  2
  2  2  1  7  9  5  0  1  8  8  3  5  4  8  2  5  5  6  2  4  5  8  6  8  7  2  3  5  1  9  3  6  2  4  1  5  4  1  2  8  1  4  7  3  4  6  3  1  1  1
  6  6  6  3  8  7  6  0  9  6  1  8  8  6  9  4  3  5  5  1  1  6  5  9  8  4  8  9  7  5  6  8  5  2  3  2  5  2  5  9  7  6  3  2  1  6  6  4  6  5
  1  9  5  4  8  3  2  2  0  8  4  5  4  8  4  5  6  2  6  6  6  9  8  8  7  3  7  3  3  2  1  2  5  2  5  8  5  2  8  9  7  7  8  7  7  7  9  7  8  6
  9  4  3  7  5  9  9  1  3  0  6  8  2  4  2  9  7  7  5  4  8  1  7  9  5  6  4  6  4  6  3  9  1  6  4  1  4  4  1  1  8  3  2  7  6  9  5  4  6  1
  4  9  3  3  2  9  6  2  9  2  0  7  4  1  3  6  4  9  6  1  5  2  5  1  7  2  9  4  1  6  6  6  2  9  7  2  9  4  4  9  7  5  5  6  8  2  5  4  5  6
  6  1  8  9  4  9  6  6  5  3  2  0  6  4  8  7  1  6  8  8  4  5  3  7  3  8  6  7  4  8  6  5  9  8  4  6  8  8  6  4  5  4  4  5  6  9  9  1  2  8
  3  1  2  6  8  4  9  3  5  5  4  1  0  7  8  8  3  8  6  8  9  9  3  4  9  1  2  1  9  1  8  3  3  1  1  2  6  5  3  3  6  8  5  1  2  7  8  9  4  5
  6  3  4  1  5  8  9  9  1  6  9  3  9  0  1  1  8  8  6  8  3  9  1  6  3  4  3  8  4  4  2  1  1  3  5  1  3  2  8  5  2  3  9  3  3  9  3  8  7  2
  5  9  8  7  9  2  4  3  1  4  1  6  3  1  0  3  4  5  8  3  2  6  4  1  2  9  4  6  3  4  6  1  3  2  9  7  8  3  6  2  6  6  1  7  3  6  6  9  8  4
  8  2  7  4  1  1  2  9  8  5  2  2  6  7  3  0  5  9  4  4  6  8  3  5  5  7  5  9  8  8  9  4  4  1  6  8  8  6  1  4  8  7  6  4  8  6  9  5  7  2
  2  1  6  9  4  1  4  4  1  2  5  5  8  7  8  4  0  9  8  8  2  1  5  8  8  1  7  8  8  6  9  1  9  5  2  3  5  6  2  5  3  4  4  8  1  3  2  1  9  9
  4  5  1  3  2  5  3  8  8  2  8  7  5  9  4  2  8  0  7  6  9  9  2  4  3  3  7  1  8  3  6  7  4  6  4  8  9  7  5  9  1  2  2  5  8  9  4  7  7  7
  4  3  7  6  9  5  3  8  7  1  6  7  8  8  4  9  9  5  0  1  5  6  8  7  5  6  3  6  2  7  5  4  8  1  3  7  7  8  1  1  3  8  1  9  6  3  7  4  2  1
  4  3  6  1  3  9  9  6  8  3  4  7  1  1  1  1  1  4  4  0  5  5  2  2  6  5  1  8  1  4  7  8  8  8  9  2  8  6  5  4  1  5  6  1  6  6  3  5  3  4
  9  9  5  7  5  8  2  8  2  4  6  8  2  3  1  2  5  6  8  5  0  9  3  5  8  2  9  1  2  9  4  2  5  5  2  4  2  9  9  7  9  2  6  3  3  5  1  7  1  1
  7  7  2  6  8  3  5  7  8  5  6  7  8  5  9  2  9  4  9  2  7  0  3  6  5  3  4  7  3  1  1  8  2  6  9  4  3  5  6  4  6  7  7  8  4  1  5  9  3  6
  2  4  6  8  1  7  6  9  1  1  5  4  2  8  4  3  6  6  1  4  7  4  0  7  1  6  2  4  8  5  6  4  9  8  3  4  3  2  1  9  1  7  8  8  6  9  7  6  1  1
  7  3  5  1  4  2  4  8  5  1  1  7  3  6  6  9  6  9  8  7  2  1  2  0  7  3  5  9  1  2  4  6  7  9  2  5  3  1  9  2  4  8  7  4  2  1  7  4  3  3
  6  4  7  1  1  5  1  1  5  6  3  8  9  3  6  3  5  7  9  7  6  3  9  9  0  2  7  4  6  7  7  4  2  6  1  2  1  1  1  6  6  8  4  8  9  9  6  9  3  9
  4  5  8  9  1  9  2  1  9  2  7  5  4  3  3  9  8  6  5  5  6  8  5  1  6  0  1  3  1  8  9  2  7  3  9  3  3  5  7  2  7  2  7  2  4  4  9  5  2  4
  8  4  2  1  8  7  4  7  9  9  5  1  2  3  6  2  5  2  2  3  3  7  3  5  6  2  0  9  5  5  6  5  5  9  8  5  9  6  9  9  1  7  3  3  1  7  6  1  7  9
  7  6  5  4  7  9  3  6  3  3  1  3  8  3  1  6  5  1  8  7  7  5  2  1  4  9  7  0  2  6  4  3  2  6  7  7  9  8  3  4  6  8  1  4  1  2  5  1  8  3
  5  5  1  5  1  4  6  5  9  3  3  7  4  2  3  4  4  5  6  4  3  7  6  6  5  2  6  4  0  9  2  2  8  9  3  7  2  1  5  2  3  2  4  9  2  4  5  6  4  6
  9  6  6  2  5  9  6  6  9  4  1  5  5  6  8  6  7  5  5  1  4  9  9  3  4  8  9  2  9  0  9  5  6  5  8  2  5  9  1  2  3  3  6  9  7  3  4  8  3  7
  2  6  8  2  2  1  2  7  4  1  8  3  2  9  3  1  9  9  8  1  9  9  5  6  5  3  7  7  3  8  0  1  3  1  4  6  9  8  6  6  1  1  9  6  7  6  9  7  6  7
  2  4  5  6  7  5  4  7  4  4  6  6  1  1  4  2  1  5  3  7  9  7  2  5  2  9  1  2  7  2  1  0  3  7  8  9  3  1  3  3  9  6  9  8  6  4  4  7  3  1
  6  6  8  4  4  3  7  8  6  6  5  7  8  8  1  2  9  3  2  2  2  8  9  1  8  9  1  1  7  5  1  1  0  9  1  3  9  3  2  9  9  1  3  1  8  6  2  4  9  9
  7  9  6  1  6  8  9  8  6  9  8  2  9  8  2  1  9  2  7  4  6  7  1  8  3  5  3  7  9  2  8  1  2  0  9  5  2  5  5  7  4  1  7  2  9  9  7  8  2  5
  9  3  1  2  5  7  1  9  4  8  4  7  6  7  6  6  9  6  7  3  6  2  7  7  3  6  7  3  6  7  3  7  6  2  0  7  7  5  2  5  7  4  3  8  2  2  1  7  6  2
  1  2  3  9  9  9  6  2  5  7  6  7  2  9  3  2  6  4  3  8  1  4  4  8  8  4  3  1  4  7  7  5  8  1  3  0  1  7  3  2  7  2  6  6  4  8  3  4  4  3
  7  6  6  5  8  5  1  7  4  9  7  9  8  4  3  6  3  8  5  1  9  2  9  2  6  7  9  5  7  8  7  9  4  9  1  3  0  8  8  2  5  8  1  9  1  2  1  1  4  2
  3  8  3  3  1  4  8  7  5  1  8  3  5  6  7  6  3  1  4  1  3  9  5  2  9  4  5  5  4  8  7  2  1  4  7  6  5  0  1  8  7  2  9  9  8  6  8  3  6  9
  4  2  8  4  2  7  1  5  4  9  3  7  7  6  6  7  7  9  6  1  3  3  6  1  2  7  4  7  3  3  4  7  7  1  3  2  4  6  0  4  4  3  3  9  4  1  9  8  7  2
  2  2  9  3  9  8  4  1  3  1  7  4  5  5  2  9  5  8  9  9  8  6  9  5  7  2  8  4  8  2  8  6  7  5  6  2  1  4  3  0  3  7  6  7  3  6  5  3  4  4
  3  5  9  5  7  7  1  7  4  4  1  3  2  3  3  7  9  2  3  2  6  5  9  8  8  4  6  4  7  4  8  5  3  4  6  7  7  5  5  2  0  2  4  9  1  1  5  2  1  2
  7  7  6  1  7  1  2  7  6  6  2  3  6  5  4  1  2  1  8  3  4  7  4  7  8  6  3  8  7  1  4  2  3  1  1  7  9  1  8  8  6  0  2  6  6  5  1  9  3  4
  4  1  1  5  3  3  1  2  8  5  5  6  3  1  4  9  1  8  7  7  5  3  3  7  4  5  5  5  2  4  6  4  7  4  6  2  8  8  9  9  2  4  0  8  7  3  4  6  4  6
  2  1  4  1  6  9  5  9  8  1  7  9  4  7  3  9  2  6  5  1  9  8  6  5  7  6  6  5  9  4  7  3  1  8  4  4  2  4  4  8  2  4  9  0  4  2  6  5  6  4
  7  9  1  6  8  2  8  5  8  5  2  7  4  6  1  5  8  4  4  1  8  7  3  8  3  4  4  4  8  4  4  1  9  8  8  4  1  9  7  2  4  9  8  1  0  9  2  8  5  4
  4  4  9  9  3  3  4  5  2  3  8  6  4  9  2  3  1  6  9  2  7  3  8  8  9  1  9  5  5  7  2  6  8  5  9  1  5  4  4  6  9  8  4  6  2  0  4  8  7  5
  3  6  9  7  8  2  8  5  8  9  7  7  6  2  8  3  6  8  1  4  6  9  2  1  7  6  8  6  6  9  9  3  8  3  5  9  6  7  3  5  1  6  4  6  6  9  0  4  4  1
  1  7  8  9  6  9  2  1  3  2  2  4  1  8  5  4  5  1  7  1  2  5  8  8  9  3  6  8  9  9  9  6  1  8  6  9  4  5  7  9  6  5  8  5  1  9  2  0  9  4
  1  5  5  5  7  5  3  6  2  4  5  7  1  1  8  2  3  3  1  2  4  4  8  6  3  7  5  6  2  1  6  7  5  7  2  2  8  2  4  3  3  3  8  2  8  9  7  1  0  8
  8  1  5  7  7  5  1  2  3  1  9  8  4  1  1  5  1  4  4  4  6  3  1  8  4  8  9  9  3  6  9  5  2  2  1  3  1  1  6  3  1  1  5  3  9  3  1  6  5  0
M2
  0  8  4  2  7  1  7  1  1  4  4  3  8  7  8  4  5  8  5  2  6  4  3  8  8  7  6  9  2  5  4  3  5  6  8  4  9  4  2  2  7  2  8  2  7  1  6  1  1  3
  4  0  4  7  8  7  2  2  2  5  1  2  5  5  7  2  5  7  4  4  8  7  7  7  1  2  7  5  1  9  4  5  7  6  6  3  1  3  9  4  2  8  2  3  3  2  4  8  3  4
  3  5  0  9  8  4  9  2  7  8  4  5  7  9  2  2  1  7  1  4  6  5  8  3  6  8  8  4  5  2  2  1  9  8  3  1  3  6  7  2  4  1  5  2  2  9  6  2  3  4
  2  2  5  0  7  3  2  8  5  5  6  3  6  5  6  2  7  2  1  7  7  8  5  7  2  6  5  7  5  7  4  5  3  3  7  6  8  5  7  8  9  6  2  4  1  2  5  9  1  6
  1  8  4  3  0  2  5  4  7  3  6  2  1  2  2  2  9  6  7  2  9  9  5  5  5  6  3  3  5  4  9  9  4  3  4  3  3  2  7  1  8  3  9  7  6  7  1  4  5  8
  4  6  6  3  5  0  8  8  5  4  5  6  7  2  3  7  7  2  9  7  3  8  5  2  1  8  9  1  9  2  9  3  2  6  6  8  4  1  4  9  2  1  3  4  3  9  9  8  4  9
  6  8  3  3  6  3  0  4  4  4  1  9  7  2  2  1  8  7  6  4  8  2  3  9  2  6  4  7  8  9  3  3  2  3  7  8  9  9  3  4  3  1  8  3  6  6  5  3  7  5
  4  5  7  2  5  1  1  0  4  8  1  1  2  5  1  6  1  7  3  3  1  3  1  5  5  6  3  8  9  1  2  1  4  3  6  2  1  1  8  7  8  2  1  6  1  4  2  7  8  8
  5  1  9  6  7  3  3  3  0  4  9  5  3  4  2  1  8  5  6  2  4  4  1  6  2  7  6  4  3  1  5  7  9  2  9  7  8  1  6  3  5  5  3  7  8  5  8  5  4  5
  1  5  1  3  4  3  1  6  7  0  4  8  1  7  8  1  2  1  3  4  2  4  6  3  3  8  9  2  1  1  9  2  9  2  2  9  5  6  3  7  9  4  8  7  5  7  3  4  2  6
  5  4  7  1  8  1  4  3  6  2  0  8  8  9  6  9  8  8  1  9  2  7  5  8  4  8  5  4  4  7  2  7  5  9  6  6  4  8  7  9  9  1  7  6  5  2  7  9  2  9
  2  6  2  3  1  6  6  1  3  5  5  0  1  5  9  4  3  9  8  7  1  3  6  8  7  3  4  4  1  6  6  4  8  4  4  1  7  1  6  5  4  5  1  4  4  5  9  6  7  4
  5  7  8  9  9  4  3  4  1  5  6  5  0  4  1  8  6  9  8  8  3  6  9  1  2  9  4  9  5  9  7  9  4  7  1  2  2  5  1  2  4  1  1  3  6  6  4  9  9  6
  2  1  2  3  4  3  3  5  6  2  7  8  3  0  5  1  8  6  8  6  1  1  7  9  2  5  1  2  6  6  2  2  1  6  3  5  8  7  3  5  7  8  2  4  9  3  3  4  2  7
  5  1  6  1  4  2  3  5  4  1  3  6  2  7  0  7  1  3  3  7  2  1  9  6  9  5  1  9  8  7  6  4  7  7  4  3  5  5  7  8  8  9  6  3  8  6  9  7  2  7
  1  3  6  5  3  1  8  5  5  7  3  9  3  4  3  0  4  6  4  9  2  3  8  5  5  2  5  1  6  6  9  5  1  9  3  2  4  4  7  6  3  1  5  9  4  3  9  9  9  2
  7  3  6  9  2  5  8  3  4  2  3  4  7  3  7  4  0  8  1  1  6  6  8  4  2  1  6  4  1  9  3  9  9  8  6  5  2  7  4  3  1  1  2  3  6  6  8  4  1  8
  9  2  2  9  5  7  7  8  7  9  7  7  6  9  5  6  6  0  3  4  7  3  5  6  8  3  7  7  6  1  1  8  8  7  2  8  2  1  5  3  9  4  4  8  3  8  9  9  5  9
  1  2  7  3  6  4  6  9  8  2  3  2  7  9  7  3  9  9  0  1  4  1  7  6  9  8  1  9  6  1  3  6  1  1  5  6  7  2  9  8  5  1  9  1  4  5  5  1  2  2
  4  4  3  1  9  1  9  6  7  3  2  9  5  9  7  7  5  4  8  0  3  9  6  1  5  2  4  3  7  1  3  9  5  3  1  2  7  6  3  1  8  2  8  3  4  5  9  7  4  9
  2  5  9  1  5  8  2  8  8  4  8  4  5  8  3  7  6  3  2  3  0  4  4  1  1  6  7  3  7  7  1  8  6  9  6  9  5  1  8  8  5  6  2  9  1  7  7  2  3  9
  6  4  2  7  6  1  2  7  1  4  5  6  9  9  5  4  4  8  1  6  4  0  7  6  1  7  2  4  8  7  9  6  7  1  4  2  3  8  3  6  5  9  7  3  1  7  5  8  8  7
  7  5  9  9  6  8  2  8  5  8  3  1  4  9  6  1  4  2  8  9  1  9  0  5  5  8  5  9  1  4  3  8  7  6  5  9  6  2  5  8  2  1  2  9  1  8  4  1  7  2
  7  2  7  8  3  5  2  8  1  3  4  6  6  1  1  4  4  3  7  8  6  3  9  0  6  8  5  3  7  9  3  9  9  6  6  1  2  4  5  4  8  3  8  1  1  1  6  9  5  7
  6  9  1  2  1  9  4  5  6  7  2  6  7  6  9  7  1  4  4  3  9  4  3  8  0  1  1  6  8  3  7  6  6  6  4  5  7  9  4  8  5  6  1  6  4  5  8  8  1  3
  4  3  3  9  1  1  5  1  7  2  3  4  1  8  7  7  3  8  3  9  7  1  3  4  9  0  5  3  2  6  7  5  5  5  2  2  6  9  1  1  3  6  4  4  6  5  6  6  6  1
  1  2  6  4  5  5  8  3  1  2  7  4  7  7  2  8  7  4  2  4  9  7  3  8  9  3  0  4  2  4  5  9  2  9  4  7  4  8  5  4  7  9  9  1  9  4  7  7  9  4
  3  8  1  6  5  8  5  1  5  4  9  4  8  3  6  8  3  4  1  6  1  9  1  4  6  3  9  0  8  9  7  7  4  4  4  4  7  6  7  3  8  4  9  8  9  3  1  8  6  4
  4  7  9  6  1  4  5  1  4  6  3  3  3  1  7  3  2  9  3  1  9  1  6  9  4  6  2  1  0  8  8  4  4  8  7  3  2  9  8  6  7  1  3  7  1  7  7  8  3  5
  1  9  7  9  5  1  4  8  6  6  1  9  1  3  9  5  9  5  5  1  1  1  5  7  6  8  2  8  6  0  2  3  9  3  9  5  8  8  3  7  5  7  3  6  9  5  1  4  7  2
  1  9  9  4  7  7  3  3  5  9  8  3  9  9  6  5  1  4  4  5  9  3  4  8  5  6  7  4  6  1  0  3  9  7  9  2  4  4  6  6  2  1  4  9  8  3  2  8  2  4
  6  8  3  6  1  2  5  1  8  2  4  6  3  2  8  8  4  4  9  1  9  2  9  6  5  3  4  3  3  5  7  0  3  5  4  6  4  5  3  3  7  5  9  2  6  8  9  9  5  8
  1  9  3  3  3  2  2  3  4  8  6  1  4  8  6  1  1  9  6  8  1  4  6  5  9  4  1  8  5  2  4  3  0  2  7  2  8  4  7  2  8  4  3  7  2  9  9  6  8  6
  1  6  6  4  1  2  2  6  7  5  6  8  7  7  7  2  1  1  9  6  2  9  6  8  3  4  5  7  3  3  7  2  2  0  2  6  1  6  7  7  6  8  9  7  1  2  7  2  3  9
  2  7  5  1  8  6  9  6  9  6  1  2  6  5  1  7  7  2  1  4  4  6  2  3  7  4  9  1  7  3  2  6  3  6  0  8  5  7  8  6  4  1  6  1  5  4  3  4  4  9
  1  9  5  7  8  7  6  1  6  1  2  6  4  9  8  6  7  5  9  4  5  2  7  3  4  1  1  7  7  5  3  4  1  1  1  0  2  7  6  3  7  4  9  8  2  3  1  3  4  2
  4  9  3  7  6  2  9  3  7  4  2  7  9  1  1  5  3  1  5  8  6  6  7  3  8  8  8  4  2  4  7  6  6  1  7  1  0  9  3  1  5  3  2  3  5  9  4  5  5  1
  3  3  2  7  3  4  8  7  3  2  1  2  2  6  1  9  9  6  3  1  9  1  9  1  3  2  9  8  3  7  2  2  5  7  4  5  6  0  3  6  6  5  8  3  6  2  7  1  3  8
  5  3  8  9  6  9  7  7  6  5  2  5  8  3  9  5  1  2  1  6  3  5  4  3  8  4  8  4  1  3  3  5  6  9  6  4  6  8  0  5  7  5  6  1  7  5  7  2  7  9
  6  6  2  2  8  4  2  4  5  3  7  4  5  4  3  6  6  8  2  2  7  3  4  9  5  8  3  8  4  9  3  9  7  1  1  8  4  2  3  0  7  2  1  4  5  8  5  6  3  1
  1  7  3  7  7  1  1  5  6  8  2  1  1  5  9  9  1  2  3  7  9  2  7  6  9  8  6  4  8  4  6  8  8  8  7  3  4  4  4  4  0  1  6  6  6  7  6  2  9  3
  3  5  9  5  4  6  8  5  8  8  5  7  2  8  2  6  1  8  8  1  2  7  5  2  1  4  8  7  8  9  5  1  5  1  3  2  2  2  1  2  3  0  1  1  3  7  1  7  2  6
  8  9  6  9  5  7  2  6  4  1  8  8  9  2  7  2  2  8  1  8  9  5  6  8  9  9  1  3  5  5  5  3  6  3  1  2  5  3  3  1  9  9  0  2  3  5  6  5  8  7
  9  4  6  6  8  8  2  9  6  2  1  7  8  6  3  9  8  8  1  8  8  2  3  5  7  5  9  2  1  8  2  6  6  3  1  3  8  5  5  6  8  5  7  0  2  6  7  7  3  6
  6  7  9  9  4  9  1  6  7  3  3  7  8  5  8  4  3  6  7  1  2  3  2  6  4  6  3  8  6  1  5  8  9  6  9  3  7  8  2  6  6  7  9  2  0  7  5  1  4  9
  7  9  7  8  5  2  2  2  2  9  2  1  3  2  9  4  4  1  2  1  1  1  7  3  1  5  4  9  5  8  2  4  4  3  7  3  5  5  4  4  3  8  6  6  6  0  2  3  5  5
  2  2  2  6  9  9  4  3  2  7  6  8  1  2  6  1  2  9  7  3  5  3  7  8  5  7  7  2  5  8  3  8  7  9  6  6  6  5  7  3  9  4  7  6  6  3  0  4  6  8
  8  2  2  6  9  8  6  1  5  1  8  7  8  4  5  1  5  8  3  1  7  3  5  5  3  5  5  9  2  8  5  3  1  8  1  8  4  4  1  2  2  5  4  1  6  4  2  0  6  2
  6  9  5  9  3  2  6  7  3  1  3  9  1  6  6  3  9  2  1  1  9  1  3  2  3  7  4  3  1  5  6  8  2  4  5  8  3  8  9  8  8  1  6  5  6  8  4  3  0  3
  1  2  1  1  5  4  7  7  2  2  9  2  3  3  3  3  5  2  9  2  8  6  7  3  6  1  4  4  1  3  1  9  5  8  8  8  5  1  1  9  1  2  6  4  5  3  6  7  4  0
M3
  0  2  6  7  6  4  5  1  7  2  7  5  5  5  4  8  6  5  4  6  3  8  6  1  2  5  1  1  2  6  3  9  8  7  6  6  6  3  8  9  4  5  8  2  3  5  5  1  6  8
  6  0  8  1  2  4  8  7  6  7  6  1  2  2  9  9  5  4  9  8  3  6  4  5  7  5  4  4  9  1  1  6  8  2  9  7  5  2  9  5  9  2  3  2  6  2  9  2  6  4
  7  4  0  3  2  3  3  3  8  5  3  6  2  4  8  9  3  4  9  4  8  8  4  5  7  5  7  1  4  8  8  2  6  5  4  7  9  3  5  7  9  2  2  8  6  7  4  3  6  9
  6  1  1  0  5  1  7  2  5  5  4  6  7  3  8  5  1  2  1  9  9  8  1  5  7  9  5  7  7  7  6  3  3  9  8  5  5  5  1  4  5  7  3  5  7  5  1  8  2  6
  1  4  6  7  0  3  6  4  5  3  2  2  1  9  1  9  8  4  6  2  7  1  2  5  8  2  6  1  8  6  2  9  2  3  5  3  9  5  2  2  4  2  3  8  3  4  3  6  8  8
  9  3  3  1  4  0  7  2  5  1  4  6  6  3  5  7  2  8  2  1  5  7  8  2  8  8  6  6  1  6  3  6  8  5  8  7  2  7  5  2  8  1  9  6  5  1  9  8  3  3
  6  4  8  5  5  2  0  2  6  4  1  5  6  9  1  4  9  5  4  1  9  7  3  6  3  6  1  5  6  9  9  5  2  9  6  3  6  8  6  9  4  6  4  8  9  9  6  6  4  4
  3  9  4  1  8  8  3  0  3  7  5  3  3  3  4  6  8  9  3  3  1  4  9  5  7  8  6  9  2  3  4  3  9  6  7  2  4  9  6  1  1  7  3  3  6  6  4  8  9  4
  9  5  2  8  3  6  8  8  0  8  1  4  4  8  5  3  4  6  4  3  7  3  1  6  5  9  5  5  8  2  1  4  3  8  8  5  6  9  3  5  1  7  8  4  4  2  6  9  6  1
  6  2  2  3  2  1  5  8  7  0  6  9  2  1  2  2  5  1  5  8  9  3  2  4  5  1  2  4  6  1  5  1  4  2  2  8  8  3  8  1  5  2  1  7  3  2  7  2  9  9
  3  9  5  5  3  6  3  1  3  3  0  4  8  5  2  4  2  1  6  8  1  8  3  8  2  8  2  5  3  8  8  4  9  4  2  6  2  2  3  3  2  1  1  6  6  9  6  9  6  4
  4  3  2  9  1  8  2  3  6  9  9  0  9  4  1  8  9  3  9  5  1  3  7  9  2  7  9  2  5  1  2  7  7  4  4  6  3  8  9  8  4  4  4  6  6  6  6  5  3  4
  2  2  7  6  2  7  6  7  2  6  5  7  0  1  9  6  3  9  9  1  9  4  8  3  9  1  4  1  4  6  9  1  2  1  4  8  6  4  2  5  4  8  9  8  5  5  3  3  8  3
  7  5  3  4  4  5  6  5  3  4  8  7  3  0  5  7  6  2  7  2  3  1  8  9  4  9  9  6  4  4  4  3  3  1  8  5  4  8  8  7  2  7  2  1  4  3  1  4  7  4
  1  2  1  3  5  8  4  6  2  7  7  1  3  6  0  5  2  2  8  4  3  7  1  9  8  6  2  5  5  7  2  4  1  2  5  6  5  2  8  7  2  9  4  6  3  6  2  2  6  7
  3  4  4  7  3  4  6  1  1  3  8  5  1  1  7  0  7  9  6  2  4  8  6  6  3  5  5  8  7  3  3  3  9  6  6  2  4  7  6  9  6  4  9  7  7  4  2  1  6  9
  5  4  6  1  9  1  3  1  6  8  1  8  6  5  2  2  0  3  2  9  5  4  6  1  2  7  2  1  4  7  1  9  7  5  6  9  2  6  2  9  3  4  1  5  3  5  1  1  2  4
  5  2  5  3  6  3  8  3  3  1  9  1  5  4  8  7  9  0  5  6  4  8  6  6  2  6  4  6  2  2  4  8  1  5  6  6  7  5  1  9  1  1  6  7  8  2  2  7  8  1
  1  3  8  9  4  6  9  7  3  6  6  9  6  9  2  5  4  3  0  6  2  8  9  7  1  6  9  3  8  3  7  7  6  2  7  4  6  8  4  7  6  6  2  9  5  5  6  5  6  3
  3  1  2  1  4  6  5  1  1  5  3  6  7  8  1  4  2  2  6  0  7  7  7  1  8  8  4  3  1  6  7  9  5  5  5  9  1  8  1  4  5  7  7  9  4  8  8  9  4  7
  4  4  9  2  7  7  5  7  1  3  8  3  1  3  8  1  4  8  5  4  0  3  9  3  4  2  4  8  5  5  9  8  9  2  3  9  8  9  1  2  7  4  8  4  8  1  6  4  9  7
  9  5  5  6  1  6  9  9  6  4  8  7  3  4  9  9  1  6  6  3  4  0  2  7  1  9  7  5  4  2  6  4  1  1  4  9  6  1  4  5  4  2  7  6  1  3  2  6  3  3
  1  1  3  2  8  1  6  1  8  8  8  3  3  4  4  4  1  8  2  8  6  7  0  5  1  5  1  4  3  6  9  9  6  9  6  5  4  7  2  3  8  4  6  9  6  6  3  2  4  8
  6  9  4  4  1  6  1  5  4  7  2  4  4  6  5  9  8  2  3  6  9  1  8  0  7  8  7  8  4  8  6  5  3  7  3  2  7  4  9  9  2  8  2  6  4  1  5  6  3  7
  8  7  7  2  1  9  5  8  3  2  8  7  2  1  2  9  1  5  9  5  7  3  8  2  0  6  1  4  8  5  6  2  1  9  2  7  9  4  2  8  9  1  4  8  4  6  3  2  8  1
  4  2  8  7  7  2  7  2  8  6  1  4  3  4  4  8  3  3  5  3  6  5  2  2  6  0  6  9  2  2  6  8  6  1  8  2  5  1  7  4  8  3  7  8  2  4  4  6  6  8
  8  6  2  6  6  6  3  4  2  1  3  5  9  3  1  6  1  2  4  5  5  1  2  2  3  6  0  5  7  1  4  3  2  8  4  7  2  9  9  5  2  6  7  1  4  6  6  6  3  7
  7  8  5  3  4  5  8  1  3  5  3  3  6  8  7  3  6  7  9  3  2  9  1  2  9  2  5  0  9  7  8  9  8  1  2  2  2  4  8  5  3  5  6  1  9  8  4  3  5  7
  6  3  3  9  5  9  5  3  6  6  2  6  3  1  4  1  6  2  5  2  4  6  4  4  8  7  5  4  0  3  9  6  3  7  4  1  7  6  4  1  5  2  9  4  2  1  1  1  4  6
  2  5  2  8  4  9  5  6  3  8  1  7  6  9  2  7  1  2  5  2  5  7  4  7  4  7  9  1  3  0  7  5  5  4  5  8  7  3  4  3  4  8  9  4  5  4  9  7  5  6
  7  5  7  9  7  3  6  9  6  1  7  1  7  5  6  9  8  3  7  5  8  5  9  5  6  9  2  4  3  5  0  8  9  4  2  2  6  3  1  1  7  9  7  9  9  7  6  3  4  1
  3  8  5  8  5  2  6  4  1  9  2  1  8  2  7  7  6  7  8  9  9  1  5  8  7  7  4  3  4  6  6  0  9  3  8  7  5  1  3  1  1  9  4  8  7  3  9  3  5  2
  4  2  4  3  4  1  1  8  3  8  6  9  6  3  2  3  3  7  7  3  2  1  9  8  9  2  8  3  9  7  7  5  0  6  6  1  6  9  5  3  3  4  8  9  8  3  9  7  9  9
  8  3  9  2  4  2  5  7  2  1  6  4  2  2  5  3  2  6  9  4  8  8  5  8  5  9  9  6  2  8  2  3  8  0  1  4  5  3  4  5  3  5  1  2  6  8  1  8  3  4
  7  9  6  4  6  4  9  2  2  7  9  7  4  1  9  5  6  4  3  7  9  6  4  2  9  9  3  4  7  3  3  2  7  9  0  1  6  2  3  6  8  1  1  7  9  9  5  4  4  5
  2  9  9  3  7  4  3  1  2  7  4  8  9  3  7  9  9  7  1  5  6  6  2  6  7  3  9  1  4  1  9  6  4  4  2  0  5  7  3  5  5  4  2  4  6  5  7  5  5  1
  7  5  6  1  1  7  5  8  6  1  3  2  2  3  6  1  2  8  7  1  4  2  7  6  7  9  9  9  8  6  9  2  3  7  3  7  0  8  1  7  3  5  4  6  4  5  5  4  6  8
  7  7  4  1  3  6  2  2  1  1  7  9  1  8  4  9  6  3  3  6  8  1  2  5  2  7  7  4  5  8  6  3  6  2  6  7  3  0  5  8  4  2  9  2  1  3  8  2  1  8
  6  4  4  8  7  4  2  3  6  3  3  5  8  9  1  4  1  9  1  9  6  9  1  2  3  2  7  3  1  9  9  9  7  8  3  4  3  2  0  6  3  1  1  6  9  3  2  3  5  3
  5  1  7  8  2  5  5  3  2  7  8  1  6  4  8  1  3  7  6  1  5  9  3  1  7  2  5  4  4  8  7  4  2  8  2  8  3  5  3  0  5  7  9  5  8  7  1  1  7  3
  6  5  2  2  8  3  2  7  7  7  8  4  9  1  9  8  3  8  9  8  6  9  6  9  4  5  8  1  6  1  7  4  3  4  2  4  9  6  8  1  0  3  7  5  1  3  1  2  5  7
  3  6  8  2  5  2  4  9  4  2  1  7  1  3  2  3  5  5  8  7  7  2  5  1  2  4  2  2  1  7  6  3  4  7  8  5  4  8  6  6  9  0  7  6  2  5  6  9  5  3
  1  7  9  9  2  1  8  4  5  5  8  3  3  5  8  6  9  3  6  1  3  4  5  3  3  6  8  4  2  3  3  6  8  6  3  6  5  1  7  4  5  2  0  1  9  2  1  1  5  1
  1  9  2  3  2  4  5  5  4  5  1  3  6  3  1  1  6  8  3  8  4  5  1  3  9  5  5  2  3  7  6  2  7  2  2  7  9  4  2  8  3  1  8  0  6  3  5  5  1  8
  9  8  8  7  5  9  2  1  9  6  3  3  6  7  9  8  9  1  4  4  3  6  6  3  1  4  5  3  5  8  1  6  3  9  3  1  3  6  3  6  8  7  1  3  0  6  7  3  9  7
  6  2  1  8  4  9  5  6  9  5  4  9  8  2  9  3  7  6  3  6  3  4  3  5  6  6  3  8  4  3  3  5  3  7  6  7  6  8  6  2  1  4  8  1  1  0  2  7  9  4
  1  5  5  3  1  6  4  1  3  2  8  6  7  2  6  3  8  7  1  8  4  4  2  5  2  1  3  2  8  6  9  2  6  6  4  6  6  4  6  3  8  4  9  9  6  2  0  9  7  4
  1  8  3  9  1  3  4  7  1  6  5  6  2  8  8  4  8  9  9  4  5  2  6  8  6  1  8  6  8  7  2  2  6  8  4  7  6  1  9  4  1  7  8  5  6  5  5  0  8  6
  6  1  2  8  2  6  1  9  7  6  3  8  7  9  5  4  3  9  7  4  2  2  3  7  3  5  3  5  7  9  4  8  1  8  3  2  6  2  3  7  6  4  8  2  1  2  2  8  0  6
  6  2  8  7  2  2  5  2  9  1  5  9  2  4  3  2  9  1  6  4  4  3  5  1  9  2  6  2  8  1  1  5  2  5  3  6  3  8  3  8  4  5  4  2  2  8  3  4  9  0
M4
  0  1  8  3  8  7  9  9  3  7  5  3  8  9  1  5  6  4  6  9  5  1  2  9  3  5  4  7  9  7  6  5  5  1  6  9  6  8  4  7  9  6  6  5  4  5  2  4  7  7
  8  0  9  3  1  9  4  4  4  6  6  9  8  3  8  2  1  7  3  5  8  3  7  8  3  1  2  4  1  7  8  2  2  2  9  9  1  1  7  5  7  8  3  4  1  9  6  1  2  5
  3  3  0  1  3  6  8  4  4  5  4  3  5  2  3  6  1  5  3  7  2  9  7  4  5  9  4  7  5  6  3  5  3  7  7  3  4  9  5  3  7  1  7  8  1  3  4  4  5  8
  6  4  3  0  8  9  4  7  1  8  4  6  4  5  4  1  5  4  6  8  6  7  4  1  9  7  2  5  6  2  6  8  8  6  3  1  2  1  4  1  6  3  2  3  7  9  8  8  9  7
  5  4  7  3  0  6  5  3  3  2  4  2  2  7  1  6  1  9  4  8  6  5  7  6  1  1  2  8  1  1  8  1  2  5  9  5  8  3  6  4  3  9  5  1  7  5  5  6  5  6
  3  2  8  4  7  0  5  6  7  2  7  6  5  9  2  2  2  3  9  3  3  2  9  5  2  7  6  1  7  3  3  5  3  1  6  4  1  5  4  8  6  1  3  4  4  5  1  9  9  8
  1  4  8  1  1  5  0  6  4  5  1  9  2  7  1  6  3  1  4  7  7  7  1  1  1  3  6  9  5  3  1  6  3  1  1  8  6  7  2  8  6  9  8  5  5  3  3  9  8  7
  3  5  2  6  8  2  2  0  6  7  5  1  1  9  5  7  2  3  3  8  7  1  1  2  7  6  1  9  4  8  6  1  3  6  7  9  8  2  5  2  7  3  3  9  2  8  4  7  7  7
  7  9  2  7  7  2  8  9  0  6  6  1  7  4  9  6  6  3  9  6  2  7  9  2  6  4  7  4  9  8  8  6  2  8  5  8  5  6  6  1  1  5  8  6  1  1  9  8  4  8
  9  2  5  5  2  6  8  1  3  0  4  3  2  1  1  7  5  1  8  4  5  7  3  4  3  3  3  6  2  7  8  1  3  1  4  6  1  1  1  1  7  6  4  9  6  3  1  8  6  3
  7  8  9  9  1  9  5  3  6  9  0  1  2  4  5  7  4  7  3  4  5  8  4  8  9  2  3  7  1  8  4  2  2  4  4  7  5  1  8  3  9  7  4  9  3  3  7  6  5  6
  7  2  8  4  8  8  3  9  6  1  9  0  3  4  8  8  7  4  6  2  7  9  4  3  9  1  5  4  5  3  3  1  5  2  5  9  4  2  4  7  8  6  3  9  1  2  8  1  3  9
  1  7  1  8  6  9  4  8  6  9  3  9  0  6  4  7  6  7  3  6  1  5  4  3  3  2  1  5  5  6  2  9  9  2  6  5  7  4  1  7  3  9  3  3  5  6  2  2  1  5
  5  4  7  5  1  4  1  5  1  6  6  3  7  0  9  9  5  7  3  2  1  2  8  4  6  2  8  4  1  5  2  9  2  8  2  1  3  7  5  6  2  3  5  2  5  4  7  8  5  5
  3  6  2  7  9  8  8  5  8  5  8  1  5  1  0  4  2  5  4  1  7  5  3  9  6  6  8  2  5  2  3  9  8  2  1  2  4  1  2  4  6  8  5  9  5  5  9  7  8  2
  3  3  7  7  6  4  2  1  6  6  4  8  4  5  8  0  4  8  3  2  7  5  5  2  8  2  2  6  6  6  8  8  9  2  5  3  1  6  2  2  8  8  8  7  1  2  5  7  9  9
  5  2  6  2  8  6  1  9  1  9  6  8  1  3  1  9  0  4  6  1  2  8  4  3  4  4  7  1  9  3  1  4  8  4  8  7  7  2  9  9  6  2  9  8  3  7  6  1  9  1
  2  8  6  6  6  7  7  7  3  7  7  9  8  5  8  4  7  0  1  4  7  2  9  1  6  8  7  5  5  8  2  2  7  6  9  4  5  7  6  3  1  4  1  5  8  4  3  1  9  5
  5  1  1  5  6  2  2  8  1  8  6  1  6  9  5  7  4  9  0  5  1  2  2  6  2  6  9  6  4  2  4  6  1  6  1  7  7  9  6  3  5  1  1  6  6  8  4  5  3  9
  7  5  8  9  4  6  2  4  3  9  5  4  4  7  9  4  9  6  3  0  3  6  8  5  2  6  8  7  7  9  6  5  1  5  8  3  2  2  4  7  3  6  4  4  7  1  4  3  2  3
  1  5  9  6  9  3  5  7  7  7  8  3  9  2  9  3  3  8  1  1  0  6  4  6  1  7  2  1  7  5  3  9  3  6  8  5  6  3  8  1  7  4  9  5  1  5  2  3  5  3
  9  5  8  8  5  6  6  5  5  2  2  1  8  1  2  5  1  1  9  6  2  0  2  6  5  7  7  1  8  5  1  6  4  8  3  3  3  3  2  1  7  3  2  8  5  7  4  2  6  4
  1  9  1  7  2  2  1  9  7  8  5  2  2  4  9  7  1  8  3  5  2  1  0  8  2  9  7  5  9  1  2  1  3  2  5  4  6  5  6  1  1  5  6  2  9  3  3  7  5  4
  2  8  2  3  7  1  2  5  1  8  1  1  4  8  7  7  2  4  4  2  7  9  2  0  3  9  3  6  7  5  1  9  6  3  9  1  4  2  7  8  8  7  4  6  7  5  7  6  3  5
  3  9  9  7  7  8  3  4  5  1  6  2  5  2  4  2  7  5  2  8  9  9  2  8  0  2  2  8  1  5  9  9  3  3  5  6  1  7  5  9  9  4  8  6  5  8  8  9  5  8
  6  7  6  2  4  6  8  5  9  1  5  6  8  4  5  6  9  1  1  7  4  7  9  9  3  0  4  5  9  5  3  5  2  3  8  6  2  6  7  9  7  5  9  8  3  1  4  1  2  7
  5  7  3  2  1  7  8  4  1  6  2  4  7  9  3  9  3  3  4  4  5  8  1  3  7  4  0  8  1  4  9  3  8  3  9  9  5  5  3  8  9  6  7  2  7  3  1  6  5  4
  8  6  2  5  3  1  3  3  7  6  6  4  9  6  1  3  5  7  4  6  7  8  6  7  4  2  2  0  9  6  7  9  5  2  2  4  7  7  2  2  2  7  4  3  1  2  3  4  8  3
  1  8  6  2  2  6  3  5  5  7  9  8  4  3  7  3  8  7  2  3  5  6  3  8  4  2  8  4  0  2  5  1  6  4  4  1  6  6  7  7  6  3  7  6  7  5  8  7  7  6
  5  5  4  1  7  8  3  1  7  8  7  8  7  6  3  8  8  4  3  2  5  3  5  8  1  6  9  1  6  0  4  1  1  4  7  6  2  4  5  6  6  2  7  4  1  9  6  9  5  4
  8  3  5  4  4  2  6  7  9  1  7  9  9  8  3  5  6  9  8  9  6  1  5  4  3  4  3  8  6  4  0  7  6  6  3  5  7  6  9  5  6  6  6  3  3  9  4  8  5  5
  5  4  2  4  4  4  2  6  2  5  4  3  1  9  7  9  5  3  5  7  6  2  1  8  5  9  2  5  5  2  5  0  9  4  6  7  8  3  3  9  1  7  7  5  7  5  2  4  9  1
  8  6  8  4  6  6  4  7  1  2  5  4  3  8  5  8  4  4  6  2  5  2  9  2  3  6  8  5  7  9  5  4  0  9  1  4  9  5  5  8  7  5  4  3  3  2  7  1  7  9
  5  6  7  5  6  3  5  9  7  6  4  8  2  4  1  1  1  2  9  6  4  3  7  6  4  3  1  1  8  9  6  3  1  0  1  7  9  3  8  1  9  9  8  9  9  4  7  8  5  2
  1  6  2  8  1  4  3  8  6  5  7  4  6  1  3  8  9  3  9  4  1  7  5  1  1  7  2  3  9  3  5  7  5  9  0  5  1  3  8  1  3  6  9  1  4  7  8  3  3  7
  7  2  2  4  1  5  3  3  2  2  9  9  5  9  7  1  5  4  7  9  6  3  8  6  5  4  5  9  3  2  5  8  5  3  5  0  7  9  5  5  3  3  4  2  6  3  2  6  5  4
  9  9  5  6  2  4  9  3  8  4  6  1  4  4  6  5  4  9  7  4  7  3  2  2  3  5  6  1  9  6  5  8  8  4  5  9  0  6  4  9  8  3  5  8  2  6  5  6  3  4
  8  8  2  4  6  7  1  4  1  1  7  7  9  8  2  1  9  6  7  5  5  2  4  9  9  6  5  5  6  5  3  8  1  7  3  4  9  0  4  6  9  5  3  4  2  1  7  1  5  8
  3  5  6  5  4  1  5  2  8  4  7  3  4  8  8  3  1  2  3  6  4  2  9  8  2  5  3  5  8  2  7  4  3  5  9  9  5  6  0  3  1  5  5  3  9  7  5  1  6  4
  7  4  7  4  1  6  6  2  2  2  6  2  8  8  3  1  9  4  8  8  6  2  5  3  9  1  8  5  5  6  7  5  3  6  5  7  9  9  8  0  2  4  2  2  4  9  2  3  1  7
  8  4  9  7  6  9  7  8  3  9  4  8  8  7  9  9  1  2  5  8  3  7  8  4  5  2  4  9  4  2  9  9  5  4  9  1  9  1  9  2  0  3  9  7  8  4  7  3  6  9
  4  4  7  1  5  8  2  9  2  1  1  1  4  7  7  1  7  6  5  2  1  9  2  5  7  6  7  9  2  5  9  2  4  8  2  6  1  6  4  5  6  0  9  9  1  4  8  7  5  7
  1  1  9  3  6  3  7  6  5  7  8  1  8  9  1  8  7  3  2  4  6  3  2  1  1  2  8  4  7  3  4  4  1  1  9  4  5  4  9  5  9  2  0  9  9  4  6  6  1  5
  8  3  5  6  7  6  8  4  6  3  5  6  5  9  6  7  1  7  9  3  8  1  8  6  4  6  5  3  8  6  8  7  4  9  2  8  1  2  4  9  8  2  2  0  7  7  4  7  3  4
  1  3  1  6  6  7  3  9  5  5  3  1  2  8  6  5  9  2  1  2  2  5  7  1  7  9  2  7  8  1  3  3  5  8  7  2  1  8  2  9  6  3  1  2  0  2  7  3  2  2
  6  7  7  8  2  5  5  6  9  8  7  9  8  4  7  2  3  5  5  2  9  7  2  4  4  4  6  3  7  1  3  8  3  5  7  1  5  6  1  9  4  1  4  8  3  0  3  9  8  1
  2  7  9  5  1  6  1  7  8  8  6  5  8  6  7  3  1  5  9  4  6  7  4  2  1  6  3  2  6  7  8  6  6  8  1  1  4  9  8  7  9  7  6  6  7  4  0  3  9  5
  2  4  3  5  4  4  8  1  5  8  4  9  7  9  8  8  6  1  1  6  1  2  5  7  9  7  6  1  6  2  3  8  7  6  7  5  3  8  5  5  5  9  4  1  8  8  8  0  5  3
  6  1  5  7  9  5  4  9  8  2  9  6  2  4  8  9  1  5  5  9  8  5  7  2  3  2  1  3  3  5  1  4  3  3  9  4  7  8  3  1  4  8  6  4  5  2  4  5  0  3
  6  7  6  7  7  7  6  6  5  9  3  4  3  8  2  4  3  8  5  5  1  9  9  2  6  1  5  9  9  2  4  7  7  7  5  2  7  9  1  4  7  4  8  6  6  6  4  7  1  0