20 20
  0 55  1 74  2 99  3 34  4 59  5 20  6 94  7 12  8 76  9 12 10 97 11 50 12  5 13 76 14 84 15  4 16 75 17 79 18 18 19 99
  0 56  1 41  2 82  3 67  4 33  5 35  6 43  7  8  8  4  9 78 10 44 11 71 12 87 13  5 14 21 15 24 16 39 17 35 18 85 19 52
  0 21  1 10  2 14  3 16  4 71  5 25  6 68  7 15  8 45  9 58 10 93 11 27 12 66 13 59 14  4 15 88 16 38 17 97 18  7 19 21
  0 77  1 36  2 14  3 83  4 49  5 81  6 77  7 21  8 25  9 13 10 11 11 86 12 33 13 52 14 37 15 53 16 72 17 68 18  2 19 41
  0 83  1 69  2 63  3 64  4 22  5 19  6 42  7 75  8 23  9 22 10 74 11 24 12  2 13 16 14 72 15  7 16 26 17 93 18 93 19 69
  0 43  1  1  2 67  3 32  4  6  5  4  6 75  7 84  8 77  9 53 10 69 11 58 12 32 13 14 14 86 15 35 16 50 17 29 18 20 19 88
  0 11  1 21  2 16  3 43  4 68  5 42  6 17  7 29  8  3  9 92 10 60 11 20 12 43 13  3 14 17 15 45 16 83 17 94 18 50 19 80
  0 64  1 72  2 46  3 67  4 14  5 58  6 85  7 15  8 20  9  7 10 95 11 12 12 16 13  1 14 96 15 45 16 15 17 14 18 95 19 83
  0 59  1 37  2 28  3 37  4 36  5 18  6 54  7 26  8 49  9 62 10 83 11 61 12 96 13 24 14 38 15 43 16 71 17 84 18  3 19  4
  0 37  1 54  2 91  3 79  4 17  5 19  6 83  7 83  8 35  9 94 10 97 11 57 12 22 13 47 14 43 15 31 16 13 17 29 18 30 19 99
  0 96  1 88  2 69  3 31  4 30  5 73  6 30  7 38  8 29  9  8 10 37 11 34 12 17 13 19 14 13 15 58 16 94 17 35 18 44 19 59
  0 27  1 65  2 34  3 41  4 83  5 14  6 52  7 32  8 59  9 81 10 86 11 64 12 75 13 76 14 81 15 88 16 16 17 13 18 97 19 47
  0  9  1 97  2  9  3  3  4 94  5 44  6 89  7 13  8 14  9  5 10 61 11 43 12 31 13 13 14 12 15 52 16 28 17 51 18 13 19 92
  0 63  1 71  2  7  3 11  4 53  5 13  6 54  7 10  8 94  9 24 10 68 11 94 12 62 13 67 14 57 15 99 16 17 17 49 18  7 19 11
  0 82  1 13  2 43  3 71  4 30  5 11  6 74  7 23  8 11  9 98 10 87 11 37 12 76 13  7 14 62 15 87 16 95 17 40 18 72 19 73
  0 31  1 90  2 62  3 21  4 74  5 55  6 86  7 28  8 17  9 85 10 19 11 13 12 30 13  7 14 87 15 47 16 65 17 11 18 49 19 31
  0 27  1 88  2 29  3 26  4 24  5 91  6 27  7 42  8 80  9 75 10 12 11 28 12  8 13 14 14 90 15 32 16 84 17 98 18 83 19 70
  0 67  1 39  2 70  3 98  4 47  5 51  6 22  7 68  8 70  9 57 10 39 11  2 12 34 13 99 14 94 15 24 16 93 17 61 18 75 19 15
  0 82  1 46  2 28  3 39  4 76  5 42  6 24  7 78  8 20  9 37 10 85 11 82 12 35 13  5 14 94 15 99 16 98 17 19 18 63 19 57
  0 65  1 89  2 62  3 73  4 28  5 47  6 11  7 39  8 25  9 96 10  6 11 10 12 73 13 11 14 81 15 22 16 65 17 53 18 47 19 19
SSD
M0
  0  5  6  2  7  8  4  1  6  6  4  9  3  1  6  8  3  3  7  8
  6  0  7  4  1  4  7  1  2  7  4  5  8  6  9  7  2  9  8  4
  5  9  0  9  8  2  2  6  7  2  5  3  9  7  4  1  1  4  6  3
  7  3  6  0  4  7  2  8  6  3  4  7  4  8  3  4  1  1  7  2
  3  9  4  7  0  6  3  7  5  2  1  7  2  4  2  3  8  9  5  3
  7  3  5  7  3  0  2  4  3  8  2  1  4  6  2  2  7  2  4  2
  1  5  9  5  4  5  0  9  4  7  7  4  7  2  8  5  8  3  5  9
  5  7  8  3  2  3  1  0  2  1  2  2  7  8  3  2  3  8  4  3
  2  1  3  3  4  7  8  4  0  7  1  5  3  3  7  1  2  5  4  3
  6  2  9  1  2  8  7  2  3  0  2  8  6  2  2  5  9  1  6  9
  1  8  1  3  9  8  7  6  4  9  0  9  4  9  1  7  7  6  9  8
  9  4  8  6  7  8  2  2  4  8  1  0  5  7  3  8  3  6  2  2
  6  6  4  6  4  9  4  2  3  1  8  1  0  1  8  6  3  1  3  4
  2  9  2  2  7  3  6  7  3  1  4  4  7  0  7  1  6  5  2  2
  1  1  3  5  2  7  2  7  1  1  2  9  1  1  0  8  2  1  4  7
  8  2  9  4  4  2  8  2  6  6  8  9  9  9  8  0  1  3  8  5
  1  4  5  5  4  3  6  8  5  9  8  5  3  3  9  2  0  7  4  4
  7  3  5  8  2  7  2  9  2  3  2  9  6  8  9  9  6  0  8  4
  9  7  9  3  9  2  8  3  4  2  5  5  4  1  9  6  2  5  0  2
  8  1  1  9  2  5  9  1  3  4  9  2  1  7  5  8  7  6  5  0
M1
  0  9  5  2  4  7  8  8  8  1  9  6  5  9  1  7  3  7  2  6
  2  0  5  7  6  1  1  2  5  2  2  8  2  4  7  7  5  1  2  6
  6  5  0  8  6  3  8  2  2  2  5  1  7  9  7  6  5  6  3  1
  3  6  7  0  4  6  6  7  5  1  8  3  7  7  3  7  8  8  3  2
  4  8  2  7  0  3  4  7  9  6  2  8  7  1  3  4  3  1  2  6
  3  5  2  6  8  0  2  4  3  2  2  9  5  7  1  6  6  2  6  6
  9  4  1  3  2  2  0  2  9  1  9  7  6  1  8  7  5  1  7  5
  5  5  8  2  2  5  6  0  7  8  1  6  5  6  6  3  2  3  8  2
  7  5  9  4  1  2  1  1  0  2  8  8  8  7  6  9  5  7  6  3
  4  8  8  1  4  9  8  7  1  0  4  5  9  5  9  2  1  6  8  7
  1  9  8  4  2  4  8  3  4  2  0  7  7  5  5  1  5  9  2  8
  9  6  2  3  1  3  9  6  7  5  3  0  8  8  1  9  5  7  1  7
  7  4  6  5  3  3  6  9  4  4  4  5  0  7  1  9  9  9  5  5
  1  6  2  6  2  5  1  8  4  7  6  8  8  0  2  7  8  5  4  3
  4  8  4  4  9  3  1  5  2  1  5  4  9  1  0  8  5  8  1  1
  1  4  5  3  5  9  5  9  4  3  5  1  6  3  8  0  8  7  4  8
  6  8  4  3  6  8  2  2  8  7  1  1  4  9  1  7  0  6  6  8
  8  6  1  7  1  5  3  1  5  3  2  4  4  4  4  4  3  0  1  5
  5  5  8  4  2  2  1  3  1  3  5  1  6  1  4  3  6  8  0  8
  1  6  8  2  2  5  5  2  1  4  1  6  4  4  3  4  9  6  6  0
M2
  0  7  7  2  5  7  1  2  4  3  3  6  7  3  6  8  1  8  7  7
  6  0  4  2  3  1  6  4  7  9  5  4  1  9  7  4  4  8  1  8
  8  2  0  1  8  6  8  9  7  8  1  6  9  9  9  9  4  7  3  9
  3  5  8  0  9  4  2  8  6  1  5  9  9  9  5  7  5  7  5  3
  2  3  3  5  0  3  3  9  8  6  8  6  1  9  6  9  7  5  4  6
  3  2  2  3  7  0  7  8  5  5  6  2  5  9  1  9  1  8  6  4
  2  8  6  4  8  3  0  3  4  1  9  8  9  2  1  2  3  4  9  6
  9  9  8  2  9  4  6  0  2  4  4  1  2  7  4  4  9  3  6  7
  8  5  9  3  5  4  3  4  0  5  7  3  1  5  8  3  3  5  9  8
  7  1  4  7  9  4  7  6  8  0  7  5  2  6  8  5  4  9  7  3
  2  7  8  5  8  2  1  7  4  8  0  5  7  7  8  2  2  8  4  7
  7  3  7  8  6  1  7  6  9  6  6  0  8  6  5  3  7  6  6  5
  1  7  1  9  2  9  8  6  7  3  6  6  0  1  4  9  9  6  6  4
  6  8  3  7  6  8  5  9  3  5  8  6  4  0  2  7  4  7  3  7
  7  6  7  2  7  1  5  6  4  1  2  7  1  3  0  7  2  6  8  7
  9  3  3  1  9  5  8  5  3  2  7  8  5  6  6  0  4  9  2  5
  3  7  2  6  9  9  1  7  5  1  7  2  8  7  3  2  0  3  5  6
  7  8  6  3  6  9  9  1  5  5  6  6  5  5  3  6  7  0  8  3
  7  9  5  6  2  6  4  5  1  3  4  7  5  3  4  1  3  7  0  2
  2  6  5  5  4  5  1  6  6  8  6  7  3  5  2  6  3  7  5  0
M3
  0  6  6  3  8  7  1  7  3  4  4  9  2  7  2  9  1  5  6  4
  3  0  6  8  6  7  2  5  9  5  7  8  5  4  5  1  8  9  8  8
  9  8  0  1  3  6  3  6  3  6  5  8  2  3  7  8  6  2  8  1
  1  8  1  0  5  5  3  9  5  3  9  7  4  8  8  1  4  1  5  7
  8  5  3  8  0  4  9  1  6  9  4  8  4  8  5  3  3  7  1  5
  6  6  1  7  3  0  5  7  5  6  9  6  5  2  9  3  9  7  5  5
  2  4  9  9  3  6  0  9  8  3  6  8  9  1  9  6  4  7  7  1
  8  2  2  2  4  8  7  0  7  9  2  6  9  5  3  3  1  3  8  2
  4  3  7  4  6  5  2  6  0  8  9  9  5  8  3  3  9  6  2  2
  1  1  5  4  5  4  8  5  8  0  5  2  6  4  4  8  5  8  6  8
  4  8  2  1  9  3  5  5  4  4  0  3  8  8  9  4  8  9  2  3
  8  6  4  6  3  4  3  5  8  1  3  0  1  1  2  9  2  5  4  1
  3  1  6  2  1  4  3  4  4  2  6  4  0  6  6  5  5  2  2  7
  3  9  3  8  5  2  3  7  6  1  6  1  8  0  9  4  3  3  3  4
  7  3  5  2  6  7  4  8  3  2  2  1  3  1  0  2  1  5  5  1
  1  4  4  4  1  1  5  4  4  2  8  2  1  8  5  0  2  6  5  7
  2  8  2  2  7  1  7  9  7  2  7  3  2  9  2  6  0  9  7  2
  8  3  2  4  9  4  6  8  1  5  9  9  6  7  6  6  6  0  7  6
  2  9  9  3  3  8  4  4  7  6  7  1  8  6  3  3  5  7  0  7
  9  2  9  1  4  7  3  5  2  6  1  4  3  1  6  6  8  5  9  0
M4
  0  9  1  5  4  4  5  4  1  9  5  4  5  6  7  2  5  1  8  4
  8  0  4  3  2  1  5  7  5  3  7  1  5  3  7  8  8  8  4  5
  9  9  0  5  4  5  7  1  4  5  3  3  1  2  1  6  1  8  2  7
  3  9  1  0  1  8  8  8  4  7  8  9  9  8  2  8  5  2  7  3
  4  1  9  4  0  1  1  4  2  3  8  2  9  2  4  6  8  7  1  4
  8  8  4  3  6  0  6  7  1  7  7  9  3  8  9  1  3  5  4  5
  7  3  9  7  2  8  0  5  8  7  8  3  7  4  1  2  7  7  1  5
  4  4  3  7  7  9  6  0  6  8  3  5  8  2  5  8  7  3  4  9
  4  1  8  3  3  8  8  1  0  6  5  8  5  4  8  4  9  3  2  1
  1  3  9  7  2  7  8  3  4  0  2  8  6  3  7  6  7  8  5  4
  1  5  9  2  7  6  2  7  6  4  0  6  5  9  8  6  3  7  2  3
  9  3  6  6  8  4  8  9  1  1  6  0  2  5  7  4  8  6  2  7
  8  9  3  8  4  9  5  2  8  3  1  9  0  7  2  7  6  7  8  9
  4  4  4  3  4  8  6  4  7  9  2  1  8  0  1  6  6  6  2  7
  4  5  6  5  6  3  9  6  3  1  1  3  7  1  0  4  6  4  2  5
  9  1  3  5  6  1  7  3  3  8  9  3  7  4  3  0  4  5  9  4
  8  8  9  5  8  5  7  9  2  2  6  4  8  8  3  1  0  3  7  5
  5  4  6  1  6  2  3  7  8  1  5  3  5  3  9  3  6  0  4  7
  7  5  4  3  4  3  2  2  2  9  3  7  4  8  3  5  4  3  0  4
  5  7  1  1  1  9  8  4  2  4  4  1  7  2  2  7  2  9  2  0
M5
  0  7  8  6  9  7  6  9  6  4  6  5  5  9  8  3  2  2  5  7
  1  0  6  8  5  8  7  9  6  8  6  7  6  8  6  1  8  5  9  4
  3  3  0  1  9  9  7  5  1  6  3  8  7  5  5  7  8  2  7  1
  4  7  5  0  2  8  2  4  1  2  2  1  7  6  7  5  6  4  4  2
  2  8  3  6  0  6  8  1  3  5  7  8  7  4  6  4  9  6  5  6
  3  3  4  9  1  0  6  1  6  6  9  9  5  3  9  4  3  7  4  2
  5  3  7  2  7  3  0  3  6  2  4  2  1  4  6  1  8  9  3  3
  6  9  5  3  3  3  5  0  4  8  7  7  6  2  6  3  8  6  9  6
  2  7  7  1  4  2  2  8  0  3  9  2  6  4  4  1  6  8  7  5
  6  3  5  5  9  5  1  3  2  0  3  3  7  6  7  2  3  2  2  4
  3  9  7  3  8  2  8  6  5  9  0  5  3  2  9  1  2  3  6  6
  1  4  2  7  6  7  8  2  9  5  6  0  7  9  9  2  5  9  5  2
  5  5  2  7  6  4  2  4  5  9  9  2  0  6  3  7  1  6  5  1
  3  4  6  4  9  2  4  6  9  9  8  1  7  0  4  7  5  3  8  3
  6  9  4  5  7  2  2  9  9  5  4  7  2  8  0  5  9  2  1  7
  5  5  3  7  5  6  3  3  3  8  3  9  8  1  7  0  7  4  7  5
  1  9  6  6  8  6  8  1  9  9  1  8  7  2  3  9  0  3  7  3
  2  6  3  9  3  8  3  9  9  9  9  5  5  4  4  8  4  0  6  3
  1  6  8  3  5  9  3  7  8  9  7  4  5  5  8  3  5  8  0  1
  4  8  3  6  3  9  3  8  6  7  9  1  8  3  9  3  4  6  1  0
M6
  0  5  3  8  3  7  4  1  9  7  5  6  5  4  4  2  8  6  5  8
  5  0  1  4  3  9  2  6  6  6  4  7  4  9  7  6  8  6  9  5
  8  4  0  2  6  1  9  6  7  3  6  4  6  2  3  9  6  9  1  7
  8  7  2  0  4  6  5  7  2  3  1  5  4  8  1  1  2  1  9  5
  6  9  7  4  0  6  7  7  1  9  4  6  4  3  7  7  7  4  2  3
  7  9  6  2  1  0  1  8  6  2  3  5  2  8  7  6  1  5  8  7
  1  9  1  1  1  4  0  3  5  5  5  9  3  4  6  6  2  2  4  6
  9  3  4  5  4  4  4  0  3  4  6  3  5  2  1  5  4  6  4  7
  3  3  4  4  3  1  2  2  0  4  4  7  8  6  5  6  2  6  9  7
  9  4  2  9  5  3  9  9  7  0  6  9  8  5  3  7  1  2  9  5
  4  3  6  8  3  4  5  1  4  9  0  6  9  1  1  6  6  2  4  3
  9  1  1  7  6  2  1  6  9  6  1  0  1  6  9  1  9  3  6  3
  5  4  9  4  1  4  1  3  3  8  3  2  0  4  9  3  1  7  8  4
  7  5  7  5  3  7  2  6  3  1  3  6  1  0  8  4  3  1  6  3
  9  5  3  4  9  1  6  4  9  7  1  7  9  3  0  7  5  6  2  1
  7  3  6  1  2  8  5  3  7  5  6  2  8  2  3  0  8  4  2  9
  8  4  2  4  9  9  1  2  7  1  9  5  8  1  4  8  0  8  4  4
  5  1  2  9  9  3  1  7  2  9  9  7  8  1  8  3  6  0  7  1
  8  6  7  9  8  9  2  4  1  8  3  8  7  8  2  4  7  8  0  3
  6  5  2  7  3  7  6  6  4  1  5  3  5  3  7  3  2  3  6  0
M7
  0  8  1  6  8  3  3  1  8  9  9  8  8  3  9  6  6  2  8  4
  7  0  6  4  9  7  8  2  9  3  6  5  3  1  7  3  1  4  6  8
  8  5  0  4  3  4  4  6  1  5  9  3  9  7  9  7  6  1  4  9
  2  3  7  0  4  5  2  4  4  1  8  8  5  6  9  7  7  2  2  3
  7  1  9  8  0  9  7  2  4  2  2  1  1  3  2  3  7  3  2  2
  4  6  7  2  3  0  5  2  4  4  7  8  7  8  8  7  7  1  3  4
  4  4  4  8  6  7  0  5  8  1  1  7  2  9  8  6  4  1  5  1
  8  9  7  1  2  3  3  0  6  5  3  6  7  5  7  5  3  2  3  5
  6  3  8  3  7  1  6  5  0  8  8  5  3  4  8  9  1  7  9  8
  6  5  1  5  9  3  3  3  9  0  7  6  2  6  8  9  9  2  7  3
  4  5  3  1  6  2  7  5  2  5  0  2  3  5  1  2  1  6  6  4
  6  6  8  9  1  3  5  9  9  8  4  0  8  8  5  7  5  5  5  9
  6  2  8  2  2  4  1  2  2  6  6  9  0  5  6  2  3  1  3  4
  4  4  5  5  8  9  6  5  8  2  4  2  4  0  7  9  4  9  1  6
  2  9  8  8  1  8  5  3  9  3  8  2  7  5  0  4  2  6  4  1
  1  8  5  3  8  5  1  9  8  6  8  6  6  9  3  0  2  9  7  4
  3  8  2  4  3  7  3  7  7  2  7  3  8  7  9  7  0  6  3  9
  5  3  7  1  1  6  2  1  8  9  4  9  3  9  4  7  9  0  9  3
  5  6  7  6  6  8  1  9  2  7  9  4  9  8  4  8  6  7  0  2
  9  9  3  5  4  9  6  5  4  8  2  1  7  9  5  9  9  3  5  0
M8
  0  7  4  6  4  8  3  6  5  9  8  5  8  6  5  8  4  5  2  8
  1  0  8  1  9  5  9  4  3  2  6  1  5  6  4  1  6  4  3  4
  5  3  0  3  7  2  8  1  9  8  3  2  6  4  6  9  6  1  8  8
  1  1  2  0  4  7  4  5  9  9  5  4  4  6  3  8  3  9  9  8
  4  2  2  5  0  3  8  7  9  6  4  3  8  2  6  7  7  1  7  7
  2  7  9  8  9  0  8  8  3  9  8  3  6  9  4  9  9  5  2  8
  1  7  6  6  1  8  0  9  5  2  1  3  5  8  6  8  4  8  3  1
  6  5  5  8  9  5  8  0  3  8  6  5  1  6  3  8  7  1  2  3
  8  7  2  1  3  5  1  7  0  4  4  9  9  2  2  4  4  8  4  5
  4  6  4  3  2  7  8  7  3  0  2  3  2  6  4  1  6  2  5  8
  1  5  7  2  6  3  2  4  6  9  0  1  9  5  9  7  9  9  4  8
  7  4  7  7  9  7  8  1  6  7  2  0  2  5  9  6  4  8  3  2
  7  5  3  4  6  2  5  5  6  3  5  3  0  9  3  2  3  8  4  3
  2  5  2  9  9  1  7  9  7  5  3  2  4  0  2  2  9  3  2  8
  2  3  8  6  6  4  7  4  1  5  3  6  1  4  0  8  8  2  8  3
  6  1  2  9  3  4  1  1  7  8  1  5  2  5  3  0  2  7  1  9
  2  6  4  9  8  8  8  1  9  1  4  1  8  6  6  4  0  7  8  5
  5  5  2  9  4  9  6  9  5  2  8  4  8  5  7  3  5  0  4  2
  8  5  9  6  5  3  9  8  4  8  8  1  7  7  8  8  8  8  0  3
  3  8  9  8  9  9  2  7  6  2  1  5  6  8  9  3  2  3  5  0
M9
  0  1  4  3  7  2  2  5  4  3  6  3  5  5  3  9  6  4  7  9
  9  0  1  3  5  8  9  5  5  3  8  1  9  7  7  2  8  4  4  7
  6  8  0  1  9  1  9  4  5  5  5  9  8  6  2  8  4  9  4  3
  9  8  8  0  9  4  5  6  4  6  4  5  8  6  8  6  5  5  6  1
  6  5  6  3  0  2  2  9  5  6  2  9  5  7  3  4  5  4  8  2
  9  4  5  5  2  0  8  7  4  6  9  8  5  6  6  3  3  2  3  8
  8  9  3  3  8  7  0  7  5  6  7  2  9  8  8  1  2  6  6  2
  4  8  6  5  8  7  9  0  5  7  4  3  8  9  2  3  3  3  3  6
  2  6  5  1  6  4  4  2  0  4  8  8  7  2  9  1  3  8  4  9
  2  5  9  4  1  1  6  3  6  0  2  7  2  6  8  2  2  8  2  9
  6  1  8  5  7  9  6  2  1  3  0  8  7  5  1  4  1  5  6  3
  1  4  6  4  2  9  2  6  1  6  9  0  1  3  5  6  6  2  9  6
  1  5  4  7  4  7  1  9  1  7  9  7  0  2  8  1  4  2  9  4
  7  3  2  1  6  4  3  9  9  4  9  6  5  0  4  9  4  7  6  6
  1  3  7  3  7  2  4  7  9  6  5  7  6  7  0  4  9  1  1  7
  7  1  8  8  1  3  9  3  1  6  6  8  8  6  4  0  8  2  3  9
  3  7  5  6  5  9  4  5  9  2  4  2  6  1  4  5  0  4  5  2
  1  7  4  5  5  3  5  8  1  1  1  5  9  8  3  4  8  0  1  3
  1  7  3  7  8  4  5  3  4  8  7  5  1  2  6  2  8  8  0  2
  6  6  9  1  1  4  7  5  1  8  4  7  5  7  7  1  3  2  2  0
M10
  0  4  5  9  8  1  7  3  8  7  6  9  9  5  6  1  5  3  3  6
  6  0  3  8  5  1  2  1  6  1  1  3  9  6  2  5  8  7  4  9
  8  5  0  1  3  8  2  4  3  3  6  7  8  7  8  2  3  1  1  4
  9  4  9  0  1  9  5  1  4  8  4  4  2  6  4  8  9  8  6  1
  3  5  1  8  0  3  6  2  1  6  3  6  1  4  6  6  9  8  2  7
  5  7  8  8  6  0  7  7  5  9  4  1  2  6  8  5  7  3  4  3
  3  5  3  5  3  8  0  1  9  4  9  6  8  8  4  6  3  7  2  1
  5  6  5  6  3  6  6  0  8  4  5  1  5  1  9  8  1  5  6  8
  5  9  3  6  4  2  1  4  0  5  1  6  7  4  9  2  8  8  5  8
  9  2  6  6  3  9  4  8  5  0  6  8  3  8  9  5  2  8  6  6
  8  9  7  6  8  2  3  4  6  6  0  3  3  2  6  8  8  4  2  8
  7  1  2  9  3  7  5  8  2  1  4  0  3  3  2  2  7  8  2  8
  4  5  7  1  7  2  9  8  1  5  8  7  0  8  7  4  7  4  3  8
  2  8  4  5  2  6  2  9  2  6  6  3  1  0  9  2  5  9  7  8
  6  4  6  5  2  9  2  2  7  7  1  2  8  5  0  4  6  9  6  5
  5  9  9  6  8  3  8  3  6  1  6  4  9  3  7  0  8  8  3  7
  8  5  4  8  3  7  3  6  1  8  5  8  8  2  6  5  0  8  6  4
  3  8  7  5  4  1  6  6  5  3  7  1  8  5  2  7  1  0  2  3
  4  1  1  7  7  2  8  5  5  5  2  1  3  1  2  4  5  6  0  3
  8  1  8  2  7  1  2  7  2  3  7  9  5  6  9  6  3  6  9  0
M11
  0  1  1  2  4  3  8  2  2  3  7  2  3  7  4  4  7  4  4  4
  1  0  3  4  7  9  6  5  5  1  2  4  9  9  4  5  1  5  1  6
  7  7  0  6  6  6  2  5  8  2  8  5  9  1  5  8  8  2  5  2
  7  3  8  0  6  8  7  8  4  2  2  3  6  5  3  6  7  4  7  7
  5  3  1  8  0  8  8  5  2  7  4  2  9  1  2  4  4  6  7  7
  8  4  9  5  6  0  2  5  8  8  5  8  7  3  8  3  3  1  2  9
  9  4  2  4  6  9  0  8  3  8  6  5  7  9  7  9  6  4  2  6
  1  8  8  8  1  3  6  0  5  6  3  3  9  6  9  7  5  9  6  7
  4  2  3  2  9  4  1  8  0  3  6  3  7  9  1  2  6  3  2  7
  7  1  1  1  8  7  2  1  3  0  9  4  8  2  6  9  2  5  1  4
  8  1  7  5  5  9  2  5  4  6  0  4  9  2  4  4  1  6  4  1
  5  1  7  6  2  6  6  2  4  6  4  0  4  1  8  4  3  4  1  1
  5  3  4  4  8  4  9  5  2  6  8  4  0  6  2  6  9  8  1  8
  3  7  7  6  9  8  7  1  6  3  9  2  5  0  1  2  8  9  6  5
  7  4  8  4  2  6  4  3  7  7  8  1  8  6  0  8  7  1  9  3
  9  6  5  2  4  5  7  1  2  3  4  7  5  9  7  0  4  5  5  1
  8  2  5  4  9  7  6  5  9  2  5  3  5  1  8  6  0  7  9  3
  3  6  8  2  7  4  1  6  9  3  9  6  5  9  3  6  1  0  2  9
  4  2  5  8  4  1  5  2  2  1  7  8  8  3  4  6  1  4  0  2
  8  1  3  6  8  5  4  3  1  4  9  2  4  1  3  3  5  9  9  0
M12
  0  7  7  6  9  8  6  8  5  4  4  3  4  8  5  1  9  8  3  8
  6  0  6  2  7  8  3  6  6  8  8  4  3  5  9  1  4  7  3  8
  5  6  0  5  6  5  9  3  2  1  2  7  7  2  4  6  3  2  1  1
  8  1  6  0  2  7  2  5  8  3  9  1  2  7  3  6  5  3  3  3
  7  3  5  5  0  1  4  8  6  9  8  8  6  1  2  8  5  1  1  5
  9  1  1  7  4  0  6  8  1  6  3  8  2  8  1  4  2  3  6  8
  8  2  6  2  6  1  0  7  9  2  6  1  4  7  6  2  2  3  6  8
  2  9  5  4  9  8  8  0  5  6  4  4  5  5  9  8  5  4  8  9
  5  2  2  6  7  8  7  6  0  7  6  9  4  8  1  3  3  6  5  6
  5  3  7  1  8  8  1  8  6  0  6  7  3  1  2  8  5  7  1  9
  1  1  9  6  6  8  3  4  9  3  0  9  6  8  3  1  1  7  9  6
  3  4  1  6  8  3  3  1  4  7  7  0  3  1  3  8  1  9  5  5
  2  9  7  9  7  3  5  7  5  9  3  5  0  3  9  9  7  1  7  3
  1  1  8  9  8  6  8  4  3  8  1  6  4  0  1  8  7  7  5  3
  1  9  3  1  4  2  5  3  9  9  3  9  9  3  0  6  8  8  7  8
  8  9  2  7  9  8  5  6  9  5  2  5  9  8  1  0  5  5  5  6
  2  3  4  4  3  6  6  7  6  5  3  3  5  1  5  8  0  3  7  2
  9  1  3  9  4  2  3  4  5  6  5  1  9  2  3  1  8  0  7  5
  7  7  6  8  7  7  5  3  8  4  3  2  1  6  3  4  9  2  0  2
  4  4  1  7  7  7  8  2  3  3  8  9  8  2  1  6  9  6  9  0
M13
  0  3  2  2  1  6  5  5  3  9  5  5  1  4  7  7  8  1  1  1
  7  0  5  4  8  7  9  9  4  7  2  7  4  3  2  8  2  1  8  9
  4  7  0  6  6  3  3  7  5  5  6  8  7  9  8  9  9  9  7  6
  9  8  4  0  5  5  8  7  2  1  3  7  6  6  3  7  4  6  2  2
  6  9  3  5  0  3  3  5  6  4  2  3  8  3  7  3  4  7  6  3
  5  7  9  7  6  0  7  6  7  5  5  2  7  2  9  5  3  7  3  4
  6  8  4  2  9  8  0  3  5  5  9  7  9  8  2  8  8  3  4  4
  4  2  8  7  6  8  1  0  5  5  9  3  5  3  1  3  6  7  8  6
  1  1  6  2  4  4  4  2  0  6  7  6  3  8  1  5  7  1  4  7
  6  7  1  6  4  5  1  2  4  0  7  2  4  3  3  1  4  7  8  7
  3  2  5  5  3  6  9  5  9  9  0  9  2  9  9  4  1  1  2  9
  2  9  2  3  1  4  7  8  6  1  6  0  3  7  5  4  2  4  1  2
  5  7  2  7  1  7  9  7  6  4  4  6  0  5  5  2  7  9  7  8
  7  9  5  1  9  8  3  5  6  5  7  3  2  0  9  1  6  1  6  6
  3  9  5  6  3  3  8  2  1  1  9  5  2  2  0  6  7  7  9  4
  3  5  6  4  3  3  4  2  4  3  1  8  1  7  9  0  8  6  4  9
  4  9  3  4  7  1  2  4  1  3  4  2  3  1  5  3  0  6  4  7
  9  5  4  9  7  7  2  1  9  7  5  7  8  2  1  7  2  0  3  9
  6  4  7  6  7  6  5  6  5  4  5  4  6  9  3  4  4  1  0  8
  6  9  5  8  8  9  5  4  5  7  6  9  8  7  9  6  7  6  6  0
M14
  0  9  8  6  7  8  7  9  8  6  5  9  2  9  3  4  1  5  4  8
  2  0  7  8  6  8  8  4  8  7  3  5  7  2  8  9  2  2  6  9
  4  2  0  8  3  6  8  4  6  9  1  2  7  1  3  4  3  1  1  1
  3  3  4  0  3  4  6  1  2  7  6  9  9  3  6  2  5  7  7  4
  2  7  6  1  0  3  6  7  6  7  7  8  3  3  5  4  8  2  7  3
  2  7  5  8  1  0  5  2  7  7  6  5  9  9  6  6  7  8  8  2
  3  3  5  1  2  9  0  2  1  7  7  6  2  9  5  1  5  9  4  9
  1  7  2  4  5  9  4  0  7  8  6  2  3  7  4  1  4  7  6  9
  2  3  5  7  3  2  4  6  0  5  8  8  2  1  7  5  7  8  4  1
  5  5  5  8  1  1  4  6  8  0  7  9  2  7  3  5  2  8  8  8
  7  7  5  2  2  5  3  5  1  8  0  7  2  1  1  3  9  3  1  4
  9  4  1  3  7  4  3  9  8  6  7  0  3  2  9  4  7  2  8  9
  4  7  1  9  4  4  8  2  4  8  5  7  0  9  3  2  6  5  5  8
  5  4  3  5  3  1  5  9  4  9  6  9  4  0  7  2  2  1  6  6
  8  6  2  9  5  9  4  7  9  7  7  4  8  9  0  5  4  8  4  1
  9  7  2  9  3  2  4  2  2  6  9  1  3  2  9  0  9  5  1  1
  4  8  2  8  5  3  5  5  8  4  4  4  2  8  9  4  0  9  4  1
  2  6  1  2  1  6  7  1  2  6  3  7  1  3  6  2  5  0  9  9
  3  3  8  9  2  7  4  6  9  9  2  2  1  8  7  6  2  9  0  8
  3  2  8  5  9  3  5  8  2  5  5  9  9  9  5  9  9  4  5  0
M15
  0  7  7  1  6  6  7  2  7  6  9  6  1  5  4  8  8  2  3  4
  3  0  3  5  5  6  9  4  9  3  4  1  7  1  9  7  2  7  9  5
  6  8  0  8  2  7  6  9  1  5  2  3  3  6  2  9  3  1  4  8
  5  8  2  0  9  4  1  2  7  3  1  1  8  8  3  7  3  4  4  4
  4  4  2  8  0  8  4  9  1  9  4  5  7  9  9  2  8  7  2  7
  8  3  7  8  8  0  8  3  4  9  5  2  5  8  6  7  4  5  2  9
  7  7  6  5  9  9  0  3  2  1  9  4  2  6  8  2  7  3  2  6
  9  2  9  2  9  9  3  0  7  8  4  5  2  3  4  3  7  5  5  2
  4  7  6  1  1  8  6  1  0  8  8  7  4  7  5  1  9  1  3  8
  9  5  6  7  5  9  9  7  3  0  8  8  2  3  5  4  5  7  1  8
  5  2  1  3  4  1  3  6  7  8  0  4  2  7  6  5  4  2  2  7
  6  8  8  4  9  9  3  5  1  2  8  0  4  5  4  2  9  3  4  7
  4  3  8  4  8  1  4  3  2  8  3  3  0  6  5  1  8  4  2  4
  2  2  1  2  1  5  1  6  1  8  6  5  8  0  5  7  2  5  6  4
  9  6  5  9  1  3  8  1  2  6  8  3  9  9  0  3  4  6  6  7
  6  5  5  2  4  6  9  2  7  6  2  2  7  9  6  0  6  9  5  2
  7  9  7  3  1  9  6  6  3  9  4  8  1  4  6  5  0  2  6  9
  1  3  3  9  1  8  5  2  5  9  5  7  8  3  6  7  7  0  1  8
  2  8  4  9  2  4  8  1  9  5  3  7  9  1  2  2  5  9  0  2
  4  6  7  3  9  1  4  7  8  9  1  7  2  3  5  4  2  8  8  0
M16
  0  6  7  7  9  5  3  6  5  5  4  1  4  7  5  1  6  4  6  3
  4  0  3  1  4  6  2  9  9  6  8  5  6  2  9  7  4  8  6  5
  2  1  0  9  9  4  3  1  6  7  9  7  9  5  3  9  7  7  4  2
  7  2  2  0  5  7  1  3  4  8  4  5  7  7  6  2  9  6  2  3
  6  8  2  5  0  8  8  9  1  8  2  4  5  1  6  8  9  8  8  8
  5  3  5  4  6  0  3  8  1  3  1  5  9  3  3  8  4  7  7  7
  4  5  2  7  8  4  0  8  6  4  2  9  7  6  9  8  7  1  5  8
  9  8  5  1  2  5  6  0  9  9  4  1  7  1  5  6  2  9  2  8
  8  3  8  4  4  1  7  2  0  9  7  9  5  7  5  1  8  4  4  6
  1  3  2  6  1  4  4  3  1  0  6  3  7  1  5  6  5  4  8  2
  9  5  8  3  7  5  2  9  4  1  0  5  9  3  3  8  2  5  1  1
  3  4  3  5  4  6  3  5  4  9  2  0  2  3  1  9  6  4  7  9
  3  4  1  8  7  1  9  4  6  3  2  8  0  6  7  8  5  2  3  7
  7  7  6  4  9  8  2  2  4  3  2  9  5  0  4  3  2  4  6  9
  6  5  2  4  2  6  8  2  3  9  5  4  1  1  0  8  2  1  2  5
  4  2  2  8  3  4  3  5  9  9  2  8  9  3  1  0  3  7  7  3
  6  8  7  9  9  9  9  7  7  9  6  7  7  2  7  8  0  7  7  3
  6  4  3  4  2  5  8  7  1  6  8  7  6  2  9  3  4  0  3  7
  4  3  1  7  7  8  1  3  5  4  7  6  9  7  3  9  1  5  0  5
  8  2  7  2  9  7  9  4  1  9  6  1  5  5  1  5  3  7  1  0
M17
  0  1  7  3  9  4  2  9  4  1  9  5  2  1  2  9  9  4  1  5
  9  0  3  6  6  9  8  2  6  7  2  7  8  8  4  2  8  3  1  3
  7  8  0  2  6  1  8  9  7  8  6  9  4  4  1  6  9  6  7  7
  5  4  8  0  6  3  9  3  9  2  3  6  2  8  7  6  6  9  4  5
  6  4  8  8  0  8  6  5  1  9  6  3  9  4  1  5  9  3  8  3
  7  8  5  3  4  0  5  3  5  3  9  2  3  1  5  4  5  3  2  2
  5  7  7  3  1  9  0  8  7  7  8  8  3  8  7  5  3  1  8  4
  5  5  2  1  3  5  3  0  7  5  5  3  6  2  2  7  1  6  5  8
  2  8  3  8  8  7  3  4  0  4  3  9  4  1  5  4  8  6  5  2
  1  1  9  1  9  9  9  2  3  0  9  4  1  3  8  6  3  4  7  6
  4  7  4  5  2  7  8  7  7  5  0  6  6  8  4  7  9  6  1  4
  4  3  2  7  5  3  5  4  7  6  9  0  4  3  5  9  9  1  4  9
  2  7  1  3  5  1  4  9  2  6  8  4  0  4  7  2  4  5  2  3
  4  8  5  1  9  2  2  8  9  3  5  6  4  0  5  9  9  6  7  5
  3  7  1  6  3  4  3  2  8  1  8  5  6  7  0  9  9  9  1  1
  1  4  9  9  7  5  4  7  4  3  9  2  8  1  1  0  3  1  7  5
  1  9  5  3  3  3  8  8  8  6  9  7  1  6  5  4  0  2  8  6
  4  5  4  3  9  9  3  5  6  8  1  9  9  2  8  7  6  0  6  2
  2  2  3  7  9  2  2  3  5  4  5  3  7  8  8  1  2  6  0  4
  1  5  8  4  2  1  2  7  6  6  1  9  5  1  6  4  6  4  9  0
M18
  0  1  5  2  8  3  2  2  4  5  6  9  4  1  4  3  9  8  2  8
  1  0  2  9  6  1  9  3  3  6  4  1  7  6  3  7  5  6  3  1
  5  8  0  2  5  4  2  7  6  1  1  4  3  2  8  2  2  1  1  9
  1  4  4  0  2  8  8  8  9  4  9  9  3  8  9  4  2  1  5  8
  5  2  7  9  0  7  4  3  4  8  8  2  5  7  2  5  1  5  8  9
  7  6  2  8  2  0  1  5  7  4  8  5  6  8  1  8  2  4  9  8
  5  2  1  8  8  1  0  7  7  2  8  6  9  4  2  7  5  6  3  4
  9  1  7  8  9  1  5  0  7  2  7  7  9  4  6  4  8  4  3  9
  8  6  3  6  6  6  1  5  0  7  4  2  9  6  1  4  8  5  9  3
  7  4  7  2  5  6  1  3  1  0  2  4  6  1  2  7  9  3  2  2
  8  3  1  4  8  9  4  3  8  5  0  7  2  1  2  5  9  9  5  6
  6  5  1  5  8  9  4  5  7  6  4  0  8  8  8  1  9  6  3  9
  1  6  5  5  6  2  2  9  5  1  8  8  0  6  3  9  4  8  1  3
  3  1  5  1  5  3  9  8  6  3  9  4  9  0  5  3  5  8  6  4
  7  8  5  1  1  9  6  7  8  6  9  3  4  1  0  1  8  5  9  7
  3  8  7  3  9  1  2  3  7  2  2  6  5  9  4  0  7  6  3  1
  2  6  9  9  5  4  2  8  3  9  8  9  1  7  7  5  0  1  9  6
  4  1  8  4  3  4  1  5  5  2  4  5  8  2  5  8  3  0  5  8
  7  6  9  1  3  2  8  5  8  4  4  9  7  9  5  1  8  1  0  1
  6  4  6  4  6  5  1  7  2  6  3  4  6  4  1  5  5  9  4  0
M19
  0  1  7  3  4  9  6  2  1  1  9  6  5  6  3  6  1  1  3  9
  9  0  3  6  9  3  2  2  8  1  3  1  3  2  6  8  3  8  3  8
  6  4  0  5  7  8  3  2  1  5  1  3  2  5  9  3  1  6  1  8
  5  1  2  0  6  4  3  7  1  3  1  7  6  2  2  2  6  4  5  6
  1  4  3  6  0  3  4  6  7  3  1  4  3  6  5  8  9  6  5  6
  3  7  3  5  1  0  8  5  6  8  3  6  9  4  3  3  7  4  2  5
  2  5  9  3  7  3  0  4  8  1  2  3  1  6  9  5  2  4  6  3
  9  9  7  7  7  8  1  0  5  5  5  4  4  5  5  3  2  7  3  3
  7  2  6  9  8  6  1  6  0  3  2  8  2  8  3  5  5  5  8  2
  5  5  6  6  1  8  6  6  3  0  3  6  6  4  2  9  6  4  7  8
  9  5  7  9  9  8  1  9  9  9  0  6  6  8  8  5  1  7  9  5
  9  9  6  3  6  2  7  3  8  2  6  0  9  7  3  2  6  2  5  6
  6  5  7  8  7  4  6  1  1  6  7  2  0  4  5  3  5  6  8  4
  4  1  4  3  2  4  9  7  4  3  5  8  9  0  9  9  3  2  9  8
  5  2  2  6  2  9  2  6  7  7  9  3  3  8  0  3  1  4  9  1
  8  8  7  2  5  5  5  8  2  4  7  1  6  3  8  0  8  5  4  4
  1  5  3  2  5  8  3  9  2  1  7  4  9  1  6  1  0  1  1  2
  7  5  9  6  1  5  7  2  3  6  9  5  1  4  8  1  1  0  6  9
  7  4  7  2  4  1  1  4  6  9  8  5  9  1  1  7  8  2  0  6
  2  8  7  8  4  8  2  2  2  6  2  5  2  6  7  5  7  9  4  0