20 20
  0 50  1 78  2 36  3 85  4  9  5 75  6 46  7 73  8 71  9  7 10 49 11  3 12 60 13 12 14 75 15 31 16 70 17 20 18 88 19  9
  0 90  1 56  2 43  3 88  4 92  5 64  6 94  7  3  8 49  9 40 10 49 11 53 12 88 13 47 14 19 15 61 16 78 17 78 18 30 19 41
  0 39  1  9  2 10  3 60  4 98  5 96  6  6  7 56  8 36  9 33 10 15 11 59 12 15 13 46 14 60 15 47 16 41 17 38 18 34 19 22
  0 34  1 43  2 19  3 98  4 44  5 95  6 19  7 73  8 87  9 64 10 18 11  7 12 26 13 17 14 87 15 32 16  9 17 26 18 33 19 34
  0 66  1 84  2 55  3  4  4 51  5 22  6 20  7 80  8  8  9  5 10 65 11 65 12 11 13 43 14 27 15 34 16 47 17 64 18 21 19 83
  0 81  1 73  2 48  3 99  4  8  5 41  6 51  7 82  8 25  9 25 10 55 11 58 12 16 13 16 14 48 15 69 16 94 17 62 18  7 19 55
  0 27  1 66  2 85  3 53  4 31  5 26  6 85  7 36  8 76  9 89 10  1 11 24 12 55 13 91 14 72 15 32 16 26 17 11 18 94 19  3
  0 48  1 38  2 70  3 21  4 15  5 33  6 92  7 98  8 73  9 95 10 79 11 55 12 59 13 94 14 88 15  1 16 65 17 38 18 10 19  8
  0 46  1 83  2 82  3 33  4 47  5 68  6 43  7 90  8 80  9 58 10 10 11 26 12 81 13 73 14 48 15  1 16 17 17 68 18 73 19 75
  0 68  1 57  2 39  3 53  4 31  5  9  6 75  7 46  8  6  9 83 10 37 11 40 12 53 13 89 14 59 15 80 16 42 17 37 18 85 19 30
  0 48  1 97  2 91  3 63  4 80  5 81  6 70  7 10  8  6  9 28 10 77 11 89 12 92 13 12 14 74 15 19 16 59 17 74 18 82 19 57
  0 92  1 52  2 82  3 18  4 83  5 28  6 70  7 46  8 33  9 35 10 80 11 94 12 23 13 58 14 86 15 57 16 80 17  9 18 62 19 65
  0 78  1 77  2 85  3 45  4 20  5 61  6 36  7 65  8 79  9 74 10 79 11 51 12 55 13 25 14 49 15 98 16  7 17 65 18 99 19 89
  0 84  1 13  2 17  3 29  4 84  5 69  6 31  7 83  8 10  9  5 10 84 11 74 12 79 13 24 14 94 15 37 16 75 17 16 18 67 19 60
  0 93  1 12  2  6  3 43  4 69  5 37  6 76  7 75  8 93  9  6 10 93 11 54 12 13 13 55 14 15 15 31 16 63 17 38 18 61 19 90
  0 39  1  2  2 54  3 41  4 49  5 57  6 63  7 47  8 65  9  9 10 21 11 86 12 89 13  1 14 95 15 51 16 96 17 85 18 10 19 84
  0 43  1 65  2 87  3 80  4 93  5 36  6 89  7 61  8 26  9  3 10 85 11 22 12  2 13 67 14 41 15 66 16  7 17 50 18  4 19 74
  0  1  1 93  2 85  3  4  4 39  5 80  6 46  7 28  8 73  9  2 10 64 11 83 12 17 13  3 14 94 15 38 16 10 17 62 18 70 19 17
  0 65  1 39  2  4  3 31  4 13  5 96  6 25  7 59  8 42  9 35 10 46 11 19 12 97 13  1 14 15 15 62 16 47 17 39 18 31 19  2
  0 87  1  1  2 72  3 19  4 88  5 74  6 88  7 22  8 18  9 41 10 35 11 44 12 41 13 71 14 71 15 72 16 38 17 97 18 49 19 19
SSD
M0
  0  5  9  4  4  6  8  3  5  5  7  5  9  8  8  9  4  4  1  6
  8  0  8  6  1  4  8  7  6  4  8  6  9  5  7  2  2  1  6  9
  4  1  0  4  4  1  2  5  5  8  7  8  4  9  8  8  2  1  5  8
  8  1  7  0  8  8  6  9  1  9  5  2  3  5  6  2  5  3  4  4
  8  1  3  2  0  1  9  9  4  5  1  3  2  5  3  8  8  2  8  7
  5  9  4  2  8  0  7  6  9  9  2  4  3  3  7  1  8  3  6  7
  4  6  4  8  9  7  0  5  9  1  2  2  5  8  9  4  7  7  7  4
  3  7  6  9  5  3  8  0  7  1  6  7  8  8  4  9  9  5  1  5
  6  8  7  5  6  3  6  2  0  7  5  4  8  1  3  7  7  8  1  1
  3  8  1  9  6  3  7  4  2  0  1  4  3  6  1  3  9  9  6  8
  3  4  7  1  1  1  1  1  4  4  0  5  5  2  2  6  5  1  8  1
  4  7  8  8  8  9  2  8  6  5  4  0  1  5  6  1  6  6  3  5
  3  4  9  9  5  7  5  8  2  8  2  4  0  6  8  2  3  1  2  5
  6  8  5  9  3  5  8  2  9  1  2  9  4  0  2  5  5  2  4  2
  9  9  7  9  2  6  3  3  5  1  7  1  1  7  0  7  2  6  8  3
  5  7  8  5  6  7  8  5  9  2  9  4  9  2  7  0  3  6  5  3
  4  7  3  1  1  8  2  6  9  4  3  5  6  4  6  7  0  7  8  4
  1  5  9  3  6  2  4  6  8  1  7  6  9  1  1  5  4  0  2  8
  4  3  6  6  1  4  7  4  7  1  6  2  4  8  5  6  4  9  0  8
  3  4  3  2  1  9  1  7  8  8  6  9  7  6  1  1  7  3  5  0
M1
  0  1  4  2  4  8  5  1  1  7  3  6  6  9  6  9  8  7  2  1
  2  0  7  3  5  9  1  2  4  6  7  9  2  5  3  1  9  2  4  8
  7  4  0  2  1  7  4  3  3  6  4  7  1  1  5  1  1  5  6  3
  8  9  3  0  6  3  5  7  9  7  6  3  9  9  2  7  4  6  7  7
  4  2  6  1  0  2  1  1  1  6  6  8  4  8  9  9  6  9  3  9
  4  5  8  9  1  0  9  2  1  9  2  7  5  4  3  3  9  8  6  5
  5  6  8  5  1  6  0  1  3  1  8  9  2  7  3  9  3  3  5  7
  2  7  2  7  2  4  4  0  9  5  2  4  8  4  2  1  8  7  4  7
  9  9  5  1  2  3  6  2  0  5  2  2  3  3  7  3  5  6  2  9
  5  5  6  5  5  9  8  5  9  0  6  9  9  1  7  3  3  1  7  6
  1  7  9  7  6  5  4  7  9  3  0  6  3  3  1  3  8  3  1  6
  5  1  8  7  7  5  2  1  4  9  7  0  2  6  4  3  2  6  7  7
  9  8  3  4  6  8  1  4  1  2  5  1  0  8  3  5  5  1  5  1
  4  6  5  9  3  3  7  4  2  3  4  4  5  0  6  4  3  7  6  6
  5  2  6  4  9  2  2  8  9  3  7  2  1  5  0  2  3  2  4  9
  2  4  5  6  4  6  9  6  6  2  5  9  6  6  9  0  4  1  5  5
  6  8  6  7  5  5  1  4  9  9  3  4  8  9  2  9  0  9  5  6
  5  8  2  5  9  1  2  3  3  6  9  7  3  4  8  3  7  0  2  6
  8  2  2  1  2  7  4  1  8  3  2  9  3  1  9  9  8  1  0  9
  9  5  6  5  3  7  7  3  8  1  3  1  4  6  9  8  6  6  1  0
M2
  0  1  9  6  7  6  9  7  6  7  2  4  5  6  7  5  4  7  4  4
  6  0  6  1  1  4  2  1  5  3  7  9  7  2  5  2  9  1  2  7
  2  1  0  3  7  8  9  3  1  3  3  9  6  9  8  6  4  4  7  3
  1  6  6  0  8  4  4  3  7  8  6  6  5  7  8  8  1  2  9  3
  2  2  2  8  0  9  1  8  9  1  1  7  5  1  1  9  1  3  9  3
  2  9  9  1  3  0  1  8  6  2  4  9  9  7  9  6  1  6  8  9
  8  6  9  8  2  9  0  8  2  1  9  2  7  4  6  7  1  8  3  5
  3  7  9  2  8  1  2  0  9  5  2  5  5  7  4  1  7  2  9  9
  7  8  2  5  9  3  1  2  0  5  7  1  9  4  8  4  7  6  7  6
  6  9  6  7  3  6  2  7  7  0  3  6  7  3  6  7  3  7  6  2
  7  7  5  2  5  7  4  3  8  2  0  2  1  7  6  2  1  2  3  9
  9  9  6  2  5  7  6  7  2  9  3  0  2  6  4  3  8  1  4  4
  8  8  4  3  1  4  7  7  5  8  1  3  0  1  7  3  2  7  2  6
  6  4  8  3  4  4  3  7  6  6  5  8  5  0  1  7  4  9  7  9
  8  4  3  6  3  8  5  1  9  2  9  2  6  7  0  9  5  7  8  7
  9  4  9  1  3  8  8  2  5  8  1  9  1  2  1  0  1  4  2  3
  8  3  3  1  4  8  7  5  1  8  3  5  6  7  6  3  0  1  4  1
  3  9  5  2  9  4  5  5  4  8  7  2  1  4  7  6  5  0  1  8
  7  2  9  9  8  6  8  3  6  9  4  2  8  4  2  7  1  5  0  4
  9  3  7  7  6  6  7  7  9  6  1  3  3  6  1  2  7  4  7  0
M3
  0  3  3  4  7  7  1  3  2  4  6  4  4  3  3  9  4  1  9  8
  7  0  2  2  2  9  3  9  8  4  1  3  1  7  4  5  5  2  9  5
  8  9  0  9  8  6  9  5  7  2  8  4  8  2  8  6  7  5  6  2
  1  4  3  0  3  7  6  7  3  6  5  3  4  4  3  5  9  5  7  7
  1  7  4  4  0  1  3  2  3  3  7  9  2  3  2  6  5  9  8  8
  4  6  4  7  4  0  8  5  3  4  6  7  7  5  5  2  2  4  9  1
  1  5  2  1  2  7  0  7  6  1  7  1  2  7  6  6  2  3  6  5
  4  1  2  1  8  3  4  0  7  4  7  8  6  3  8  7  1  4  2  3
  1  1  7  9  1  8  8  6  0  2  6  6  5  1  9  3  4  4  1  1
  5  3  3  1  2  8  5  5  6  0  3  1  4  9  1  8  7  7  5  3
  3  7  4  5  5  5  2  4  6  4  0  7  4  6  2  8  8  9  9  2
  4  8  7  3  4  6  4  6  2  1  4  0  1  6  9  5  9  8  1  7
  9  4  7  3  9  2  6  5  1  9  8  6  0  5  7  6  6  5  9  4
  7  3  1  8  4  4  2  4  4  8  2  4  9  0  4  2  6  5  6  4
  7  9  1  6  8  2  8  5  8  5  2  7  4  6  0  1  5  8  4  4
  1  8  7  3  8  3  4  4  4  8  4  4  1  9  8  0  8  4  1  9
  7  2  4  9  8  1  9  2  8  5  4  4  4  9  9  3  0  3  4  5
  2  3  8  6  4  9  2  3  1  6  9  2  7  3  8  8  9  0  1  9
  5  5  7  2  6  8  5  9  1  5  4  4  6  9  8  4  6  2  0  4
  8  7  5  3  6  9  7  8  2  8  5  8  9  7  7  6  2  8  3  0
M4
  0  6  8  1  4  6  9  2  1  7  6  8  6  6  9  9  3  8  3  5
  9  0  6  7  3  5  1  6  4  6  6  9  4  4  1  1  7  8  9  6
  9  2  0  1  3  2  2  4  1  8  5  4  5  1  7  1  2  5  8  8
  9  3  6  0  8  9  9  9  6  1  8  6  9  4  5  7  9  6  5  8
  5  1  9  2  0  9  4  1  5  5  5  7  5  3  6  2  4  5  7  1
  1  8  2  3  3  0  1  2  4  4  8  6  3  7  5  6  2  1  6  7
  5  7  2  2  8  2  0  4  3  3  3  8  2  8  9  7  1  8  8  1
  5  7  7  5  1  2  3  0  1  9  8  4  1  1  5  1  4  4  4  6
  3  1  8  4  8  9  9  3  0  6  9  5  2  2  1  3  1  1  6  3
  1  1  5  3  9  3  1  6  5  0  8  4  2  7  1  7  1  1  4  4
  3  8  7  8  4  5  8  5  2  6  0  4  3  8  8  7  6  9  2  5
  4  3  5  6  8  4  9  4  2  2  7  0  2  8  2  7  1  6  1  1
  3  4  4  7  8  7  2  2  2  5  1  2  0  5  5  7  2  5  7  4
  4  8  7  7  7  1  2  7  5  1  9  4  5  0  7  6  6  3  1  3
  9  4  2  8  2  3  3  2  4  8  3  4  3  5  0  9  8  4  9  2
  7  8  4  5  7  9  2  2  1  7  1  4  6  5  8  0  3  6  8  8
  4  5  2  2  1  9  8  3  1  3  6  7  2  4  1  5  0  2  2  9
  6  2  3  4  2  2  5  7  3  2  8  5  5  6  3  6  5  0  6  2
  7  2  1  7  7  8  5  7  2  6  5  7  5  7  4  5  3  3  0  7
  6  8  5  7  8  9  6  2  4  1  2  5  9  1  6  1  8  4  3  0
M5
  0  2  5  4  7  3  6  2  1  2  2  2  9  6  7  2  9  9  5  5
  5  0  6  3  3  5  4  9  9  4  3  4  3  3  2  7  1  8  3  9
  7  6  0  7  1  4  5  8  4  6  6  3  5  8  8  5  4  5  6  7
  2  3  7  0  7  2  9  7  3  8  5  2  1  8  9  1  9  2  9  3
  2  6  6  8  0  4  1  4  9  2  1  3  4  3  9  9  8  4  9  6
  8  3  3  6  3  0  4  4  4  1  9  7  2  2  1  8  7  6  4  8
  2  3  9  2  6  4  0  7  8  9  3  3  2  3  7  8  9  9  3  4
  3  1  8  3  6  6  5  0  3  7  5  4  5  7  2  5  1  1  4  8
  1  1  2  5  1  6  1  7  0  3  3  1  3  1  5  5  6  3  8  9
  1  2  1  4  3  6  2  1  1  0  8  7  8  2  1  6  1  4  2  7
  8  8  5  1  9  6  7  3  3  3  0  4  9  5  3  4  2  1  8  5
  6  2  4  4  1  6  2  7  6  4  3  0  1  5  7  9  2  9  7  8
  1  6  3  5  5  3  7  8  5  8  5  4  0  5  1  5  1  3  4  3
  1  6  7  4  8  1  7  8  1  2  1  3  4  0  2  4  6  3  3  8
  9  2  1  1  9  2  9  2  2  9  5  6  3  7  0  9  4  8  7  5
  7  3  4  2  6  5  4  7  1  8  1  4  3  6  2  0  8  8  9  6
  9  8  8  1  9  2  7  5  8  4  8  5  4  4  7  2  0  7  5  9
  6  6  4  8  7  9  9  1  7  6  5  2  7  9  2  9  2  0  6  2
  3  1  6  6  1  3  5  5  1  5  9  4  3  9  8  7  1  3  0  6
  8  7  3  4  4  1  6  6  4  8  4  4  1  7  1  6  5  4  5  0
M6
  0  1  4  4  5  9  6  7  4  5  7  8  9  9  4  3  4  1  5  6
  5  0  4  1  8  6  9  8  8  3  6  9  1  2  9  4  9  5  9  7
  9  4  0  7  1  2  2  5  1  2  4  1  1  3  6  6  4  9  9  6
  2  1  2  0  3  4  3  3  5  6  2  7  8  3  5  1  8  6  8  6
  1  1  7  9  0  2  5  1  2  6  6  2  2  1  6  3  5  8  7  3
  5  7  8  2  4  0  9  3  3  4  2  7  5  1  6  1  4  2  3  5
  4  1  3  6  2  7  0  7  1  3  3  7  2  1  9  6  9  5  1  9
  8  7  6  4  7  7  4  0  3  5  5  7  8  8  9  6  3  8  6  9
  7  2  7  1  3  6  5  3  0  1  8  5  5  7  3  9  3  4  3  4
  6  4  9  2  3  8  5  5  2  0  5  1  6  6  9  5  1  9  3  2
  4  4  7  6  3  1  5  9  4  3  0  9  9  9  2  7  3  6  9  2
  5  8  3  4  2  3  4  7  3  7  4  0  8  1  1  6  6  8  4  2
  1  6  4  1  9  3  9  9  8  6  5  2  0  7  4  3  1  1  2  3
  6  6  8  4  1  8  9  2  2  9  5  7  7  0  8  7  9  7  7  6
  9  5  6  6  3  4  7  3  5  6  8  3  7  7  0  6  1  1  8  8
  7  2  8  2  1  5  3  9  4  4  8  3  8  9  9  0  5  9  1  2
  7  3  6  4  6  9  8  2  3  2  7  9  7  3  9  9  0  1  4  1
  7  6  9  8  1  9  6  1  3  6  1  1  5  6  7  2  9  0  8  5
  1  9  1  4  5  5  1  2  2  4  4  3  1  9  1  9  6  7  0  3
  2  9  5  9  7  7  5  4  8  3  9  6  1  5  2  4  3  7  1  0
M7
  0  3  9  5  3  1  2  7  6  3  1  8  2  8  3  4  5  9  7  4
  9  0  2  5  9  1  5  8  2  8  8  4  8  4  5  8  3  7  6  3
  2  3  0  4  4  1  1  6  7  3  7  7  1  8  6  9  6  9  5  1
  8  8  5  0  6  2  9  1  7  7  2  3  9  6  4  2  7  6  1  2
  7  1  4  5  0  6  9  9  5  4  4  8  1  6  4  7  6  1  7  2
  4  8  7  9  6  0  7  1  4  2  3  8  3  6  5  9  7  3  1  7
  5  8  8  7  7  5  0  9  9  6  8  2  8  5  8  3  1  4  9  6
  1  4  2  8  9  1  9  0  5  5  8  5  9  1  4  3  8  7  6  5
  9  6  2  5  8  2  1  2  0  9  1  8  4  1  7  2  7  2  7  8
  3  5  2  8  1  3  4  6  6  0  1  1  4  4  3  7  8  6  3  9
  6  8  5  3  7  9  3  9  9  6  0  6  1  2  4  5  4  8  3  8
  1  1  1  6  9  5  7  6  9  1  2  0  1  9  4  5  6  7  2  6
  7  6  9  7  1  4  4  3  9  4  3  8  0  1  1  6  8  3  7  6
  6  6  4  5  7  9  4  8  5  6  1  6  4  0  5  8  8  1  3  4
  3  3  9  1  1  5  1  7  2  3  4  1  8  7  0  7  3  8  3  9
  7  1  3  4  9  5  3  2  6  7  5  5  5  2  2  0  6  9  1  1
  3  6  4  4  6  5  6  6  6  1  1  2  6  4  5  5  0  8  3  1
  2  7  4  7  7  2  8  7  4  2  4  9  7  3  8  9  3  0  4  2
  4  5  9  2  9  4  7  4  8  5  4  7  9  9  1  9  4  7  0  7
  9  4  3  8  1  6  5  8  5  1  5  4  9  4  8  3  6  8  3  0
M8
  0  4  1  6  1  9  1  4  6  3  9  8  9  7  7  4  4  4  4  7
  6  0  7  3  8  4  9  8  9  3  1  8  6  4  4  7  9  6  1  4
  5  1  0  4  6  3  3  3  1  7  3  2  9  3  1  9  1  6  9  4
  6  2  1  0  8  8  4  4  8  7  3  2  9  8  6  7  1  3  7  1
  7  7  8  3  0  5  1  9  7  9  5  1  4  8  6  6  1  9  1  3
  9  5  9  5  5  0  1  1  1  5  7  6  8  2  8  6  2  3  9  3
  9  5  8  8  3  7  0  5  7  3  6  9  5  1  4  7  2  1  9  9
  4  7  7  3  3  5  9  0  8  3  9  9  6  5  1  4  4  5  9  3
  4  8  5  6  7  4  6  1  0  3  9  7  9  2  4  4  6  6  2  1
  4  9  8  3  2  8  2  4  6  0  8  3  6  1  2  5  1  8  2  4
  6  3  2  8  8  4  4  9  1  9  0  2  9  6  5  3  4  3  3  5
  7  3  5  4  6  4  5  3  3  7  5  0  9  2  6  8  9  9  5  8
  1  9  3  3  3  2  2  3  4  8  6  1  0  4  8  6  1  1  9  6
  8  1  4  6  5  9  4  1  8  5  2  4  3  0  2  7  2  8  4  7
  2  8  4  3  7  2  9  9  6  8  6  1  6  6  0  4  1  2  2  6
  7  5  6  8  7  7  7  2  1  1  9  6  2  9  6  0  8  3  4  5
  7  3  3  7  2  2  2  6  1  6  7  7  6  8  9  7  0  1  2  7
  2  3  9  2  7  5  1  8  6  9  6  9  6  1  2  6  5  0  1  7
  7  2  1  4  4  6  2  3  7  4  9  1  7  3  2  6  3  6  0  8
  5  7  8  6  4  1  6  1  5  4  3  4  4  9  1  9  5  7  8  0
M9
  0  7  6  1  6  1  2  6  4  9  8  6  7  5  9  4  5  2  7  3
  4  0  1  1  7  7  5  3  4  1  1  1  2  7  6  3  7  4  9  8
  2  3  0  1  3  4  2  4  9  3  7  6  2  9  3  7  4  2  7  9
  1  1  5  0  3  1  5  8  6  6  7  3  8  8  8  4  2  4  7  6
  6  1  7  1  0  9  3  1  5  3  2  3  5  9  4  5  5  1  3  3
  2  7  3  4  8  0  7  3  2  1  2  2  6  1  9  9  6  3  1  9
  1  9  1  3  2  9  0  8  3  7  2  2  5  7  4  5  6  3  6  6
  5  8  3  6  2  7  1  0  3  8  5  3  8  9  6  9  7  7  6  5
  2  5  8  3  9  5  1  2  0  1  6  3  5  4  3  8  4  8  4  1
  3  3  5  6  9  6  4  6  8  0  5  7  5  6  1  7  5  7  2  7
  9  6  6  2  2  8  4  2  4  5  0  3  7  4  5  4  3  6  6  8
  2  2  7  3  4  9  5  8  3  8  4  0  9  3  9  7  1  1  8  4
  2  3  7  2  1  4  5  8  5  6  3  1  0  1  7  3  7  7  1  1
  5  6  8  2  1  1  5  9  9  1  2  3  7  0  9  2  7  6  9  8
  6  4  8  4  6  8  8  8  7  3  4  4  4  4  0  1  6  6  6  7
  6  2  9  3  3  5  9  5  4  6  8  5  8  8  5  0  7  2  8  2
  6  1  8  8  1  2  7  5  2  1  4  8  7  8  9  5  0  1  5  1
  3  2  2  2  1  2  3  1  1  3  7  1  7  2  6  8  9  0  6  9
  5  7  2  6  4  1  8  8  9  2  7  2  2  8  1  8  9  5  0  6
  8  9  9  1  3  5  5  5  3  6  3  1  2  5  3  3  1  9  9  0
M10
  0  2  3  5  6  5  8  7  9  4  6  6  8  8  2  9  6  2  1  7
  8  0  6  3  9  8  8  1  8  8  2  3  5  7  5  9  2  1  8  2
  6  6  0  3  1  3  8  5  5  6  8  5  7  2  6  7  7  3  6  6
  7  9  9  0  4  9  1  6  7  3  3  7  8  5  8  4  3  6  7  1
  2  3  2  6  0  4  6  3  8  6  1  5  8  9  6  9  3  7  8  2
  6  6  7  9  2  0  7  5  1  4  9  7  9  7  8  5  2  2  2  2
  9  2  1  3  2  9  0  4  4  1  2  1  1  1  7  3  1  5  4  9
  5  8  2  4  4  3  7  0  3  5  5  4  4  3  8  6  6  6  2  3
  5  5  2  2  2  6  9  9  0  4  3  2  7  6  8  1  2  6  1  2
  9  7  3  5  3  7  8  5  7  0  7  2  5  8  3  8  7  9  6  6
  6  5  7  3  9  4  7  6  6  3  0  4  6  8  8  2  2  6  9  8
  6  1  5  1  8  7  8  4  5  1  5  0  8  3  1  7  3  5  5  3
  5  5  9  2  8  5  3  1  8  1  8  4  0  4  1  2  2  5  4  1
  6  4  2  6  2  6  9  5  9  3  2  6  7  0  3  1  3  9  1  6
  6  3  9  2  1  1  9  1  3  2  3  7  4  3  0  1  5  6  8  2
  4  5  8  3  8  9  8  8  1  6  5  6  8  4  3  0  3  1  2  1
  1  5  4  7  7  2  2  9  2  3  3  3  3  5  2  9  0  2  8  6
  7  3  6  1  4  4  1  3  1  9  5  8  8  8  5  1  1  0  9  1
  2  6  4  5  3  6  7  4  2  6  7  6  4  5  1  7  2  7  0  5
  5  5  4  8  6  5  4  6  3  8  6  1  2  5  1  1  2  6  3  0
M11
  0  9  8  7  6  6  6  3  8  9  4  5  8  2  3  5  5  1  6  8
  6  0  8  1  2  4  8  7  6  7  6  1  2  2  9  9  5  4  9  8
  3  6  0  4  5  7  5  4  4  9  1  1  6  8  2  9  7  5  2  9
  5  9  2  0  3  2  6  2  9  2  6  4  7  4  3  2  3  3  3  8
  5  3  6  2  0  4  8  9  3  4  9  4  8  8  4  5  7  5  7  1
  4  8  8  2  6  0  5  4  7  9  3  5  7  9  2  2  8  6  7  4
  3  6  9  6  1  1  0  5  1  7  2  5  5  4  6  7  3  8  5  1
  2  1  9  9  8  1  5  0  7  9  5  7  7  7  6  3  3  9  8  5
  5  5  1  4  5  7  3  5  0  7  5  1  8  2  6  1  4  6  7  3
  6  4  5  3  2  2  1  9  1  0  9  8  4  6  2  7  1  2  5  8
  2  6  1  8  6  2  9  2  3  5  0  3  9  5  2  2  4  2  3  8
  3  4  3  6  8  8  9  3  3  1  4  0  7  2  5  1  4  6  6  3
  5  7  2  8  2  1  5  7  8  2  8  8  0  6  6  1  6  3  6  8
  5  8  7  2  7  5  2  8  1  9  6  5  1  0  9  8  3  3  6  4
  8  5  5  2  2  6  4  1  5  6  9  1  4  9  0  5  4  1  9  7
  3  6  3  6  1  5  6  9  9  5  2  9  6  3  6  0  8  6  9  4
  6  4  8  9  9  6  6  4  4  3  9  4  1  8  8  3  0  3  7  5
  3  3  3  4  6  8  9  3  3  1  4  9  5  7  8  6  9  0  2  3
  4  3  9  6  7  2  4  9  6  1  1  7  3  3  6  6  4  8  0  9
  4  9  5  2  8  3  6  8  8  8  1  4  4  8  5  3  4  6  4  0
M12
  0  3  7  3  1  6  5  9  5  5  8  2  1  4  3  8  8  5  6  9
  3  0  5  1  7  8  4  4  2  6  9  6  1  6  2  2  3  2  1  5
  8  7  0  6  9  2  1  2  2  5  1  5  8  9  3  2  4  5  1  2
  4  6  1  0  5  1  4  2  2  8  8  3  8  1  5  2  1  7  3  2
  7  2  9  9  0  3  9  5  5  3  6  3  1  3  3  4  8  5  2  4
  2  1  6  8  1  0  8  3  8  2  8  2  5  3  8  8  4  9  4  2
  6  2  2  3  3  2  0  1  1  6  6  9  6  9  6  4  4  3  2  9
  1  8  2  3  6  9  9  0  9  4  1  8  9  3  9  5  1  3  7  9
  2  7  9  2  5  1  2  7  0  7  4  4  6  3  8  9  8  4  4  4
  6  6  6  6  5  3  4  2  2  0  7  6  2  7  6  7  2  6  5  7
  1  9  6  3  9  9  1  9  4  8  0  3  9  1  4  1  4  6  9  1
  2  1  4  8  6  4  2  5  4  8  9  0  8  5  5  3  3  8  3  7
  5  3  4  4  5  6  5  3  4  8  7  3  0  5  7  6  2  7  2  3
  1  8  9  4  9  9  6  4  4  4  3  3  1  0  8  5  4  8  8  7
  2  7  2  1  4  3  1  4  7  4  1  2  1  3  0  5  8  4  6  2
  7  7  1  3  6  5  2  2  8  4  3  7  1  9  8  0  6  2  5  5
  7  2  4  1  2  5  6  5  2  8  7  2  9  4  6  3  0  6  2  2
  6  7  3  4  4  7  3  4  6  1  1  3  8  5  1  1  7  0  7  9
  6  2  4  8  6  6  3  5  5  8  7  3  3  3  9  6  6  2  0  4
  7  6  9  6  4  9  7  7  4  2  1  6  9  5  4  6  1  9  1  0
M13
  0  3  1  6  8  1  8  6  5  2  2  3  2  9  5  4  6  1  2  7
  2  0  1  4  7  1  9  7  5  6  9  2  6  2  9  3  4  1  5  3
  5  1  0  1  2  4  5  2  5  3  6  3  8  3  3  1  9  1  5  4
  8  7  9  0  5  6  4  8  6  6  2  6  4  6  2  2  4  8  1  5
  6  6  7  5  0  1  9  1  1  6  7  8  2  2  7  8  1  1  3  8
  9  4  6  9  7  0  3  6  6  9  6  9  2  5  4  3  6  2  8  9
  7  1  6  9  3  8  0  3  7  7  6  2  7  4  6  8  4  7  6  6
  2  9  5  5  6  5  6  0  3  3  1  2  1  4  6  5  1  1  5  3
  6  7  8  1  4  2  2  6  0  7  7  7  1  8  8  4  3  1  6  7
  9  5  5  5  9  1  8  1  4  0  5  7  7  9  4  8  8  9  4  7
  4  4  9  2  7  7  5  7  1  3  0  8  3  1  3  8  1  4  8  5
  4  3  9  3  4  2  4  8  5  5  9  0  8  9  2  3  9  8  9  1
  2  7  4  8  4  8  1  6  4  9  7  9  0  5  5  6  1  6  9  9
  6  4  8  7  3  4  9  9  1  6  6  3  4  0  2  7  1  9  7  5
  4  2  6  4  1  1  4  9  6  1  4  5  4  2  0  7  6  1  3  2
  6  3  3  1  1  3  2  8  1  6  1  8  8  8  3  0  3  4  4  4
  1  8  2  8  6  7  5  1  5  1  4  3  6  9  9  6  0  9  6  5
  4  7  2  3  8  4  6  9  6  6  3  2  4  8  6  9  4  0  4  1
  6  1  5  4  7  2  4  4  6  5  9  8  2  3  6  9  1  8  0  7
  8  7  8  4  8  6  5  3  7  3  2  7  4  9  9  2  8  2  6  0
M14
  0  4  1  5  6  3  7  8  7  7  2  1  9  5  8  3  2  8  7  2
  1  0  2  9  1  5  9  5  7  3  8  2  6  1  4  8  5  6  2  1
  9  2  0  7  9  4  2  8  9  1  4  8  4  6  3  2  8  1  4  2
  8  7  7  0  2  7  2  8  6  1  4  3  4  4  8  3  3  5  3  6
  5  2  2  6  0  6  9  2  2  6  8  6  1  8  2  5  1  7  4  8
  3  7  8  2  4  0  4  6  6  8  8  6  2  6  6  6  3  4  2  1
  3  5  9  3  1  6  0  1  2  4  5  5  1  2  2  3  6  5  7  1
  4  3  2  8  4  7  2  0  9  9  5  2  6  7  1  4  6  6  6  3
  7  7  8  5  3  4  5  8  0  1  3  5  3  3  6  8  7  3  6  7
  9  3  2  9  1  2  9  2  5  0  9  7  8  9  8  1  2  2  2  4
  8  5  3  5  6  1  9  8  4  3  0  5  7  6  3  3  9  5  9  5
  3  6  6  2  6  3  1  4  1  6  2  0  5  2  4  6  4  4  8  7
  5  4  3  9  6  3  7  4  1  7  6  4  0  1  5  2  9  4  2  1
  1  1  4  6  2  5  2  8  4  9  5  6  3  0  8  1  7  6  9  2
  7  1  2  5  2  5  7  4  7  4  7  9  1  3  0  7  5  5  4  5
  8  7  3  4  3  4  8  9  4  5  4  9  7  5  6  0  7  5  7  9
  7  3  6  9  6  1  7  1  7  5  6  9  8  3  7  5  0  8  5  9
  5  6  9  2  4  3  5  8  9  4  2  2  6  3  1  1  7  0  9  7
  9  9  7  6  3  4  1  3  8  5  8  5  2  6  4  1  9  2  0  1
  8  2  7  7  6  7  8  9  9  1  5  8  7  7  4  3  4  6  6  0
M15
  0  9  3  8  7  5  1  3  1  1  9  4  8  7  3  9  3  5  2  4
  2  0  4  3  4  1  1  8  3  8  6  9  6  3  2  3  3  7  7  3
  2  1  0  9  8  9  2  8  3  9  7  7  5  6  6  1  6  9  5  3
  3  4  8  0  9  8  3  9  7  9  9  8  3  9  2  4  2  5  7  2
  1  6  4  2  0  2  5  3  2  6  9  4  8  8  5  8  5  9  9  6
  2  8  2  3  8  0  1  4  5  3  4  5  3  5  1  2  6  8  1  8
  3  4  7  9  6  4  0  6  4  9  2  2  7  9  7  4  1  9  5  6
  4  3  7  9  6  4  2  0  9  9  3  4  7  3  3  2  7  9  1  6
  2  3  6  8  1  1  7  9  0  9  5  4  4  5  2  9  9  3  7  4
  3  1  2  7  4  8  9  3  7  0  9  9  7  1  5  6  6  2  6  7
  3  9  1  4  1  9  6  4  4  2  0  5  7  3  5  5  4  2  4  6
  5  7  5  5  1  7  5  6  1  1  7  0  5  8  6  1  3  2  2  3
  6  1  2  8  7  1  4  2  7  6  7  9  0  9  9  8  6  9  2  3
  7  3  7  8  1  7  3  5  4  6  4  5  5  0  4  6  8  7  7  4
  1  3  6  2  2  1  1  7  9  1  8  4  9  6  0  3  3  6  8  1
  2  5  2  7  7  4  5  8  6  3  6  2  6  7  3  0  5  8  4  2
  9  2  1  3  8  2  1  8  6  4  4  8  7  4  2  3  0  6  3  3
  5  8  9  1  4  1  9  1  9  6  9  1  2  3  2  7  3  0  1  9
  9  9  7  8  3  4  3  2  6  3  1  1  6  9  3  2  3  5  0  3
  5  1  7  8  2  5  5  3  2  7  8  1  6  4  8  1  3  7  6  0
M16
  0  1  5  9  3  1  7  2  5  4  4  8  7  4  2  8  2  8  3  5
  3  0  5  7  9  5  8  7  1  1  7  3  6  5  2  2  8  3  2  7
  7  7  0  8  4  9  1  9  8  3  8  9  8  6  9  6  9  4  5  8
  1  6  1  0  7  4  3  4  2  4  9  6  8  1  3  7  5  1  3  1
  2  5  7  3  0  6  8  2  5  2  4  9  4  2  1  7  1  3  2  3
  5  5  8  7  7  0  2  5  1  2  4  2  2  1  7  6  3  4  7  8
  5  4  8  6  6  9  0  7  6  2  5  6  9  5  3  1  7  9  9  2
  1  8  4  5  5  8  3  0  3  5  8  6  9  3  6  1  3  4  5  3
  3  6  8  4  2  3  3  6  0  8  6  3  6  5  1  7  4  5  2  1
  9  2  1  1  5  1  1  9  2  0  3  2  4  5  5  4  5  1  3  6
  3  1  1  6  8  3  8  4  5  1  0  3  9  5  5  2  3  7  6  2
  7  2  2  7  9  4  2  8  3  1  8  0  6  3  5  5  1  8  9  8
  8  7  5  9  2  1  9  6  3  3  6  7  0  9  8  9  1  4  4  3
  6  6  3  1  4  5  3  5  8  1  6  3  9  0  3  1  3  6  3  6
  8  7  1  3  6  7  3  9  7  6  2  1  8  4  0  9  5  6  9  5
  4  9  8  2  9  3  7  6  3  6  3  4  3  5  6  0  6  3  8  4
  3  3  5  3  7  6  7  6  8  6  2  1  4  8  1  1  0  2  7  9
  4  1  5  5  3  1  6  4  1  3  2  8  6  7  2  6  3  0  8  7
  1  8  4  4  2  5  2  1  3  2  8  6  9  2  6  6  4  6  0  6
  4  6  3  8  4  9  9  6  2  9  7  4  1  8  3  9  1  3  4  0
M17
  0  7  1  6  5  6  2  8  8  4  8  9  9  4  5  2  6  8  6  1
  8  0  6  8  7  2  2  6  8  4  7  6  1  9  4  1  7  8  5  6
  5  5  0  8  6  6  1  2  8  2  6  1  9  7  6  3  8  7  9  5
  4  3  9  0  7  4  2  2  3  7  3  5  3  5  7  9  4  8  1  8
  3  2  6  2  0  3  7  6  4  8  2  1  2  2  8  6  6  2  8  7
  2  2  5  2  9  0  1  5  9  2  4  3  2  9  1  6  4  4  3  5
  1  9  2  6  2  8  0  1  1  5  2  5  3  6  3  8  3  8  4  5
  4  2  2  8  3  4  9  0  1  8  3  8  7  9  9  3  7  5  3  8
  9  1  5  6  4  6  9  5  0  1  2  9  3  5  4  7  9  7  6  5
  5  1  6  9  6  8  4  7  9  0  6  6  5  4  5  2  4  7  7  8
  9  3  1  9  4  4  4  6  6  9  0  8  3  8  2  1  7  3  5  8
  3  7  8  3  1  2  4  1  7  8  2  0  2  2  9  9  1  1  7  5
  7  8  3  4  1  9  6  1  2  5  3  3  0  1  3  6  8  4  4  5
  4  3  5  2  3  6  1  5  3  7  2  9  7  0  4  5  9  4  7  5
  6  3  5  3  7  7  3  4  9  5  3  7  1  7  0  8  1  3  4  4
  5  8  6  4  3  8  9  4  7  1  8  4  6  4  5  0  4  1  5  4
  6  8  6  7  4  1  9  7  2  5  6  2  6  8  8  6  0  3  1  2
  1  4  1  6  3  2  3  7  9  8  8  9  7  5  4  7  3  0  6  5
  3  3  2  4  2  2  7  1  6  1  9  4  8  6  5  7  6  1  0  1
  2  8  1  1  8  1  2  5  9  5  8  3  6  4  3  9  5  1  7  0
M18
  0  5  5  6  5  6  3  2  8  4  7  5  6  7  2  7  6  5  9  2
  2  0  2  3  9  3  3  2  9  5  2  7  6  1  7  3  3  5  3  1
  6  4  0  1  5  4  8  6  1  3  4  4  5  1  9  9  8  1  4  8
  1  1  5  0  6  4  5  1  9  2  7  1  6  3  1  4  7  7  7  1
  1  1  3  6  0  9  5  3  1  6  3  1  1  8  6  7  2  8  6  9
  8  5  5  3  3  0  9  8  7  3  5  2  6  8  2  2  6  7  5  1
  1  9  5  7  2  3  0  3  8  7  1  1  2  7  6  1  9  4  8  6
  1  3  6  7  9  8  2  0  5  2  7  3  3  9  2  8  4  7  7  7
  7  9  2  7  7  2  8  9  0  6  6  1  7  4  9  6  6  3  9  6
  2  7  9  2  6  4  7  4  9  0  8  8  6  2  8  5  8  5  6  6
  1  1  5  8  6  1  1  9  8  4  0  8  9  2  5  5  2  6  8  1
  3  4  3  2  1  1  7  5  1  8  4  0  5  7  3  4  3  3  3  6
  2  7  8  1  3  1  4  6  1  1  1  1  0  7  6  4  9  6  3  1
  8  6  3  7  8  9  9  1  9  5  3  6  9  0  1  2  4  5  7  4
  7  3  4  5  8  4  8  9  2  3  7  1  8  4  0  2  2  4  4  7
  5  1  8  3  9  7  4  9  3  3  7  6  5  6  7  0  2  8  4  8
  8  3  9  6  1  9  3  4  8  8  7  4  6  2  7  9  0  4  3  9
  1  5  4  5  3  3  1  5  2  5  9  4  2  4  7  8  6  0  3  9
  1  2  8  1  3  9  1  7  1  8  6  9  4  8  6  9  3  9  0  6
  4  7  6  7  3  6  1  5  4  3  3  2  1  5  5  6  2  9  9  0
M19
  0  2  6  5  7  4  1  7  3  9  3  3  5  6  2  2  1  5  5  4
  7  0  5  1  4  1  5  1  6  6  3  7  9  9  5  7  3  2  1  2
  8  4  0  6  2  8  4  1  5  2  9  2  8  2  1  3  7  5  6  2
  3  5  2  0  5  4  7  8  5  5  3  6  2  7  9  8  8  5  8  5
  8  1  5  1  0  4  2  5  4  1  7  5  3  9  6  6  8  2  5  2
  3  9  8  2  1  0  2  4  1  2  4  6  8  5  9  5  5  9  7  8
  2  3  3  7  7  6  0  4  2  1  6  6  4  8  4  5  8  4  8  3
  2  7  5  5  2  8  2  0  2  6  6  6  8  8  9  2  5  3  1  6
  2  2  8  8  8  7  1  2  0  5  7  9  9  5  2  6  2  8  6  1
  9  1  9  6  8  1  3  1  9  0  4  6  1  2  8  4  3  4  4  7
  1  9  3  1  4  8  4  8  7  7  0  2  9  9  6  2  9  8  3  7
  6  1  9  1  2  8  6  6  6  7  7  0  7  3  7  7  9  8  5  8
  4  7  1  4  7  2  9  1  6  8  7  5  0  5  8  2  2  7  6  9
  4  5  7  6  3  1  4  1  5  8  4  3  1  0  9  5  5  1  1  5
  6  2  2  8  1  8  6  1  6  9  5  7  4  9  0  5  1  2  2  6
  2  6  9  6  4  2  4  6  1  6  1  7  7  9  6  0  3  5  1  1
  6  6  8  4  5  3  9  7  5  8  9  4  6  2  4  3  0  9  5  4
  4  7  9  4  9  6  3  3  6  8  5  2  6  8  7  7  9  0  6  5
  1  5  8  3  2  2  4  7  3  6  4  4  7  1  4  3  2  3  0  1
  5  9  6  9  3  5  7  7  7  8  3  9  2  9  3  3  8  1  1  0