20 10
  0 47  1 80  2 51  3 63  4 60  5 70  6 39  7 33  8  5  9  9
  0 77  1 46  2 79  3 22  4 20  5 96  6 75  7  1  8 37  9 14
  0 66  1 37  2 35  3 47  4 13  5 56  6 66  7 59  8 72  9 37
  0 13  1 86  2 63  3 46  4 64  5 22  6 89  7 85  8  6  9 54
  0 77  1 85  2 18  3 72  4 67  5 44  6 56  7  1  8 90  9 14
  0 20  1 67  2 67  3 16  4 25  5 83  6 42  7 85  8 71  9 53
  0 29  1 22  2 73  3 35  4 39  5 66  6 90  7 65  8 47  9 27
  0 11  1 67  2  2  3  2  4 40  5 56  6 77  7 47  8 60  9 64
  0 85  1 20  2 23  3 22  4 72  5 27  6 76  7 13  8 93  9 25
  0 98  1  1  2 59  3 50  4 28  5 52  6 43  7 12  8 17  9 79
  0 36  1 39  2 46  3 58  4 36  5 46  6 14  7 23  8 65  9 30
  0 92  1 25  2 12  3 46  4 60  5 83  6  3  7 21  8 12  9 33
  0 99  1  1  2 17  3 19  4  2  5 76  6 57  7 89  8 97  9  5
  0 65  1 41  2 87  3 82  4  8  5 25  6 98  7 51  8 29  9 96
  0 34  1 74  2 35  3 69  4 33  5 28  6 47  7 34  8 41  9  1
  0 35  1 39  2 27  3 14  4 85  5 26  6 35  7 62  8  3  9 51
  0 42  1  2  2 71  3 94  4 51  5 98  6 58  7  6  8 46  9 42
  0 28  1 20  2 11  3 39  4  6  5 64  6  6  7 22  8 33  9 78
  0 28  1  3  2 97  3 62  4  5  5 66  6 95  7 75  8 55  9 70
  0  5  1 29  2 83  3 27  4 72  5 15  6  9  7 22  8 10  9 91
SSD
M0
  0  5  7  6  2  7  2  3  1  8  9  4  9  9  6  4  4  4  3  3
  1  0  8  5  4  8  8  7  2  7  2  1  4  3  1  4  7  4  1  2
  1  3  0  5  8  4  6  2  7  7  1  3  6  5  2  2  8  4  3  7
  1  9  8  0  6  2  5  5  7  2  4  1  2  5  6  5  2  8  7  2
  9  4  6  3  0  6  2  2  6  7  3  4  4  7  3  4  6  1  1  3
  8  5  1  1  7  0  7  9  6  2  4  8  6  6  3  5  5  8  7  3
  3  3  9  6  6  2  0  4  7  6  9  6  4  9  7  7  4  2  1  6
  9  5  4  6  1  9  1  0  3  1  6  8  1  8  6  5  2  2  3  2
  9  5  4  6  1  2  7  2  0  1  4  7  1  9  7  5  6  9  2  6
  2  9  3  4  1  5  3  5  1  0  1  2  4  5  2  5  3  6  3  8
  3  3  1  9  1  5  4  8  7  9  0  5  6  4  8  6  6  2  6  4
  6  2  2  4  8  1  5  6  6  7  5  0  1  9  1  1  6  7  8  2
  2  7  8  1  1  3  8  9  4  6  9  7  0  3  6  6  9  6  9  2
  5  4  3  6  2  8  9  7  1  6  9  3  8  0  3  7  7  6  2  7
  4  6  8  4  7  6  6  2  9  5  5  6  5  6  0  3  3  1  2  1
  4  6  5  1  1  5  3  6  7  8  1  4  2  2  6  0  7  7  7  1
  8  8  4  3  1  6  7  9  5  5  5  9  1  8  1  4  0  5  7  7
  9  4  8  8  9  4  7  4  4  9  2  7  7  5  7  1  3  0  8  3
  1  3  8  1  4  8  5  4  3  9  3  4  2  4  8  5  5  9  0  8
  9  2  3  9  8  9  1  2  7  4  8  4  8  1  6  4  9  7  9  0
M1
  0  5  5  6  1  6  9  9  6  4  8  7  3  4  9  9  1  6  6  3
  4  0  2  7  1  9  7  5  4  2  6  4  1  1  4  9  6  1  4  5
  4  2  0  7  6  1  3  2  6  3  3  1  1  3  2  8  1  6  1  8
  8  8  3  0  3  4  4  4  1  8  2  8  6  7  5  1  5  1  4  3
  6  9  9  6  0  9  6  5  4  7  2  3  8  4  6  9  6  6  3  2
  4  8  6  9  4  0  4  1  6  1  5  4  7  2  4  4  6  5  9  8
  2  3  6  9  1  8  0  7  8  7  8  4  8  6  5  3  7  3  2  7
  4  9  9  2  8  2  6  0  4  1  5  6  3  7  8  7  7  2  1  9
  5  8  3  2  8  7  2  1  0  2  9  1  5  9  5  7  3  8  2  6
  1  4  8  5  6  2  1  9  2  0  7  9  4  2  8  9  1  4  8  4
  6  3  2  8  1  4  2  8  7  7  0  2  7  2  8  6  1  4  3  4
  4  8  3  3  5  3  6  5  2  2  6  0  6  9  2  2  6  8  6  1
  8  2  5  1  7  4  8  3  7  8  2  4  0  4  6  6  8  8  6  2
  6  6  6  3  4  2  1  3  5  9  3  1  6  0  1  2  4  5  5  1
  2  2  3  6  5  7  1  4  3  2  8  4  7  2  0  9  9  5  2  6
  7  1  4  6  6  6  3  7  7  8  5  3  4  5  8  0  1  3  5  3
  3  6  8  7  3  6  7  9  3  2  9  1  2  9  2  5  0  9  7  8
  9  8  1  2  2  2  4  8  5  3  5  6  1  9  8  4  3  0  5  7
  6  3  3  9  5  9  5  3  6  6  2  6  3  1  4  1  6  2  0  5
  2  4  6  4  4  8  7  5  4  3  9  6  3  7  4  1  7  6  4  0
M2
  0  1  5  2  9  4  2  1  1  1  4  6  2  5  2  8  4  9  5  6
  3  0  8  1  7  6  9  2  7  1  2  5  2  5  7  4  7  4  7  9
  1  3  0  7  5  5  4  5  8  7  3  4  3  4  8  9  4  5  4  9
  7  5  6  0  7  5  7  9  7  3  6  9  6  1  7  1  7  5  6  9
  8  3  7  5  0  8  5  9  5  6  9  2  4  3  5  8  9  4  2  2
  6  3  1  1  7  0  9  7  9  9  7  6  3  4  1  3  8  5  8  5
  2  6  4  1  9  2  0  1  8  2  7  7  6  7  8  9  9  1  5  8
  7  7  4  3  4  6  6  0  9  3  8  7  5  1  3  1  1  9  4  8
  7  3  9  3  5  2  4  2  0  4  3  4  1  1  8  3  8  6  9  6
  3  2  3  3  7  7  3  2  1  0  9  8  9  2  8  3  9  7  7  5
  6  6  1  6  9  5  3  3  4  8  0  9  8  3  9  7  9  9  8  3
  9  2  4  2  5  7  2  1  6  4  2  0  2  5  3  2  6  9  4  8
  8  5  8  5  9  9  6  2  8  2  3  8  0  1  4  5  3  4  5  3
  5  1  2  6  8  1  8  3  4  7  9  6  4  0  6  4  9  2  2  7
  9  7  4  1  9  5  6  4  3  7  9  6  4  2  0  9  9  3  4  7
  3  3  2  7  9  1  6  2  3  6  8  1  1  7  9  0  9  5  4  4
  5  2  9  9  3  7  4  3  1  2  7  4  8  9  3  7  0  9  9  7
  1  5  6  6  2  6  7  3  9  1  4  1  9  6  4  4  2  0  5  7
  3  5  5  4  2  4  6  5  7  5  5  1  7  5  6  1  1  7  0  5
  8  6  1  3  2  2  3  6  1  2  8  7  1  4  2  7  6  7  9  0
M3
  0  9  9  8  6  9  2  3  7  3  7  8  1  7  3  5  4  6  4  5
  5  0  4  6  8  7  7  4  1  3  6  2  2  1  1  7  9  1  8  4
  9  6  0  3  3  6  8  1  2  5  2  7  7  4  5  8  6  3  6  2
  6  7  3  0  5  8  4  2  9  2  1  3  8  2  1  8  6  4  4  8
  7  4  2  3  0  6  3  3  5  8  9  1  4  1  9  1  9  6  9  1
  2  3  2  7  3  0  1  9  9  9  7  8  3  4  3  2  6  3  1  1
  6  9  3  2  3  5  0  3  5  1  7  8  2  5  5  3  2  7  8  1
  6  4  8  1  3  7  6  0  1  5  9  3  1  7  2  5  4  4  8  7
  4  2  8  2  8  3  5  3  0  5  7  9  5  8  7  1  1  7  3  6
  5  2  2  8  3  2  7  7  7  0  8  4  9  1  9  8  3  8  9  8
  6  9  6  9  4  5  8  1  6  1  0  7  4  3  4  2  4  9  6  8
  1  3  7  5  1  3  1  2  5  7  3  0  6  8  2  5  2  4  9  4
  2  1  7  1  3  2  3  5  5  8  7  7  0  2  5  1  2  4  2  2
  1  7  6  3  4  7  8  5  4  8  6  6  9  0  7  6  2  5  6  9
  5  3  1  7  9  9  2  1  8  4  5  5  8  3  0  3  5  8  6  9
  3  6  1  3  4  5  3  3  6  8  4  2  3  3  6  0  8  6  3  6
  5  1  7  4  5  2  1  9  2  1  1  5  1  1  9  2  0  3  2  4
  5  5  4  5  1  3  6  3  1  1  6  8  3  8  4  5  1  0  3  9
  5  5  2  3  7  6  2  7  2  2  7  9  4  2  8  3  1  8  0  6
  3  5  5  1  8  9  8  8  7  5  9  2  1  9  6  3  3  6  7  0
M4
  0  9  8  9  1  4  4  3  6  6  3  1  4  5  3  5  8  1  6  3
  9  0  3  1  3  6  3  6  8  7  1  3  6  7  3  9  7  6  2  1
  8  4  0  9  5  6  9  5  4  9  8  2  9  3  7  6  3  6  3  4
  3  5  6  0  6  3  8  4  3  3  5  3  7  6  7  6  8  6  2  1
  4  8  1  1  0  2  7  9  4  1  5  5  3  1  6  4  1  3  2  8
  6  7  2  6  3  0  8  7  1  8  4  4  2  5  2  1  3  2  8  6
  9  2  6  6  4  6  0  6  4  6  3  8  4  9  9  6  2  9  7  4
  1  8  3  9  1  3  4  0  7  1  6  5  6  2  8  8  4  8  9  9
  4  5  2  6  8  6  1  8  0  6  8  7  2  2  6  8  4  7  6  1
  9  4  1  7  8  5  6  5  5  0  8  6  6  1  2  8  2  6  1  9
  7  6  3  8  7  9  5  4  3  9  0  7  4  2  2  3  7  3  5  3
  5  7  9  4  8  1  8  3  2  6  2  0  3  7  6  4  8  2  1  2
  2  8  6  6  2  8  7  2  2  5  2  9  0  1  5  9  2  4  3  2
  9  1  6  4  4  3  5  1  9  2  6  2  8  0  1  1  5  2  5  3
  6  3  8  3  8  4  5  4  2  2  8  3  4  9  0  1  8  3  8  7
  9  9  3  7  5  3  8  9  1  5  6  4  6  9  5  0  1  2  9  3
  5  4  7  9  7  6  5  5  1  6  9  6  8  4  7  9  0  6  6  5
  4  5  2  4  7  7  8  9  3  1  9  4  4  4  6  6  9  0  8  3
  8  2  1  7  3  5  8  3  7  8  3  1  2  4  1  7  8  2  0  2
  2  9  9  1  1  7  5  7  8  3  4  1  9  6  1  2  5  3  3  0
M5
  0  1  3  6  8  4  4  5  4  3  5  2  3  6  1  5  3  7  2  9
  7  0  4  5  9  4  7  5  6  3  5  3  7  7  3  4  9  5  3  7
  1  7  0  8  1  3  4  4  5  8  6  4  3  8  9  4  7  1  8  4
  6  4  5  0  4  1  5  4  6  8  6  7  4  1  9  7  2  5  6  2
  6  8  8  6  0  3  1  2  1  4  1  6  3  2  3  7  9  8  8  9
  7  5  4  7  3  0  6  5  3  3  2  4  2  2  7  1  6  1  9  4
  8  6  5  7  6  1  0  1  2  8  1  1  8  1  2  5  9  5  8  3
  6  4  3  9  5  1  7  0  5  5  6  5  6  3  2  8  4  7  5  6
  7  2  7  6  5  9  2  2  0  2  3  9  3  3  2  9  5  2  7  6
  1  7  3  3  5  3  1  6  4  0  1  5  4  8  6  1  3  4  4  5
  1  9  9  8  1  4  8  1  1  5  0  6  4  5  1  9  2  7  1  6
  3  1  4  7  7  7  1  1  1  3  6  0  9  5  3  1  6  3  1  1
  8  6  7  2  8  6  9  8  5  5  3  3  0  9  8  7  3  5  2  6
  8  2  2  6  7  5  1  1  9  5  7  2  3  0  3  8  7  1  1  2
  7  6  1  9  4  8  6  1  3  6  7  9  8  2  0  5  2  7  3  3
  9  2  8  4  7  7  7  7  9  2  7  7  2  8  9  0  6  6  1  7
  4  9  6  6  3  9  6  2  7  9  2  6  4  7  4  9  0  8  8  6
  2  8  5  8  5  6  6  1  1  5  8  6  1  1  9  8  4  0  8  9
  2  5  5  2  6  8  1  3  4  3  2  1  1  7  5  1  8  4  0  5
  7  3  4  3  3  3  6  2  7  8  1  3  1  4  6  1  1  1  1  0
M6
  0  7  6  4  9  6  3  1  8  6  3  7  8  9  9  1  9  5  3  6
  9  0  1  2  4  5  7  4  7  3  4  5  8  4  8  9  2  3  7  1
  8  4  0  2  2  4  4  7  5  1  8  3  9  7  4  9  3  3  7  6
  5  6  7  0  2  8  4  8  8  3  9  6  1  9  3  4  8  8  7  4
  6  2  7  9  0  4  3  9  1  5  4  5  3  3  1  5  2  5  9  4
  2  4  7  8  6  0  3  9  1  2  8  1  3  9  1  7  1  8  6  9
  4  8  6  9  3  9  0  6  4  7  6  7  3  6  1  5  4  3  3  2
  1  5  5  6  2  9  9  0  2  6  5  7  4  1  7  3  9  3  3  5
  6  2  2  1  5  5  4  7  0  5  1  4  1  5  1  6  6  3  7  9
  9  5  7  3  2  1  2  8  4  0  6  2  8  4  1  5  2  9  2  8
  2  1  3  7  5  6  2  3  5  2  0  5  4  7  8  5  5  3  6  2
  7  9  8  8  5  8  5  8  1  5  1  0  4  2  5  4  1  7  5  3
  9  6  6  8  2  5  2  3  9  8  2  1  0  2  4  1  2  4  6  8
  5  9  5  5  9  7  8  2  3  3  7  7  6  0  4  2  1  6  6  4
  8  4  5  8  4  8  3  2  7  5  5  2  8  2  0  2  6  6  6  8
  8  9  2  5  3  1  6  2  2  8  8  8  7  1  2  0  5  7  9  9
  5  2  6  2  8  6  1  9  1  9  6  8  1  3  1  9  0  4  6  1
  2  8  4  3  4  4  7  1  9  3  1  4  8  4  8  7  7  0  2  9
  9  6  2  9  8  3  7  6  1  9  1  2  8  6  6  6  7  7  0  7
  3  7  7  9  8  5  8  4  7  1  4  7  2  9  1  6  8  7  5  0
M7
  0  5  8  2  2  7  6  9  4  5  7  6  3  1  4  1  5  8  4  3
  1  0  9  5  5  1  1  5  6  2  2  8  1  8  6  1  6  9  5  7
  4  9  0  5  1  2  2  6  2  6  9  6  4  2  4  6  1  6  1  7
  7  9  6  0  3  5  1  1  6  6  8  4  5  3  9  7  5  8  9  4
  6  2  4  3  0  9  5  4  4  7  9  4  9  6  3  3  6  8  5  2
  6  8  7  7  9  0  6  5  1  5  8  3  2  2  4  7  3  6  4  4
  7  1  4  3  2  3  0  1  5  9  6  9  3  5  7  7  7  8  3  9
  2  9  3  3  8  1  1  0  6  4  6  1  7  2  1  7  5  3  9  3
  6  8  5  6  3  8  1  7  0  4  9  5  1  5  2  3  5  3  9  5
  8  8  5  6  6  5  5  2  2  0  1  8  1  2  5  1  1  9  6  2
  2  6  5  7  7  1  8  5  1  6  0  4  8  3  3  3  3  2  1  7
  3  2  8  5  7  4  2  6  4  1  9  0  1  7  2  2  1  9  7  8
  5  2  2  4  9  7  1  8  3  5  2  1  0  8  2  9  7  5  9  1
  2  1  3  2  5  4  6  5  6  1  1  5  6  0  2  9  3  3  7  5
  4  2  8  2  3  7  1  2  5  1  8  1  1  4  0  8  7  7  2  4
  4  2  7  9  2  3  9  3  6  7  5  1  9  6  3  0  9  1  4  2
  7  8  8  7  4  6  7  5  7  6  3  5  3  9  9  7  0  7  8  3
  4  5  1  6  2  5  2  4  2  7  5  2  8  9  9  2  8  0  2  2
  8  1  5  9  9  3  3  5  6  1  7  5  9  9  4  8  6  5  0  8
  8  9  5  8  6  7  6  2  4  6  8  5  9  1  5  6  8  4  5  0
M8
  0  6  9  1  1  7  4  7  9  9  3  4  5  9  5  3  5  2  3  8
  6  0  2  6  7  9  7  5  9  8  3  1  4  1  2  7  5  7  3  2
  1  7  0  8  4  1  6  2  4  7  9  3  9  3  3  4  4  5  8  1
  3  7  4  0  8  1  4  9  3  8  3  9  9  5  5  3  8  9  6  7
  2  7  3  1  0  6  5  4  8  6  2  5  3  1  3  3  7  6  6  4
  9  6  1  3  5  0  7  4  6  7  8  6  7  4  2  2  9  6  7  9
  5  2  2  4  7  7  0  2  2  2  7  4  3  1  2  3  4  8  3  1
  8  6  2  2  6  3  5  0  5  7  9  8  4  3  7  3  8  7  2  3
  5  6  3  8  4  2  8  4  0  2  5  1  6  4  4  1  6  6  7  7
  6  3  7  6  7  5  8  7  7  0  6  5  5  4  1  7  8  3  1  7
  8  7  8  7  6  3  8  8  4  3  0  2  5  3  5  8  1  6  9  1
  6  4  1  1  4  7  6  2  4  5  6  0  6  2  7  4  1  9  6  9
  5  4  8  3  5  4  4  2  6  7  9  1  0  7  9  9  8  3  5  6
  9  8  9  6  1  5  4  3  4  3  8  6  4  0  7  6  6  3  5  7
  6  9  5  6  6  6  3  3  9  4  8  5  5  5  0  4  2  4  4  4
  2  6  2  5  4  3  1  9  7  9  5  3  5  7  6  0  2  1  8  5
  9  2  5  5  2  5  9  4  6  7  8  3  3  9  1  7  0  7  5  7
  5  2  4  9  1  8  6  8  4  6  6  4  7  1  2  5  4  0  3  8
  5  8  4  4  6  2  5  2  9  2  3  6  8  5  7  9  5  4  0  9
  1  4  9  5  5  8  7  5  4  3  3  2  7  1  7  9  5  6  7  0
M9
  0  5  6  3  5  9  7  6  4  8  2  4  1  1  1  2  9  6  4  3
  7  0  6  4  3  1  1  8  9  6  3  1  1  7  9  3  8  1  9  9
  8  9  0  9  4  7  8  5  2  1  6  2  8  1  4  3  8  6  5  7
  4  6  1  0  3  8  9  3  9  4  1  7  5  1  1  7  2  3  9  3
  5  7  5  9  0  5  1  3  8  1  3  6  9  1  4  7  8  3  3  7
  7  2  2  4  1  0  5  3  3  2  2  9  9  5  9  7  1  5  4  7
  9  6  3  8  6  5  0  4  5  9  3  2  5  8  5  3  5  7  9  5
  5  3  3  4  2  6  3  0  2  6  5  4  9  9  5  6  2  4  9  3
  8  4  6  1  4  4  6  5  0  4  9  7  4  7  3  2  2  3  5  6
  1  9  6  5  8  8  4  5  9  0  6  4  9  8  3  5  8  2  6  5
  6  3  4  8  8  2  4  6  7  1  0  4  1  1  7  7  9  8  2  1
  9  6  7  5  5  2  4  9  9  6  5  0  5  6  5  3  8  1  7  3
  4  9  4  6  9  5  3  4  2  1  7  1  0  5  8  3  5  6  5  4
  1  5  2  8  4  7  3  4  8  8  3  1  2  0  3  6  4  2  9  8
  2  5  3  5  8  2  7  4  3  5  9  9  5  6  0  3  1  5  5  3
  9  7  5  1  6  4  7  4  7  4  1  6  6  2  2  0  2  6  2  8
  8  3  1  9  4  8  8  6  2  5  3  9  1  8  5  5  0  6  7  5
  3  6  5  7  9  9  8  2  4  2  2  4  9  2  3  1  7  0  8  4
  9  7  6  9  7  8  3  9  4  8  8  7  9  9  1  2  5  8  0  3
  7  8  4  5  2  4  9  4  2  9  9  5  4  9  1  9  1  9  2  0