20 20
  0 77  1 52  2 47  3 40  4 72  5 90  6 89  7 91  8 15  9 34 10 87 11 47 12 56 13 68 14 94 15 57 16 57 17 12 18 22 19 99
  0  3  1 83  2 86  3 56  4 88  5 70  6 59  7 42  8 91  9 18 10 36 11 40 12 33 13 87 14 36 15 79 16 56 17 72 18 35 19 78
  0 60  1 50  2 85  3 42  4 83  5 23  6 43  7 79  8 46  9 67 10 48 11 49 12 58 13  7 14 45 15 74 16 15 17 17 18 89 19 42
  0 92  1  2  2  2  3 73  4 38  5 28  6 77  7  6  8 51  9 15 10  1 11 23 12 99 13 21 14 26 15 21 16 51 17 91 18  4 19 88
  0 17  1  9  2 43  3 98  4  8  5 50  6 83  7 56  8 64  9 34 10 81 11  3 12 85 13 91 14  4 15 69 16 30 17 75 18 71 19 54
  0 38  1 48  2 56  3 74  4 20  5 33  6 36  7 13  8 19  9 64 10 59 11 84 12 64 13 39 14 37 15 39 16 82 17 60 18 43 19 50
  0 45  1 68  2 90  3 49  4 33  5 42  6 40  7 66  8 98  9 71 10 57 11  4 12 40 13 25 14 20 15 41 16 92 17 20 18 34 19 54
  0 92  1 37  2 41  3 32  4 63  5 69  6 85  7 74  8 34  9  5 10 82 11 40 12 55 13 77 14 55 15 76 16 76 17 23 18 24 19 83
  0 20  1 57  2 55  3 48  4 44  5 36  6 60  7 21  8 54  9 82 10 49 11 36 12 58 13 58 14 15 15 84 16 36 17 83 18 39 19 36
  0 33  1 19  2 12  3 57  4 43  5 80  6 65  7  7  8  9  9 84 10 12 11 13 12 99 13 96 14 81 15 20 16  5 17 93 18 44 19 41
  0 14  1 59  2 99  3 71  4 33  5 37  6 78  7  7  8 10  9 38 10 62 11 90 12 38 13 65 14 82 15  7 16 18 17 41 18 40 19 80
  0 39  1 20  2 36  3 65  4 34  5 25  6 44  7 29  8 20  9 91 10 95 11 57 12 39 13  1 14 81 15 40 16 63 17 99 18 97 19 45
  0 66  1 25  2 90  3 73  4 82  5 87  6 15  7 23  8 46  9 55 10  9 11  3 12  5 13 83 14 74 15 26 16 82 17 74 18  1 19 14
  0 93  1 64  2 12  3 19  4 22  5 41  6 55  7 11  8  4  9  1 10 39 11  3 12 30 13 57 14 68 15 28 16 45 17 54 18 98 19 96
  0 37  1 92  2 15  3 12  4 58  5 34  6 49  7 36  8 90  9  4 10 90 11 66 12  2 13  4 14 14 15 93 16 51 17 10 18 61 19 45
  0 44  1  6  2 38  3 20  4 78  5 54  6 77  7 50  8 88  9 71 10 41 11 74 12 97 13 36 14 78 15 81 16 16 17 61 18  7 19 65
  0 21  1 24  2 19  3 29  4 61  5 51  6  5  7 91  8 71  9 49 10 33 11 28 12 33 13 77 14 93 15 25 16 15 17 40 18 77 19 17
  0 77  1 29  2 95  3 39  4 67  5 52  6 72  7 10  8 50  9 31 10 53 11 80 12 75 13 94 14 69 15 82 16 39 17 96 18 95 19 27
  0 90  1  6  2 24  3 38  4 43  5 90  6 97  7 81  8 23  9 18 10 67 11 59 12 31 13 11 14 79 15 60 16 72 17 18 18 68 19 77
  0 63  1 64  2 98  3 28  4 64  5 22  6 46  7 87  8 50  9 44 10 17 11 39 12 68 13 41 14 63 15 25 16 70 17 85 18 54 19 54
SSD
M0
  0  7  1  6  9  2  4  5  9  2  3  2  4  6  9  4  4  2  7  9
  6  0  5  8  5  1  1  5  7  4  6  2  6  2  3  6  9  1  3  3
  1  6  0  5  8  8  1  4  6  9  4  5  2  9  4  9  2  2  4  2
  9  3  9  0  4  6  4  7  9  7  5  3  5  6  7  6  7  2  2  2
  3  4  4  3  0  7  8  8  4  1  2  3  6  4  4  3  4  8  2  6
  8  6  7  4  6  0  9  7  3  3  5  3  4  7  4  8  4  3  8  4
  4  5  5  5  9  2  0  9  6  4  7  8  4  4  8  6  6  8  4  2
  5  5  7  1  7  9  5  0  9  4  8  1  6  2  6  7  2  1  1  3
  3  1  4  5  9  1  8  8  0  2  9  5  5  6  2  9  4  5  1  1
  2  5  1  9  8  7  5  3  5  0  4  2  7  2  4  6  7  1  8  8
  4  9  5  1  1  7  5  3  2  4  0  8  4  5  1  8  6  6  8  5
  2  6  9  1  4  9  4  3  5  7  2  0  5  4  5  3  1  8  1  4
  4  2  9  6  1  1  6  7  3  8  6  4  0  6  3  6  9  8  6  4
  5  6  9  4  4  1  3  1  9  3  7  3  7  0  7  8  1  2  9  4
  3  7  6  9  6  1  8  6  1  4  7  9  1  4  0  9  4  5  3  1
  4  2  5  2  8  8  8  7  7  2  8  9  7  8  6  0  6  8  7  2
  7  4  4  7  8  2  1  4  3  3  9  8  3  8  6  3  0  6  6  2
  5  3  8  9  7  4  1  2  6  8  5  5  2  2  4  7  7  0  2  7
  2  9  7  6  2  3  8  9  4  9  7  5  1  6  4  9  2  8  0  2
  4  9  1  7  4  4  3  4  4  4  9  1  9  6  1  7  9  7  5  0
M1
  0  9  8  4  8  5  5  5  8  4  4  8  5  2  9  5  6  2  3  7
  5  0  6  2  6  3  5  9  5  3  2  2  8  7  5  7  1  1  1  4
  4  5  0  2  8  6  7  7  4  1  4  8  4  8  3  3  6  4  2  8
  9  6  2  0  7  5  7  9  6  3  4  3  6  3  5  8  1  6  9  7
  1  2  7  2  0  5  1  2  9  9  2  8  4  2  6  1  6  3  3  5
  8  9  7  7  6  0  6  8  7  6  2  3  5  4  6  6  4  7  2  5
  9  5  2  1  9  4  0  6  4  4  7  8  7  4  6  7  8  2  7  7
  2  9  9  6  5  2  9  0  2  8  7  2  2  8  8  5  6  2  8  1
  1  4  1  2  2  6  4  2  0  6  1  8  9  1  4  8  8  4  8  8
  7  5  8  2  5  2  6  2  3  0  6  9  8  8  3  7  8  4  5  9
  2  9  9  8  9  6  2  7  7  6  0  9  3  6  1  1  6  5  7  2
  3  1  9  8  9  2  6  9  6  4  9  0  7  3  1  6  2  9  8  8
  1  3  7  4  4  4  4  4  1  7  2  8  0  5  5  4  8  1  4  8
  3  5  5  4  4  2  1  2  9  8  3  7  9  0  1  8  4  6  1  2
  7  4  5  2  7  9  2  1  7  1  5  8  2  1  0  9  7  6  4  6
  4  9  1  9  8  5  9  1  4  4  2  3  6  8  3  0  6  7  8  3
  5  9  7  5  6  7  4  4  6  7  1  1  5  1  4  2  0  4  7  3
  6  2  3  8  8  3  2  5  2  9  1  7  9  9  7  6  2  0  7  5
  4  3  7  9  3  1  8  9  9  4  3  3  4  9  3  6  1  5  0  8
  8  9  3  9  4  4  2  9  1  5  9  4  7  7  5  2  1  1  4  0
M2
  0  9  1  2  1  9  6  2  5  4  2  7  9  7  7  4  7  8  5  4
  1  0  4  7  4  1  2  3  4  6  4  8  2  8  7  9  7  2  6  8
  9  1  0  8  3  6  8  8  1  6  7  5  5  2  4  3  3  9  3  6
  2  3  1  0  7  8  6  7  4  1  4  1  9  9  9  4  8  9  1  2
  4  3  9  5  0  9  6  8  2  6  4  3  2  6  7  5  2  2  1  3
  4  6  7  4  4  0  8  1  5  1  3  8  9  8  6  4  2  2  5  7
  2  8  2  5  4  9  0  4  8  4  6  7  2  7  5  1  1  6  5  6
  9  4  6  2  3  1  2  0  5  8  2  5  6  1  8  3  3  8  2  1
  9  7  6  3  1  4  7  8  0  6  6  4  7  8  5  7  3  4  9  2
  7  8  1  9  1  9  2  9  7  0  4  2  5  9  7  4  4  7  3  9
  6  9  8  2  1  1  6  2  8  5  0  9  5  9  7  1  9  5  4  5
  9  6  1  6  9  3  5  6  5  2  7  0  6  5  7  2  7  5  8  1
  6  2  2  2  8  8  4  5  1  5  9  2  0  2  7  9  6  7  5  9
  5  6  5  6  6  6  7  5  9  6  7  8  2  0  1  4  6  4  3  2
  7  8  5  5  4  2  5  5  5  8  5  6  1  9  0  2  8  1  7  8
  3  7  8  7  4  8  8  8  6  1  9  1  4  5  7  0  3  7  2  5
  4  8  1  5  3  4  2  1  9  8  3  3  5  1  3  7  0  3  4  8
  1  3  2  6  5  2  1  9  8  2  2  4  3  4  5  7  8  0  6  7
  3  8  3  1  6  7  9  2  3  3  7  6  1  1  4  1  4  8  0  2
  5  3  9  7  1  7  6  2  5  6  1  8  1  7  3  2  2  8  4  0
M3
  0  2  6  6  1  5  4  7  2  6  8  4  6  6  3  7  3  4  4  1
  4  0  2  3  4  4  7  4  9  6  3  4  2  6  6  8  3  7  8  3
  7  9  0  3  3  1  9  7  3  5  6  2  1  7  1  6  8  7  1  4
  4  4  2  0  6  7  5  9  9  2  5  2  1  7  4  1  5  9  9  7
  6  4  8  1  0  8  7  5  8  4  5  2  5  8  4  8  4  7  5  8
  6  3  8  9  4  0  6  5  1  5  6  1  8  6  5  9  9  2  8  6
  4  9  5  1  2  6  0  7  8  6  2  9  5  2  2  7  6  4  4  3
  3  8  7  2  1  4  3  0  8  6  7  6  1  8  2  8  3  1  3  9
  6  9  6  2  1  7  7  3  0  7  8  1  7  8  8  8  8  3  7  9
  9  4  8  9  7  1  8  4  9  0  9  9  5  4  6  7  4  8  9  6
  2  1  9  6  4  5  8  1  6  1  0  3  3  4  8  4  4  4  4  6
  8  5  3  2  5  9  7  6  4  4  4  0  4  9  8  8  6  5  8  9
  7  6  3  3  3  8  1  5  8  4  3  2  0  5  5  7  9  4  7  8
  2  3  1  6  7  1  8  2  2  2  4  5  3  0  9  5  8  6  3  4
  6  4  5  1  9  4  1  3  2  4  8  5  5  8  0  6  4  7  9  7
  6  9  7  4  6  8  8  3  3  4  7  3  3  2  3  0  9  6  5  2
  3  8  8  4  3  1  7  8  5  5  1  3  9  7  4  6  0  3  8  2
  2  9  5  4  4  3  7  1  4  3  1  6  3  3  4  9  5  0  8  9
  3  3  7  1  4  7  6  8  2  1  3  6  8  7  3  6  6  1  0  6
  6  5  2  9  4  8  8  7  1  6  3  8  2  7  5  5  3  1  4  0
M4
  0  9  5  5  9  6  5  8  2  3  6  3  3  8  2  4  8  3  1  9
  4  0  9  6  6  5  4  9  2  3  6  9  3  5  3  2  7  6  8  3
  8  9  0  9  7  4  6  4  5  6  8  2  5  6  2  2  6  2  5  4
  7  3  1  0  9  5  9  7  3  5  5  4  9  2  6  1  7  3  5  7
  7  2  1  2  0  6  3  1  3  4  7  7  2  5  5  9  5  9  1  1
  7  2  3  7  7  0  6  6  7  7  7  9  7  5  3  7  3  9  4  5
  3  3  6  6  9  4  0  2  5  2  1  4  4  9  6  5  7  2  3  7
  9  8  4  8  9  1  8  0  2  1  6  5  8  3  2  7  7  3  9  7
  1  7  3  7  5  1  9  7  0  4  8  4  1  6  3  9  8  4  4  3
  9  4  9  2  9  4  8  7  8  0  9  7  6  3  2  4  8  7  3  4
  7  1  9  5  8  8  4  3  3  8  0  9  7  2  9  5  9  1  6  5
  6  3  8  2  8  5  7  2  4  1  3  0  4  9  4  6  1  6  1  5
  5  5  8  2  2  6  3  9  5  2  3  7  0  2  7  3  1  6  4  5
  8  8  5  7  2  8  9  2  3  5  5  2  3  0  7  1  5  5  1  3
  3  5  6  7  8  4  1  3  2  8  5  3  5  2  0  5  6  2  4  7
  1  9  9  8  7  7  9  7  2  2  8  6  5  4  3  0  9  4  6  8
  5  8  9  8  1  7  2  9  6  3  1  6  5  3  4  9  0  6  4  6
  2  3  2  3  9  8  2  1  7  8  6  1  1  1  9  6  9  0  1  4
  8  2  5  5  1  5  8  6  1  3  4  1  5  6  2  2  6  2  0  4
  6  3  6  5  8  5  5  3  8  2  8  6  5  1  8  9  5  1  1  0
M5
  0  5  8  1  8  3  1  6  2  6  7  9  1  6  4  3  6  3  6  8
  2  0  4  6  1  7  8  5  5  9  5  1  6  1  1  2  3  4  6  7
  5  4  0  5  4  7  6  8  6  4  2  5  4  9  4  1  5  8  8  9
  1  8  3  0  7  6  6  1  3  8  1  6  3  3  6  9  9  7  8  5
  5  3  4  9  0  6  5  4  4  2  1  8  2  5  9  6  8  4  2  2
  1  2  7  2  9  0  5  4  2  1  3  3  2  3  8  8  5  6  6  6
  2  5  6  6  8  8  0  8  5  6  2  4  6  9  5  6  1  4  7  5
  6  9  4  6  7  4  7  0  5  3  7  7  4  5  6  6  5  2  3  9
  1  1  5  1  1  6  1  5  0  6  3  6  7  4  6  1  8  1  9  3
  8  3  6  4  6  9  2  2  1  0  2  6  6  8  2  3  4  1  3  1
  1  5  8  6  4  2  6  6  7  6  0  6  1  4  9  1  7  3  9  6
  3  7  2  5  8  8  5  1  3  2  4  0  9  6  2  5  8  1  2  7
  1  9  4  3  3  5  7  3  1  7  3  8  0  1  8  5  5  3  8  3
  9  4  8  1  3  4  9  1  2  2  3  2  9  0  9  9  6  3  4  6
  3  1  2  6  9  5  6  7  3  6  5  8  7  5  0  5  8  4  3  5
  1  4  3  6  8  4  6  2  1  6  9  4  1  6  6  0  7  3  7  8
  1  8  9  2  5  7  5  3  6  3  6  4  3  8  6  6  0  5  3  8
  5  5  6  2  9  8  3  6  4  2  1  3  2  6  5  7  7  0  4  3
  5  4  1  5  9  5  8  9  9  3  8  9  5  1  9  1  5  2  0  8
  4  2  2  8  9  7  4  6  7  9  1  3  8  2  5  9  2  4  5  0
M6
  0  5  9  8  9  7  9  6  2  7  5  3  1  6  8  7  8  7  6  5
  3  0  7  1  5  9  9  4  6  4  5  1  4  7  3  6  1  6  3  8
  3  1  0  5  1  7  2  9  4  6  2  3  5  2  4  2  5  9  9  6
  4  6  5  0  3  3  2  8  6  2  4  7  5  2  5  7  2  1  1  6
  9  5  9  4  0  2  7  5  7  2  4  9  3  6  1  9  6  9  9  3
  9  3  6  7  2  0  3  3  3  7  2  7  1  8  9  1  4  1  2  1
  4  4  3  8  6  2  0  4  5  1  1  7  6  3  1  3  3  8  9  1
  9  3  1  4  2  9  4  0  7  8  5  4  5  2  7  1  8  3  7  2
  3  6  4  8  9  1  9  2  0  2  5  7  6  3  9  3  5  3  4  5
  5  7  8  4  7  2  2  8  6  0  2  9  9  6  3  5  4  6  3  1
  1  6  5  8  2  6  8  1  5  2  0  8  1  5  8  5  6  9  8  2
  3  4  7  3  6  5  5  9  6  8  5  0  1  6  8  6  8  3  4  8
  2  4  8  7  6  1  3  6  6  7  9  5  0  9  7  2  2  5  8  2
  4  7  9  5  7  1  4  3  6  8  7  4  8  0  6  8  3  3  7  2
  3  5  5  1  4  4  8  3  7  1  5  1  1  6  0  9  3  4  4  6
  4  4  6  4  2  8  5  7  1  8  8  9  8  2  7  0  8  3  2  2
  2  3  2  7  9  3  9  1  9  1  2  3  7  6  9  2  0  1  8  2
  7  6  7  3  6  9  7  7  7  8  7  4  3  3  4  1  5  0  8  2
  5  7  5  5  1  7  2  1  5  7  4  1  6  4  8  1  9  2  0  5
  9  4  3  6  4  9  9  4  5  5  1  7  8  8  3  9  6  7  1  0
M7
  0  1  3  8  6  7  4  7  2  9  3  9  1  8  1  5  7  5  3  9
  3  0  3  3  5  5  1  2  1  3  5  3  1  7  9  9  7  4  5  9
  5  9  0  7  8  5  4  6  4  7  2  6  7  9  7  2  7  3  9  8
  4  3  3  0  9  7  2  3  6  4  9  9  5  5  9  7  8  8  2  3
  2  6  7  9  0  2  6  4  3  7  9  5  1  1  9  7  3  8  7  2
  9  5  3  1  5  0  9  3  1  2  3  2  7  3  7  4  4  9  1  9
  3  6  5  7  4  8  0  9  6  4  6  9  1  8  9  4  5  8  9  5
  6  9  5  2  9  8  8  0  7  5  3  2  1  2  8  5  4  5  8  9
  4  7  2  3  3  5  9  7  0  6  3  4  5  2  1  2  6  6  6  2
  6  7  4  4  8  5  7  6  5  0  1  7  8  4  7  6  5  2  5  1
  8  3  3  4  8  2  1  3  6  1  0  2  1  7  3  6  6  3  7  4
  1  6  6  7  1  2  2  9  4  8  8  0  2  1  9  5  3  7  8  7
  7  1  2  6  6  7  7  3  7  4  2  2  0  2  4  1  1  4  3  7
  4  3  8  6  5  3  8  1  2  4  5  6  5  0  7  1  9  4  5  3
  7  4  3  9  9  5  6  9  2  3  5  3  1  6  0  5  1  9  2  6
  7  7  8  1  7  6  6  9  8  5  6  8  5  8  4  0  3  6  6  9
  8  9  4  5  8  8  5  7  3  9  6  6  5  8  7  4  0  5  1  2
  9  8  3  2  3  5  7  8  3  5  5  1  4  2  5  6  3  0  7  2
  2  5  5  3  5  6  3  2  5  8  2  6  8  8  6  6  4  6  0  7
  9  9  5  6  6  6  2  3  5  1  1  4  4  7  4  8  8  9  9  0
M8
  0  2  1  5  7  2  2  6  3  7  7  5  6  1  2  2  3  6  8  1
  1  0  7  9  9  9  4  1  3  8  2  4  6  4  6  5  4  5  7  6
  7  9  0  4  8  4  9  9  3  5  4  6  8  4  8  6  8  4  3  6
  1  5  4  0  2  9  4  5  1  5  9  7  2  9  3  1  7  5  3  4
  3  6  6  9  0  3  2  3  2  5  7  9  6  5  8  8  4  1  7  5
  3  8  3  7  3  0  9  7  5  6  1  7  3  6  2  9  3  2  6  8
  4  5  9  6  3  8  0  1  1  7  2  9  3  3  7  2  9  8  5  6
  5  2  9  5  1  5  2  0  3  8  6  6  5  3  6  2  3  6  7  4
  7  3  3  1  2  4  4  7  0  6  3  4  5  2  3  9  8  7  3  5
  1  9  8  8  4  3  9  8  6  0  8  5  5  5  4  1  4  6  3  8
  4  6  9  8  1  4  1  4  7  4  0  5  9  7  3  9  2  7  1  6
  5  4  1  4  5  2  9  7  5  6  3  0  6  3  8  3  9  8  1  5
  7  6  6  8  8  1  1  7  7  8  9  1  0  1  2  7  3  2  1  4
  5  8  1  5  2  2  7  3  1  4  2  2  5  0  4  7  7  8  1  5
  9  4  5  7  8  1  4  6  7  3  2  4  4  1  0  7  3  3  4  4
  6  4  7  6  7  8  1  9  6  5  7  5  3  4  3  0  9  9  4  8
  1  4  5  6  4  5  7  7  1  6  6  6  3  4  4  6  0  2  4  4
  3  9  9  2  2  2  1  4  3  8  5  8  2  7  8  8  2  0  8  8
  4  4  9  8  5  9  6  7  8  1  9  9  7  9  3  7  7  9  0  7
  3  3  4  7  1  8  4  4  3  1  6  6  8  4  1  3  4  3  5  0
M9
  0  6  6  4  5  7  5  3  8  5  5  9  8  2  7  7  4  1  2  7
  1  0  4  5  4  7  7  6  7  2  6  4  3  6  5  1  8  7  8  7
  7  3  0  6  5  9  9  8  7  7  1  9  4  1  4  6  8  2  7  1
  2  1  8  0  9  5  7  5  2  4  3  3  5  3  8  5  9  2  2  8
  6  6  3  9  0  4  3  5  8  7  8  3  3  2  7  3  9  3  6  6
  5  4  7  5  2  0  5  7  7  8  6  7  7  1  4  1  1  6  8  2
  9  6  8  4  2  8  0  9  1  3  1  5  7  6  1  8  2  1  5  9
  4  5  7  1  6  5  8  0  7  7  1  8  6  3  8  3  2  7  6  1
  2  5  9  6  6  8  9  5  0  5  9  3  1  3  9  5  7  4  1  8
  1  6  3  7  6  2  8  8  7  0  8  2  2  5  7  8  9  9  4  6
  1  9  6  6  6  6  9  4  9  5  0  6  3  8  7  4  5  8  8  5
  6  4  8  3  4  2  5  1  4  1  8  0  6  7  2  3  9  5  8  8
  9  5  1  5  9  5  4  2  8  5  2  8  0  4  9  1  2  6  3  2
  4  2  8  1  8  8  3  7  8  9  1  1  2  0  8  3  5  3  5  8
  2  8  9  9  2  7  9  4  4  7  3  6  3  5  0  8  1  8  5  3
  2  1  4  8  9  9  2  4  6  6  9  2  7  2  9  0  6  4  5  8
  8  3  1  6  7  6  2  5  3  3  6  9  5  7  9  4  0  9  2  4
  4  2  4  6  4  9  1  7  1  6  5  3  8  4  2  3  3  0  4  3
  3  8  5  9  6  5  4  2  1  5  6  5  5  9  5  5  4  5  0  1
  4  2  9  2  3  8  3  7  4  8  9  9  6  2  7  8  1  5  6  0
M10
  0  9  6  5  8  4  3  3  3  7  8  7  1  2  9  5  9  7  2  2
  2  0  4  7  1  4  7  2  6  7  9  1  5  2  2  6  7  6  3  5
  2  6  0  5  4  5  5  9  7  9  5  9  3  7  9  3  3  7  5  4
  4  3  5  0  4  2  6  1  5  3  6  8  6  8  7  3  7  7  4  5
  4  7  4  9  0  4  4  9  4  6  1  4  1  1  3  6  2  8  4  6
  7  4  4  9  9  0  7  4  6  5  4  6  6  9  5  2  9  3  2  2
  7  8  5  2  5  7  0  1  6  2  9  9  8  2  6  1  5  6  8  9
  5  1  7  7  2  4  6  0  6  6  7  6  1  5  4  3  8  2  6  8
  7  9  3  5  6  8  9  6  0  7  2  5  3  3  5  6  2  5  5  4
  8  8  1  4  4  3  9  2  3  0  4  5  2  3  8  9  1  6  8  8
  6  7  6  3  8  8  2  1  7  9  0  1  9  2  6  1  4  7  2  8
  9  3  8  3  2  9  2  2  6  6  5  0  1  4  7  5  3  7  4  4
  7  7  9  4  7  5  1  6  2  7  7  2  0  1  6  4  9  7  4  5
  2  7  3  9  7  2  7  4  1  7  3  7  8  0  3  2  7  2  7  1
  2  3  9  2  2  4  9  7  9  2  6  7  1  4  0  7  4  1  9  9
  6  1  8  5  9  7  6  3  2  1  7  4  6  1  3  0  9  7  3  1
  8  7  8  7  3  6  5  6  4  2  5  9  9  2  6  4  0  9  4  2
  8  5  4  3  8  9  9  4  4  2  4  3  9  6  7  2  7  0  8  3
  1  2  5  4  1  6  3  4  7  2  2  7  1  4  6  7  2  9  0  8
  1  6  2  9  6  4  4  3  4  6  9  7  3  9  1  9  8  6  8  0
M11
  0  6  7  4  9  9  3  5  2  4  3  3  5  5  8  5  8  3  9  1
  8  0  2  7  8  4  2  3  2  5  8  9  5  4  1  5  4  4  9  2
  7  7  0  2  9  8  2  6  7  2  3  3  4  7  7  4  5  6  8  3
  5  6  3  0  6  3  9  5  4  9  2  7  9  4  8  3  2  5  3  3
  3  9  9  7  0  8  2  9  8  3  3  2  5  3  5  5  9  9  4  8
  9  7  9  5  6  0  8  9  3  6  6  2  9  1  4  9  8  4  7  7
  9  1  8  8  4  3  0  1  7  6  3  3  9  6  3  4  5  7  6  5
  4  3  7  6  9  6  8  0  4  5  5  1  1  4  4  5  1  2  3  8
  1  7  4  9  3  3  2  4  0  1  7  4  6  1  5  9  1  1  3  3
  4  4  4  5  2  8  3  1  6  0  4  9  1  1  1  8  4  1  6  6
  8  8  3  9  6  2  9  6  2  3  0  7  9  7  9  1  5  4  8  7
  9  3  1  8  8  4  4  2  5  4  5  0  3  8  6  6  6  2  2  3
  5  3  4  1  2  4  1  4  5  1  8  5  0  2  1  6  2  5  7  3
  5  9  5  4  3  4  6  1  9  7  7  1  7  0  9  4  6  7  8  5
  8  8  4  8  8  3  4  2  2  1  8  4  2  8  0  7  8  7  4  5
  8  2  5  7  6  6  8  8  1  3  1  2  4  6  6  0  6  9  7  7
  9  3  6  9  8  9  7  9  7  9  9  3  7  7  4  8  0  1  6  7
  8  4  7  1  4  1  9  1  3  3  1  6  7  1  7  6  8  0  6  2
  2  1  7  5  9  5  6  8  1  3  7  5  1  7  7  1  4  1  0  8
  4  9  9  1  5  2  9  8  5  6  4  2  5  9  8  9  5  3  8  0
M12
  0  4  6  4  1  2  6  9  4  1  6  8  4  5  4  8  3  2  4  8
  1  0  1  8  3  5  4  6  1  4  5  5  8  1  9  1  6  5  2  4
  6  8  0  5  1  3  4  4  2  5  4  4  9  4  1  8  6  7  3  2
  7  1  7  0  4  1  7  1  1  6  5  2  1  9  8  4  1  1  5  6
  8  5  4  8  0  1  5  9  7  1  2  6  4  5  7  8  3  7  3  5
  3  9  6  3  6  0  6  2  9  5  3  6  2  9  6  7  7  7  9  4
  5  2  5  8  4  6  0  2  3  3  4  8  6  1  6  2  9  2  9  7
  9  9  4  6  8  6  1  0  7  5  5  2  2  2  4  9  7  3  2  1
  3  1  6  9  8  5  2  9  0  5  5  8  7  4  8  2  1  1  9  4
  1  4  2  5  2  6  3  8  6  0  2  7  4  1  9  8  1  1  4  3
  7  3  2  7  9  3  1  4  1  5  0  6  4  5  9  2  4  2  9  3
  8  3  2  4  1  6  1  2  9  2  7  0  6  8  7  2  2  1  3  2
  5  2  7  1  3  2  8  8  4  5  5  8  0  5  6  2  7  8  4  1
  6  6  4  9  3  1  6  8  3  3  7  8  6  0  7  4  1  4  7  1
  2  7  4  5  8  6  9  7  2  9  8  4  5  9  0  9  8  2  2  6
  7  2  5  3  9  7  4  1  1  4  6  3  7  3  6  0  4  7  2  8
  6  3  4  7  4  8  3  4  1  1  7  2  3  9  4  7  0  6  3  7
  5  2  1  7  2  4  2  3  8  9  5  3  7  3  5  7  3  0  2  4
  3  8  2  1  4  6  2  2  7  2  4  2  1  5  9  5  4  5  0  9
  4  7  7  4  7  2  8  5  8  3  5  9  5  7  8  3  2  3  1  0
M13
  0  2  1  2  2  7  8  3  2  3  8  4  3  2  1  3  3  4  7  8
  4  0  7  1  5  3  3  7  1  2  5  4  3  6  2  9  1  2  8  7
  2  3  0  2  8  6  2  2  5  9  1  6  9  1  8  1  3  9  8  7
  6  4  9  0  9  4  9  1  7  7  6  9  8  9  4  8  6  7  8  2
  2  4  8  1  0  5  7  3  8  3  6  2  2  6  6  4  6  4  9  4
  2  3  1  8  1  0  1  8  6  3  1  3  4  2  9  2  2  7  3  6
  7  3  1  4  4  7  0  7  1  6  5  2  2  1  1  3  5  2  7  2
  7  1  1  2  9  1  1  0  8  2  1  4  7  8  2  9  4  4  2  8
  2  6  6  8  9  9  9  8  0  1  3  8  5  1  4  5  5  4  3  6
  8  5  9  8  5  3  3  9  2  0  7  4  4  7  3  5  8  2  7  2
  9  2  3  2  9  6  8  9  9  6  0  8  4  9  7  9  3  9  2  8
  3  4  2  5  5  4  1  9  6  2  5  0  2  8  1  1  9  2  5  9
  1  3  4  9  2  1  7  5  8  7  6  5  0  9  5  2  4  7  8  8
  8  1  9  6  5  9  1  7  3  7  2  6  2  0  5  7  6  1  1  2
  5  2  2  8  2  4  7  7  5  1  2  6  6  5  0  8  6  3  8  2
  2  2  5  1  7  9  7  6  5  6  3  1  3  6  7  0  4  6  6  7
  5  1  8  3  7  7  3  7  8  8  3  2  4  8  2  7  0  3  4  7
  9  6  2  8  7  1  3  4  3  1  2  6  3  5  2  6  8  0  2  4
  3  2  2  9  5  7  1  6  6  2  6  6  9  4  1  3  2  2  0  2
  9  1  9  7  6  1  8  7  5  1  7  5  5  5  8  2  2  5  6  0
M14
  0  7  8  1  6  5  6  6  3  2  3  8  2  7  5  9  4  1  2  1
  1  0  2  8  8  8  7  6  9  5  7  6  3  4  8  8  1  4  9  8
  7  1  0  4  5  9  5  9  2  1  6  8  7  1  9  8  4  2  4  8
  3  4  2  0  7  7  5  5  1  5  9  2  8  9  6  2  3  1  3  9
  6  7  5  3  0  8  8  1  9  5  7  1  7  7  4  6  5  3  3  6
  9  4  4  4  5  0  7  1  9  9  9  5  5  1  6  2  6  2  5  1
  8  4  7  6  8  8  0  2  7  8  5  4  3  4  8  4  4  9  3  1
  5  2  1  5  4  9  1  0  8  5  8  1  1  1  4  5  3  5  9  5
  9  4  3  5  1  6  3  8  0  8  7  4  8  6  8  4  3  6  8  2
  2  8  7  1  1  4  9  1  7  0  6  6  8  8  6  1  7  1  5  3
  1  5  3  2  4  4  4  4  4  3  0  1  5  5  5  8  4  2  2  1
  3  1  3  5  1  6  1  4  3  6  8  0  8  1  6  8  2  2  5  5
  2  1  4  1  6  4  4  3  4  9  6  6  0  7  7  2  5  7  1  2
  4  3  3  6  7  3  6  8  1  8  7  7  6  0  4  2  3  1  6  4
  7  9  5  4  1  9  7  4  4  8  1  8  8  2  0  1  8  6  8  9
  7  8  1  6  9  9  9  9  4  7  3  9  3  5  8  0  9  4  2  8
  6  1  5  9  9  9  5  7  5  7  5  3  2  3  3  5  0  3  3  9
  8  6  8  6  1  9  6  9  7  5  4  6  3  2  2  3  7  0  7  8
  5  5  6  2  5  9  1  9  1  8  6  4  2  8  6  4  8  3  0  3
  4  1  9  8  9  2  1  2  3  4  9  6  9  9  8  2  9  4  6  0
M15
  0  2  4  4  1  2  7  4  4  9  3  6  7  8  5  9  3  5  4  3
  4  0  5  7  3  1  5  8  3  3  5  9  8  7  1  4  7  9  4  7
  6  8  0  7  5  2  6  8  5  4  9  7  3  2  7  8  5  8  2  1
  7  4  8  0  5  7  7  8  2  2  8  4  7  7  3  7  8  6  1  7
  6  9  6  6  0  8  6  5  3  7  6  6  5  1  7  1  9  2  9  8
  6  7  3  6  6  0  1  4  9  9  6  6  4  6  8  3  7  6  8  5
  9  3  5  8  6  4  0  2  7  4  7  3  7  7  6  7  2  7  1  5
  6  4  1  2  7  1  3  0  7  2  6  8  7  9  3  3  1  9  5  8
  5  3  2  7  8  5  6  6  0  4  9  2  5  3  7  2  6  9  9  1
  7  5  1  7  2  8  7  3  2  0  3  5  6  7  8  6  3  6  9  9
  1  5  5  6  6  5  5  3  6  7  0  8  3  7  9  5  6  2  6  4
  5  1  3  4  7  5  3  4  1  3  7  0  2  2  6  5  5  4  5  1
  6  6  8  6  7  3  5  2  6  3  7  5  0  6  6  3  8  7  1  7
  3  4  4  9  2  7  2  9  1  5  6  4  3  0  6  8  6  7  2  5
  9  5  7  8  5  4  5  1  8  9  8  8  9  8  0  1  3  6  3  6
  3  6  5  8  2  3  7  8  6  2  8  1  1  8  1  0  5  5  3  9
  5  3  9  7  4  8  8  1  4  1  5  7  8  5  3  8  0  4  9  1
  6  9  4  8  4  8  5  3  3  7  1  5  6  6  1  7  3  0  5  7
  5  6  9  6  5  2  9  3  9  7  5  5  2  4  9  9  3  6  0  9
  8  3  6  8  9  1  9  6  4  7  7  1  8  2  2  2  4  8  7  0
M16
  0  7  9  2  6  9  5  3  3  1  3  8  2  4  3  7  4  6  5  2
  6  0  8  9  9  5  8  3  3  9  6  2  2  1  1  5  4  5  4  8
  5  8  0  5  2  6  4  4  8  5  8  6  8  4  8  2  1  9  3  5
  5  4  4  0  3  8  8  9  4  8  9  2  3  8  6  4  6  3  4  3
  5  8  1  3  0  1  1  2  9  2  5  4  1  3  1  6  2  1  4  3
  4  4  2  6  4  0  6  6  5  5  2  2  7  3  9  3  8  5  2  3
  7  6  1  6  1  8  0  9  4  3  3  3  4  7  3  5  2  6  7  4
  8  3  2  2  1  3  1  0  2  1  5  5  1  1  4  4  4  1  1  5
  4  4  2  8  2  1  8  5  0  2  6  5  7  2  8  2  2  7  1  7
  9  7  2  7  3  2  9  2  6  0  9  7  2  8  3  2  4  9  4  6
  8  1  5  9  9  6  7  6  6  6  0  7  6  2  9  9  3  3  8  4
  4  7  6  7  1  8  6  3  3  5  7  0  7  9  2  9  1  4  7  3
  5  2  6  1  4  3  1  6  6  8  5  9  0  9  1  5  4  4  5  4
  1  9  5  4  5  6  7  2  5  1  8  4  8  0  4  3  2  1  5  7
  5  3  7  1  5  3  7  8  8  8  4  5  9  9  0  5  4  5  7  1
  4  5  3  3  1  2  1  6  1  8  2  7  3  9  1  0  1  8  8  8
  4  7  8  9  9  8  2  8  5  2  7  3  4  1  9  4  0  1  1  4
  2  3  8  2  9  2  4  6  8  7  1  4  8  8  4  3  6  0  6  7
  1  7  7  9  3  8  9  1  3  5  4  5  7  3  9  7  2  8  0  5
  8  7  8  3  7  4  1  2  7  7  1  5  4  4  3  7  7  9  6  0
M17
  0  6  8  3  5  8  2  5  8  7  3  4  9  4  1  8  3  3  8  8
  1  0  6  5  8  5  4  8  4  9  3  2  1  1  3  9  7  2  7  8
  3  4  0  2  8  6  3  7  6  7  8  5  4  1  5  9  2  7  6  2
  7  6  4  0  6  5  9  8  6  3  7  2  3  9  3  6  6  8  4  8
  9  1  1  6  0  2  5  7  4  8  6  2  7  8  9  3  8  4  9  5
  2  8  3  1  9  0  7  2  7  6  7  8  9  4  4  4  3  4  8  6
  4  7  9  2  1  8  0  1  6  6  6  2  7  4  5  6  5  6  3  9
  6  3  1  1  3  7  1  0  4  6  4  2  5  9  1  3  5  6  1  7
  3  3  8  9  3  7  4  3  0  4  5  9  4  8  8  9  5  8  5  7
  9  2  2  6  4  8  8  3  1  0  3  7  5  5  4  6  1  6  2  3
  7  8  1  5  3  5  3  9  3  6  0  4  7  7  5  4  3  4  3  2
  2  2  9  3  7  4  8  3  5  4  3  0  4  5  7  1  1  1  9  8
  4  2  4  4  1  7  2  2  7  2  9  2  0  7  8  6  9  7  6  9
  6  4  6  5  5  9  8  3  2  2  5  7  1  0  6  8  5  8  7  9
  6  8  6  7  6  8  6  1  8  5  9  4  3  3  0  1  9  9  7  5
  1  6  3  8  7  5  5  7  8  2  7  1  4  7  5  0  2  8  2  4
  1  2  2  1  7  6  7  5  6  4  4  2  2  8  3  6  0  6  8  1
  3  5  7  8  7  4  6  4  9  6  5  6  3  3  4  9  1  0  6  1
  6  6  9  9  5  3  9  4  3  7  4  2  5  3  7  2  7  3  0  3
  6  2  4  2  1  4  6  1  8  9  3  3  6  9  5  3  3  3  5  0
M18
  0  4  8  7  7  6  2  6  3  8  6  9  6  2  7  7  1  4  2  2
  8  0  3  9  2  6  4  4  1  6  8  7  5  6  3  5  5  9  5  1
  3  2  0  3  3  7  6  7  2  3  2  2  4  3  9  7  3  8  2  8
  6  5  9  0  5  3  2  9  1  2  3  6  6  1  4  2  7  6  7  8
  2  9  5  6  0  7  9  9  2  5  9  5  2  5  5  2  7  6  4  2
  4  5  9  9  2  0  6  3  7  1  6  5  1  3  4  6  4  9  2  4
  6  9  9  8  1  7  0  4  7  5  3  8  3  6  9  4  5  7  2  2
  9  9  5  4  7  2  8  0  5  9  2  1  7  5  5  3  7  5  6  3
  3  3  8  3  9  8  1  7  0  7  4  7  5  1  9  6  6  8  6  8
  1  9  9  1  8  7  2  3  9  0  3  7  3  2  6  3  9  3  8  3
  9  9  9  9  5  5  4  4  8  4  0  6  3  1  6  8  3  5  9  3
  7  8  9  7  4  5  5  8  3  5  8  0  1  4  8  3  6  3  9  3
  8  6  7  9  1  8  3  9  3  4  6  1  0  5  3  8  3  7  4  1
  9  7  5  6  5  4  4  2  8  6  5  8  5  0  1  4  3  9  2  6
  6  6  4  7  4  9  7  6  8  6  9  5  8  4  0  2  6  1  9  6
  7  3  6  4  6  2  3  9  6  9  1  7  8  7  2  0  4  6  5  7
  2  3  1  5  4  8  1  1  2  1  9  5  6  9  7  4  0  6  7  7
  1  9  4  6  4  3  7  7  7  4  2  3  7  9  6  2  1  0  1  8
  6  2  3  5  2  8  7  6  1  5  8  7  1  9  1  1  1  4  0  3
  5  5  5  9  3  4  6  6  2  2  4  6  9  3  4  5  4  4  4  0
M19
  0  3  4  6  3  5  2  1  5  4  6  4  7  3  3  4  4  3  1  2
  2  0  4  4  7  8  6  5  6  2  6  9  7  9  4  2  9  5  3  9
  9  7  0  6  9  8  5  3  7  1  2  9  5  4  3  6  8  3  4  5
  1  4  9  0  6  9  1  1  6  6  2  4  3  9  1  1  7  6  2  1
  6  9  6  1  0  1  6  9  1  9  3  6  3  5  4  9  4  1  4  1
  3  3  8  3  2  0  4  9  3  1  7  8  4  7  5  7  5  3  7  2
  6  3  1  3  6  1  0  8  4  3  1  6  3  9  5  3  4  9  1  6
  4  9  7  1  7  9  3  0  7  5  6  2  1  7  3  6  1  2  8  5
  3  7  5  6  2  8  2  3  0  8  4  2  9  8  4  2  4  9  9  1
  2  7  1  9  5  8  1  4  8  0  8  4  4  5  1  2  9  9  3  1
  7  2  9  9  7  8  1  8  3  6  0  7  1  8  6  7  9  8  9  2
  4  1  8  3  8  7  8  2  4  7  8  0  3  6  5  2  7  3  7  6
  6  4  1  5  3  5  3  7  3  2  3  6  0  8  1  6  8  3  3  1
  8  9  9  8  8  3  9  6  6  2  8  4  7  0  6  4  9  7  8  2
  9  3  6  5  3  1  7  3  1  4  6  8  8  5  0  4  3  4  4  6
  1  5  9  3  9  7  9  7  6  1  4  9  2  3  7  0  4  5  2  4
  4  1  8  8  5  6  9  7  7  2  2  3  7  1  9  8  0  9  7  2
  4  2  2  1  1  3  2  3  7  3  2  2  4  6  7  2  3  0  5  2
  4  4  7  8  7  8  8  7  7  1  3  4  4  4  4  8  6  7  0  5
  8  1  1  7  2  9  8  6  4  1  5  1  8  9  7  1  2  3  3  0