50 10
  0 68  1 69  2  1  3 19  4 10  5 76  6 50  7 39  8 77  9 30
  0 40  1 96  2 37  3 65  4 76  5 40  6 87  7 11  8 30  9 71
  0 43  1 54  2 91  3 35  4 75  5 96  6 77  7 96  8 88  9 57
  0 72  1 37  2 59  3 89  4 29  5 54  6 88  7 74  8 21  9 83
  0 87  1 35  2  2  3 41  4 10  5 91  6 80  7 22  8 29  9 34
  0 59  1 19  2 44  3 15  4 86  5 90  6 75  7 22  8 12  9 31
  0 67  1 10  2 29  3 99  4 62  5 41  6 41  7 50  8  2  9 11
  0 89  1 88  2 37  3 19  4 26  5 72  6 84  7  6  8 95  9 50
  0 84  1 61  2 30  3 74  4  1  5 37  6 24  7 95  8 24  9 22
  0 43  1 95  2 20  3 63  4 62  5 38  6 27  7 83  8 20  9  7
  0 92  1 18  2 19  3 92  4 89  5 64  6 52  7 70  8 66  9 82
  0 90  1 49  2 79  3 29  4  2  5 98  6 73  7  1  8 82  9 34
  0 23  1 69  2 41  3 47  4 62  5 36  6 75  7  8  8 45  9  5
  0 20  1 86  2 79  3 80  4 96  5 20  6 23  7 94  8  4  9 62
  0 97  1 28  2 49  3  7  4 99  5  3  6 52  7 65  8 22  9  3
  0 57  1  6  2 21  3 43  4 91  5 41  6 97  7 70  8 81  9 68
  0 33  1 40  2 97  3 89  4 85  5 93  6 40  7 61  8 56  9 35
  0  7  1 88  2 86  3  9  4 42  5 44  6 50  7 80  8 85  9 79
  0 69  1 94  2 15  3 99  4  7  5  3  6 95  7 82  8  3  9 10
  0 56  1 78  2 57  3 38  4  4  5 19  6 34  7 23  8 82  9 60
  0 16  1 43  2 76  3 76  4 23  5 66  6  2  7 51  8 94  9 67
  0 41  1 31  2 14  3 52  4 74  5 55  6 76  7 92  8 72  9 10
  0  7  1 54  2 57  3 48  4 83  5 66  6 26  7 25  8 96  9 87
  0 74  1 80  2 80  3 55  4 41  5 68  6 48  7 23  8 55  9 25
  0 54  1 11  2 93  3 17  4 63  5  1  6 16  7 40  8  3  9 24
  0 67  1 27  2 31  3 63  4 99  5  5  6 20  7 69  8 63  9  4
  0 15  1  3  2 66  3 92  4 55  5 59  6 86  7 42  8 65  9 36
  0 85  1 32  2 30  3 77  4 37  5 64  6 62  7 13  8 20  9 44
  0 83  1  2  2 82  3 31  4 23  5  1  6 54  7 17  8  4  9 22
  0 42  1 49  2 11  3 44  4  1  5  5  6 50  7 27  8 95  9  8
  0 29  1 27  2 71  3 76  4 84  5 11  6 26  7 74  8 20  9 49
  0 64  1 81  2 94  3 18  4 46  5 46  6  4  7  7  8 57  9 97
  0  3  1 18  2 35  3  7  4 31  5 10  6  4  7 25  8 38  9  8
  0  9  1 83  2 71  3 40  4 93  5 56  6 59  7 73  8 46  9  9
  0 35  1 84  2 76  3 47  4 79  5 25  6 24  7 81  8 76  9 18
  0 24  1 49  2 76  3 73  4 32  5 95  6 14  7 84  8 10  9 34
  0 72  1 64  2 26  3 41  4 71  5 12  6 49  7 40  8 79  9 54
  0 70  1 20  2 31  3 70  4 60  5 48  6 35  7 28  8  7  9 42
  0 47  1 52  2 58  3 86  4 42  5 11  6 78  7 86  8 12  9 70
  0 78  1 42  2 31  3  8  4 24  5 45  6 77  7 17  8 60  9 59
  0 60  1 51  2 98  3 63  4 51  5 25  6 72  7 66  8 85  9  8
  0 11  1 66  2 26  3 77  4 98  5 62  6 10  7 33  8 73  9 29
  0 60  1 95  2 92  3 91  4 64  5 12  6 87  7 20  8 18  9  6
  0  5  1 18  2 11  3 24  4 85  5 67  6 24  7 84  8 75  9 42
  0 24  1 37  2 72  3 19  4 31  5 17  6 26  7 23  8 77  9 33
  0 52  1 70  2 46  3 63  4 11  5 59  6 46  7 73  8 71  9 67
  0 39  1 22  2 20  3 72  4 95  5 30  6 40  7 25  8 83  9  7
  0 14  1 87  2 38  3 17  4 58  5 73  6 86  7 87  8 63  9 64
  0 65  1 67  2 57  3 46  4 57  5 34  6 40  7  2  8 52  9  7
  0 99  1 15  2  5  3 66  4 28  5 27  6  8  7 15  8 66  9 60
SSD
M0
  0  7  4  4  7  8  6  7  9  8  4  9  9  3  2  9  6  3  1  7  6  2  4  1  7  5  7  2  8  8  4  3  6  1  1  4  3  7  7  5  8  6  1  6  1  3  5  4  2  6
  9  0  7  9  5  4  4  2  1  8  6  9  2  5  7  8  3  1  4  8  9  8  4  3  5  8  1  3  1  3  1  5  3  8  2  8  8  5  6  2  5  4  5  6  9  2  4  7  2  8
  7  2  0  1  4  9  6  1  4  3  4  3  2  2  8  4  8  5  2  9  8  2  6  7  2  6  8  9  3  6  3  8  1  7  9  4  7  7  7  3  3  6  3  9  3  9  1  7  5  2
  4  6  1  0  2  6  4  9  4  2  9  2  7  6  9  3  5  8  1  4  9  1  9  4  7  5  5  5  2  6  9  7  3  4  7  2  1  4  5  7  4  7  8  1  6  7  9  3  2  6
  7  2  5  6  0  1  7  7  3  1  8  6  3  1  6  9  1  6  9  9  9  8  4  1  1  3  7  8  4  6  9  5  4  3  1  8  5  3  9  8  3  7  6  4  3  5  9  6  8  3
  1  9  6  6  3  0  7  4  9  5  9  9  4  7  4  4  6  9  4  2  1  4  9  4  1  2  6  5  6  7  1  1  6  6  1  1  1  5  1  6  3  9  2  5  1  5  3  6  2  7
  2  6  3  7  4  3  0  5  8  7  8  8  7  4  8  3  3  5  7  7  3  5  9  4  5  9  4  1  7  3  5  2  2  8  6  5  5  3  1  1  6  3  2  5  4  8  7  7  1  8
  3  3  5  4  8  4  1  0  4  1  9  7  2  2  5  1  9  8  7  1  1  9  6  7  6  8  8  3  5  9  3  3  4  7  4  2  2  3  7  1  3  7  8  8  4  3  8  2  6  3
  2  8  3  7  3  8  1  2  0  7  3  8  2  3  2  1  9  3  2  6  8  5  1  2  8  6  8  1  8  9  7  9  5  1  6  6  2  1  9  2  6  4  5  7  1  8  1  2  6  8
  7  2  7  7  7  8  6  5  6  0  3  7  6  8  4  3  1  5  2  1  8  4  1  6  1  7  4  8  1  6  7  1  8  3  3  1  4  4  2  1  5  9  1  1  2  4  5  4  7  6
  1  3  1  4  3  7  1  6  1  6  0  8  3  6  9  3  6  9  9  4  9  4  6  7  3  8  3  3  4  4  1  9  6  6  2  6  4  9  3  5  9  5  3  7  4  6  3  6  2  9
  7  6  1  8  4  5  1  7  3  8  5  0  1  4  1  5  2  6  3  6  8  7  8  9  8  6  1  1  9  8  5  5  2  6  7  6  6  6  9  3  7  5  8  5  2  3  7  3  6  2
  8  6  7  5  6  7  5  4  3  3  3  1  0  7  5  6  5  4  6  6  3  2  9  4  3  6  5  1  5  3  5  6  4  6  1  6  4  7  5  8  2  5  9  2  9  1  9  4  8  1
  8  9  3  7  5  4  9  8  1  3  6  1  4  0  1  3  8  9  6  1  7  7  3  9  5  6  3  2  9  7  3  3  8  7  7  6  1  1  9  6  6  4  1  7  8  5  1  3  8  3
  7  2  4  3  3  7  5  2  4  8  9  7  5  3  0  7  4  3  7  3  3  2  5  5  8  8  2  3  7  4  9  7  5  1  6  1  2  8  9  6  2  7  4  4  6  5  6  2  9  6
  2  9  6  6  3  1  8  5  4  3  5  4  4  9  2  0  7  1  5  9  8  9  6  8  6  5  8  1  3  4  5  7  6  5  4  4  7  3  9  6  1  2  8  4  6  1  4  6  9  5
  8  5  8  8  6  5  6  7  1  6  5  9  9  1  8  2  0  3  9  1  9  7  5  6  2  9  6  3  8  5  1  9  6  6  7  1  3  4  3  4  5  1  3  9  8  6  6  2  1  6
  5  8  8  8  5  4  7  5  8  3  6  8  6  1  8  3  1  0  9  4  3  2  2  8  8  8  6  6  9  2  8  4  3  3  4  9  2  9  1  4  9  9  8  4  7  3  5  7  6  2
  7  7  6  8  4  1  5  9  1  2  3  5  1  7  8  6  3  6  0  6  3  3  9  9  7  7  6  7  9  1  9  2  8  4  4  7  3  8  4  8  5  8  1  4  2  6  6  3  2  4
  1  2  2  2  6  1  5  7  6  9  6  3  7  1  2  3  1  3  4  0  2  3  2  4  2  8  4  9  1  3  6  5  7  6  4  2  1  8  8  4  8  8  3  6  9  8  2  2  4  7
  2  1  7  6  3  2  1  9  9  2  3  5  5  4  3  2  7  1  8  3  0  9  6  6  3  3  5  5  4  4  6  9  5  6  3  7  3  4  9  5  4  1  4  7  2  5  2  3  6  3
  2  9  8  8  1  1  1  6  1  2  6  5  1  3  3  5  5  8  5  2  1  0  7  9  4  1  9  9  4  1  1  4  6  3  8  2  4  1  2  4  4  7  4  8  3  5  6  2  4  9
  4  4  7  1  1  7  2  5  8  4  6  6  7  5  5  4  1  3  3  8  2  8  0  2  3  4  4  6  1  5  7  2  8  4  4  3  4  5  4  4  9  6  6  2  1  4  5  2  1  7
  4  9  8  5  6  7  8  5  3  2  3  8  1  9  3  3  1  5  8  9  9  5  2  0  2  3  9  7  9  9  9  8  3  1  8  6  1  6  5  5  3  5  1  8  5  7  2  8  6  9
  1  4  7  4  8  8  7  8  5  4  8  4  2  9  8  4  2  1  2  3  6  1  6  1  0  8  4  3  9  8  2  4  2  2  1  5  1  2  8  8  1  2  4  4  7  6  5  3  7  9
  2  5  6  4  9  3  6  1  5  8  2  5  9  3  1  7  2  1  4  5  3  2  8  5  2  0  8  2  8  8  1  1  6  9  7  5  2  3  4  6  9  4  8  4  9  9  7  3  9  5
  7  3  2  3  9  5  4  2  5  8  9  5  4  7  5  7  2  6  3  1  4  6  4  8  5  6  0  2  9  3  8  4  2  2  5  5  3  3  9  7  9  5  5  2  6  6  2  6  5  5
  8  4  5  5  5  7  4  5  8  3  6  2  9  4  4  5  8  4  9  9  6  9  2  1  8  7  8  0  3  1  8  6  7  9  3  1  4  3  1  4  2  5  2  1  6  3  9  1  7  1
  9  2  7  9  2  1  9  8  5  3  6  5  3  7  4  6  4  5  5  4  2  4  1  7  2  7  6  5  0  7  3  7  6  1  2  4  1  2  5  8  1  7  3  4  9  2  3  3  8  3
  3  2  2  4  3  4  4  2  6  8  1  9  8  8  2  4  7  9  1  8  3  4  3  4  3  3  7  1  7  0  7  3  6  9  5  1  3  8  6  7  4  5  3  2  2  6  2  3  5  9
  5  9  2  7  4  2  5  2  9  8  3  5  2  9  8  2  5  7  4  4  5  4  3  4  1  9  5  3  6  5  0  9  6  5  5  5  1  2  8  1  7  7  2  7  1  5  9  2  7  4
  1  4  4  2  1  4  6  9  7  4  9  3  4  7  6  6  4  1  7  5  1  4  5  2  7  7  7  3  2  8  4  0  4  4  1  1  5  3  6  2  3  3  4  7  5  4  9  5  3  9
  8  1  4  2  2  9  2  3  4  7  8  4  1  5  2  6  1  8  2  1  4  5  4  9  6  9  6  1  1  1  8  4  0  9  3  5  7  5  3  1  7  8  7  4  4  8  4  1  6  4
  9  2  2  4  6  2  3  6  5  8  3  5  3  9  7  4  3  4  4  6  3  4  8  2  3  3  2  1  1  5  4  8  9  0  4  7  4  1  2  8  4  5  3  3  1  3  5  1  1  3
  2  1  4  8  9  8  7  7  3  3  1  7  3  6  5  2  7  2  2  4  4  2  2  4  9  4  1  2  7  2  1  2  5  9  0  4  5  8  4  4  9  6  4  1  9  6  8  4  8  7
  2  5  6  3  8  2  8  1  7  2  5  4  9  8  5  1  6  7  7  6  8  1  4  6  4  3  9  3  4  1  9  6  5  6  7  0  1  3  8  1  1  3  5  9  3  5  3  1  5  2
  7  2  9  1  2  1  7  3  5  3  5  5  7  4  3  9  2  6  4  3  1  9  6  2  6  6  4  7  3  3  9  9  8  9  9  6  0  1  9  4  8  3  8  2  8  5  2  5  6  1
  7  2  4  8  2  3  8  5  8  8  8  9  1  8  3  9  3  5  5  1  9  4  7  7  3  7  4  5  2  9  7  5  8  3  8  7  1  0  5  2  1  7  8  6  8  4  9  1  6  1
  4  8  8  4  8  6  2  1  7  7  2  7  4  2  7  7  3  2  5  6  3  5  2  3  8  7  5  8  2  3  1  7  5  1  5  8  2  2  0  4  9  1  4  4  5  6  3  1  1  3
  5  5  4  3  6  1  1  3  2  6  9  1  4  1  5  1  1  8  4  5  8  2  8  8  1  3  5  8  6  3  2  1  4  1  3  9  8  6  8  0  1  7  9  5  1  4  9  4  2  5
  9  2  2  9  4  4  1  3  6  9  2  5  9  1  4  5  5  3  1  9  9  3  6  8  3  3  7  3  2  4  5  3  3  4  4  8  4  2  3  5  0  1  9  8  6  2  3  2  2  4
  1  7  7  8  9  7  4  3  4  7  2  5  6  4  7  7  7  8  3  2  3  9  2  4  3  3  3  8  8  8  6  3  5  1  9  7  6  4  1  6  6  0  3  9  3  9  6  2  4  1
  3  1  4  4  7  1  7  3  4  7  8  5  8  3  5  4  3  7  5  2  7  5  8  9  6  8  9  7  1  8  9  6  2  2  7  5  2  4  3  7  6  9  0  6  6  8  5  5  9  8
  8  6  5  2  4  9  7  8  6  6  8  7  6  2  5  1  5  3  8  8  2  5  5  7  4  2  9  8  8  2  6  7  7  6  1  1  1  7  7  7  3  5  8  0  6  6  5  2  7  8
  6  5  5  6  5  9  6  1  7  7  5  8  1  5  5  7  5  6  4  5  5  7  7  3  4  3  8  6  5  4  2  2  8  6  1  4  7  4  5  2  6  4  9  3  0  8  1  5  8  7
  6  9  2  2  5  1  8  3  2  4  4  5  3  5  6  8  4  5  4  7  3  7  6  6  5  2  5  2  4  8  6  3  9  7  4  3  1  9  4  6  1  5  4  1  6  0  2  3  5  1
  7  4  6  7  4  6  3  5  2  4  2  4  6  5  4  8  1  6  1  1  1  9  9  3  8  6  9  2  2  7  8  2  5  2  2  3  7  2  3  3  4  4  4  5  5  7  0  8  4  5
  1  4  7  3  2  5  3  1  4  2  7  4  6  5  8  6  7  4  1  3  1  6  2  5  1  9  7  4  7  6  9  4  5  1  7  1  4  1  2  7  1  3  4  1  5  8  1  0  1  9
  4  3  9  7  9  6  4  2  3  8  5  5  6  1  6  8  1  4  9  8  7  1  9  1  7  1  1  6  2  1  1  8  1  8  5  5  5  1  3  3  7  4  8  6  3  4  1  8  0  4
  4  3  4  1  7  9  6  2  1  2  1  2  3  7  9  7  8  1  2  1  6  1  4  3  8  5  7  1  6  6  1  7  9  3  6  3  3  3  9  5  3  6  1  7  7  1  5  7  5  0
M1
  0  1  9  5  3  5  5  3  5  4  7  2  5  1  4  6  5  6  9  5  1  4  9  9  7  6  2  9  9  8  8  3  4  2  6  2  6  1  5  3  1  1  4  6  4  1  4  2  8  6
  4  0  7  6  9  4  5  9  3  5  3  1  8  9  9  5  3  5  7  5  5  3  1  8  2  6  9  8  5  2  3  4  6  5  9  6  9  6  1  1  9  1  5  3  9  8  2  1  6  7
  1  9  0  4  1  5  8  4  5  8  4  6  8  7  3  2  1  7  7  3  5  7  1  4  7  9  1  5  9  4  7  9  8  5  9  1  3  2  1  8  3  6  1  5  2  1  6  5  3  5
  2  3  7  0  8  1  5  6  3  7  2  7  9  7  1  8  8  7  5  5  3  4  1  2  8  5  6  1  3  4  9  7  4  7  2  7  2  5  9  6  4  4  8  1  1  5  2  2  3  9
  9  3  9  4  0  9  8  5  6  2  2  3  8  9  3  5  8  9  4  1  8  8  7  7  9  9  5  8  5  1  5  2  4  1  2  3  1  1  5  4  1  2  9  6  1  8  3  3  4  1
  4  1  6  7  5  0  9  1  8  1  7  7  6  2  3  5  2  7  6  2  8  1  6  7  2  7  8  4  6  2  5  6  2  8  7  3  4  6  6  4  6  1  5  1  1  6  6  9  8  7
  4  3  6  3  8  9  0  5  5  2  3  2  1  9  6  2  5  8  4  7  6  7  3  3  7  9  5  8  5  8  5  6  3  6  5  5  2  4  7  1  3  9  3  4  5  9  1  4  7  7
  2  5  7  1  9  1  5  0  4  1  1  7  9  9  9  6  4  6  1  5  6  4  1  8  7  7  8  1  5  1  4  9  1  8  8  1  7  3  4  9  9  8  8  9  5  6  1  4  8  2
  2  8  4  5  6  5  3  4  0  2  7  9  4  6  2  9  5  9  4  2  1  3  9  4  7  7  7  4  7  7  7  4  4  3  2  3  3  8  1  9  1  3  4  4  8  7  1  6  2  8
  9  9  8  4  1  6  8  5  9  0  3  9  5  6  6  8  7  6  8  2  7  1  3  2  9  3  4  1  8  7  4  7  8  7  9  8  4  7  7  6  2  6  9  4  3  6  2  8  6  2
  2  1  3  5  1  7  6  5  9  7  0  1  4  9  1  8  3  3  8  9  8  4  4  1  9  4  1  3  3  6  2  5  5  9  7  3  1  1  4  6  2  2  3  5  1  1  6  7  7  6
  2  9  4  2  2  2  3  9  2  5  3  0  2  7  7  9  9  1  6  7  4  2  1  8  9  8  7  5  5  9  3  5  3  4  6  6  7  8  1  8  5  1  8  8  6  5  9  9  9  3
  5  2  4  5  4  1  5  9  6  5  2  8  0  9  5  3  5  7  4  6  1  5  2  1  4  6  2  1  6  4  6  7  4  4  9  7  6  7  7  8  3  3  9  5  5  6  2  9  3  2
  2  3  7  7  4  8  5  5  4  1  1  3  9  0  2  2  3  4  8  8  1  5  4  9  9  4  1  5  1  6  7  3  9  7  8  5  4  4  9  4  6  1  6  9  7  6  6  3  9  9
  5  2  4  2  2  6  5  5  6  8  3  9  1  1  0  7  3  7  2  3  2  5  1  1  7  5  3  4  4  3  3  2  7  1  8  3  6  2  6  7  4  3  7  3  5  9  8  7  5  8
  8  2  9  7  8  5  3  6  1  4  7  6  6  1  7  0  7  4  7  1  6  8  9  1  3  6  9  8  6  4  7  5  7  9  1  4  2  2  3  2  6  2  1  5  8  6  7  2  7  5
  7  5  5  4  1  9  1  4  7  9  4  7  8  2  1  9  0  3  9  6  2  4  7  9  6  7  3  6  4  5  1  2  4  6  3  2  3  1  9  1  2  5  8  2  1  9  6  7  7  3
  9  5  4  1  8  3  5  7  6  9  3  6  2  9  6  8  3  0  7  3  9  4  9  2  1  5  7  1  8  1  4  3  2  9  3  6  3  4  4  5  9  6  9  9  8  3  4  4  3  1
  7  4  9  4  4  1  9  3  2  7  6  7  2  5  5  7  6  7  0  6  2  6  7  1  8  5  8  7  3  7  4  4  2  6  8  1  7  3  9  4  3  8  8  9  5  2  7  1  2  6
  8  3  7  7  1  7  6  1  6  3  3  1  7  7  4  4  8  5  4  0  9  4  2  1  8  5  6  7  4  2  3  1  5  7  1  6  8  5  1  8  5  6  3  6  6  8  4  5  7  4
  9  8  4  7  7  7  6  4  8  4  4  9  3  5  2  5  5  9  4  7  0  8  1  9  8  6  9  7  5  3  6  9  8  6  2  8  7  8  5  4  9  2  8  2  6  8  6  7  7  3
  5  5  7  1  3  7  7  1  2  3  3  5  1  5  4  1  8  7  3  8  1  0  4  1  2  9  9  6  6  1  4  7  6  2  8  1  1  7  8  1  9  7  7  9  9  7  3  2  5  1
  8  2  1  7  5  1  6  3  6  8  3  3  8  6  5  9  3  2  6  4  1  9  0  9  8  4  4  9  4  5  7  9  9  3  2  6  4  2  5  6  7  8  4  1  6  8  2  2  3  5
  9  1  9  2  9  2  8  2  6  9  8  8  7  7  3  4  6  2  4  1  9  1  4  0  5  9  4  7  7  7  7  4  9  8  2  7  9  2  8  1  1  2  5  5  1  9  3  7  6  3
  5  7  2  6  5  2  5  1  2  5  2  3  6  7  5  5  1  1  2  5  9  4  6  3  0  4  8  1  9  1  4  8  6  7  4  5  5  9  6  2  3  7  2  9  9  6  1  5  5  1
  7  5  4  8  6  5  1  6  5  9  4  7  6  9  8  1  7  4  8  5  9  2  4  1  2  0  9  5  5  9  7  9  5  5  3  9  9  8  9  3  3  4  4  1  1  5  4  1  7  9
  7  5  6  1  8  6  9  3  2  9  6  7  5  4  4  8  4  4  9  8  7  9  9  2  7  5  0  7  4  1  9  5  5  8  8  2  2  6  3  8  6  1  4  9  9  8  5  7  9  5
  3  3  8  7  3  4  4  8  3  5  3  5  7  7  8  6  1  3  8  2  3  4  2  7  6  4  2  0  3  8  8  3  3  8  7  7  8  6  5  6  1  4  5  5  6  1  4  4  1  6
  5  6  3  6  1  3  2  6  1  2  6  9  9  5  7  2  4  9  6  9  9  5  3  2  6  7  6  1  0  8  2  4  4  1  1  4  5  4  4  8  3  2  5  5  6  2  2  1  8  7
  5  5  1  7  6  4  4  4  7  6  1  2  4  7  3  7  8  4  3  2  1  8  5  2  5  3  9  4  4  0  1  8  3  6  3  2  4  7  2  3  5  1  5  2  6  4  6  4  2  6
  5  8  6  3  3  7  7  8  5  2  5  9  6  3  3  6  5  4  8  4  8  6  3  5  3  6  6  8  6  4  0  8  4  9  5  5  8  5  6  1  5  8  6  1  8  1  8  5  2  5
  4  1  3  4  4  3  5  9  7  4  2  5  2  2  8  4  6  6  6  6  6  3  1  2  9  2  3  8  9  8  1  0  2  4  3  7  8  3  2  2  5  4  9  1  5  8  9  6  9  7
  1  9  6  5  5  6  1  4  9  2  5  8  5  1  9  6  9  6  3  7  3  2  2  9  5  7  6  4  2  3  4  5  0  7  4  8  7  3  2  1  1  4  4  8  1  9  6  8  7  7
  6  7  9  3  2  5  3  3  3  2  5  1  3  3  6  8  9  6  2  7  6  4  1  1  5  3  6  2  9  6  9  6  6  0  4  8  3  6  2  5  4  3  3  9  9  5  1  2  7  6
  9  5  7  7  5  3  4  4  2  2  3  9  7  4  4  2  4  7  1  7  4  7  1  4  9  2  8  7  6  9  2  9  7  4  0  1  4  8  7  4  8  8  7  6  6  1  1  8  9  8
  4  7  6  7  8  2  8  2  3  7  6  1  4  3  9  7  5  1  2  3  9  8  6  1  1  5  2  4  7  2  8  9  4  7  5  0  6  5  2  5  8  8  7  5  3  4  8  1  9  6
  5  1  8  2  9  3  4  2  4  6  6  6  4  4  1  9  5  3  5  4  6  8  1  1  1  1  2  5  1  4  4  1  5  6  5  4  0  9  7  3  4  9  5  2  1  5  6  8  3  6
  4  7  1  4  1  2  5  9  7  9  9  7  8  3  8  6  1  1  7  1  4  6  2  9  4  6  2  7  6  2  8  5  3  9  7  6  6  0  5  6  5  1  5  6  2  8  8  6  7  8
  2  5  1  5  7  7  3  3  5  2  2  6  4  4  5  4  1  3  6  9  9  6  3  3  1  2  5  3  3  7  2  8  1  4  7  6  5  7  0  9  2  9  3  6  7  7  4  2  6  2
  1  6  9  2  4  5  6  6  7  9  9  5  5  3  5  1  7  9  8  2  2  9  4  6  9  6  3  1  1  2  6  5  7  3  5  2  4  8  8  0  9  7  9  2  1  6  5  7  6  4
  2  5  7  7  7  5  3  2  1  1  2  4  9  4  8  3  3  8  1  2  8  2  3  3  6  7  4  7  2  8  1  6  1  2  7  3  2  9  8  6  0  8  2  9  6  9  1  6  6  8
  2  1  3  4  4  6  3  1  5  2  1  7  5  9  7  4  1  1  5  8  3  9  4  8  6  7  9  5  2  5  5  3  6  5  4  7  3  9  1  1  3  0  4  3  3  3  6  4  2  3
  6  1  4  1  5  5  6  5  8  3  6  1  8  3  3  6  3  5  6  9  2  8  1  4  9  8  3  6  5  5  9  6  4  4  8  9  6  6  7  3  8  3  0  8  8  3  7  2  5  9
  2  1  8  3  7  8  9  4  8  1  6  8  8  8  2  2  6  8  2  9  8  5  4  9  9  7  5  7  1  4  6  7  2  9  8  6  6  1  2  7  5  9  2  0  7  2  6  6  2  5
  6  8  6  3  7  4  2  8  9  8  8  6  8  3  4  8  3  4  2  3  3  7  8  5  7  8  4  8  2  3  5  1  5  2  1  9  4  4  7  5  4  7  9  7  0  4  5  8  2  8
  6  2  3  2  1  5  3  4  7  6  6  5  5  8  6  6  6  6  5  4  5  6  2  3  7  6  3  5  5  6  5  1  3  8  3  1  6  5  9  8  9  2  5  8  6  0  1  4  5  9
  9  8  3  3  1  9  8  7  1  6  5  1  5  1  6  8  4  8  1  9  9  8  9  1  5  6  8  2  8  3  7  8  4  3  8  5  9  7  3  5  2  3  2  6  4  8  0  6  4  1
  4  4  7  3  9  3  6  6  2  8  4  4  5  5  7  6  7  9  5  7  2  5  6  7  8  4  3  7  7  5  4  4  2  2  6  3  3  8  3  8  5  7  1  6  4  9  2  0  3  3
  2  9  9  4  1  5  6  1  1  4  9  4  9  1  6  2  9  1  3  1  4  7  3  3  1  9  5  5  3  1  3  7  4  6  5  3  9  6  4  2  9  2  5  3  5  9  4  9  0  8
  1  9  7  9  6  4  8  1  1  8  5  8  1  1  4  2  8  6  6  3  9  8  1  7  2  9  1  6  8  9  4  2  9  6  9  7  9  4  6  7  3  5  8  7  9  7  9  1  7  0
M2
  0  7  8  3  2  5  6  3  6  9  5  2  9  3  1  9  5  9  2  7  9  7  6  3  2  7  6  9  2  8  9  5  7  6  5  3  9  1  6  2  6  5  9  8  7  3  1  9  1  5
  2  0  7  4  6  2  2  3  8  1  2  7  6  6  2  6  5  6  3  9  7  7  9  2  3  1  9  2  6  8  8  7  7  3  3  5  3  6  1  5  8  5  2  1  1  3  4  3  9  8
  3  5  0  3  3  7  1  6  6  2  1  2  7  7  4  1  1  7  6  9  4  3  1  1  1  9  2  5  9  8  6  5  3  6  9  8  3  8  5  2  7  3  3  3  8  4  6  8  2  1
  2  6  7  0  7  4  2  6  3  4  4  9  5  2  8  4  8  2  4  6  6  2  6  6  7  7  4  4  3  1  7  1  1  3  6  2  9  4  1  5  3  7  7  7  4  7  9  8  6  6
  1  3  4  1  0  9  1  1  7  1  6  8  5  3  2  9  7  9  6  4  8  9  1  3  1  3  1  9  4  1  6  7  7  6  5  2  4  4  8  1  4  7  3  3  8  1  4  8  6  7
  2  5  5  1  4  0  8  7  1  1  4  7  5  6  2  3  9  8  3  3  2  5  2  2  9  1  6  3  5  7  8  6  3  1  9  7  5  5  9  2  7  1  9  7  9  2  7  2  2  9
  3  2  3  4  1  9  0  7  9  8  3  5  1  5  3  4  1  6  7  9  3  4  5  6  3  1  1  3  4  8  4  2  8  6  4  4  6  5  5  4  7  9  1  2  3  7  2  3  2  3
  3  1  4  3  7  8  2  0  9  1  2  2  1  4  3  5  1  2  8  6  6  4  4  2  2  1  1  3  7  2  7  7  5  4  2  2  4  4  8  5  5  5  2  3  8  3  8  4  8  4
  5  4  4  3  1  4  9  7  0  5  6  2  6  1  2  8  4  2  6  9  2  8  5  5  8  9  6  2  4  9  5  1  2  9  4  8  5  8  2  5  5  8  7  1  9  7  2  4  4  4
  8  3  8  2  3  6  6  1  8  0  9  1  5  4  9  8  1  1  7  9  9  8  4  6  9  4  7  8  9  3  1  1  9  1  3  2  5  7  5  6  5  9  6  2  2  3  6  7  5  1
  6  3  8  2  6  2  8  7  6  3  0  6  6  2  1  5  1  3  9  1  7  3  6  6  4  3  9  8  4  2  3  9  7  3  9  5  6  3  5  2  9  7  1  8  3  3  1  7  1  6
  2  8  1  5  6  1  5  1  3  4  7  0  4  6  5  6  8  7  3  2  6  8  3  5  6  3  5  4  1  4  2  5  4  9  6  7  9  5  5  6  2  6  4  9  8  9  8  1  7  1
  5  5  6  7  1  4  4  4  5  8  1  6  0  6  7  3  8  1  7  1  1  5  5  3  2  9  8  3  9  2  4  8  5  5  5  4  2  8  6  7  2  4  7  9  4  4  9  2  2  3
  6  5  3  2  6  3  1  5  7  2  5  6  4  0  2  7  2  2  3  5  1  8  6  3  9  8  4  4  4  6  8  7  5  9  7  7  9  8  4  5  5  4  1  1  2  9  1  5  7  5
  1  3  4  2  8  4  9  6  3  6  3  2  9  9  0  6  5  4  3  8  2  5  4  4  9  7  9  2  2  1  3  9  3  6  9  9  7  3  1  3  1  7  3  8  5  9  2  2  2  7
  7  7  2  2  8  3  3  3  4  1  2  3  6  1  2  0  9  4  7  6  3  1  1  4  8  3  5  3  1  4  3  9  5  3  6  4  8  4  1  3  2  2  2  1  3  6  6  5  1  9
  8  7  8  9  9  8  2  2  6  2  3  9  9  1  4  9  0  9  7  1  3  1  3  2  5  1  8  3  6  4  9  5  3  9  4  3  3  4  5  2  9  9  3  9  1  2  4  5  7  3
  1  6  6  5  1  3  2  5  1  3  5  1  5  5  6  8  6  0  3  9  8  8  8  8  1  1  1  6  5  9  9  4  3  7  3  8  7  8  6  6  9  1  5  3  1  2  6  9  9  4
  6  8  8  9  5  4  9  9  4  2  6  7  4  8  8  7  1  1  0  6  7  4  2  5  8  5  6  1  2  4  3  3  7  9  1  5  6  4  3  2  4  9  1  6  3  6  2  1  5  6
  5  4  1  6  3  4  3  7  2  4  5  4  1  3  4  6  3  7  8  0  4  2  5  2  8  6  8  8  2  4  5  8  9  5  3  4  1  6  8  6  1  4  9  4  4  4  2  8  3  4
  2  1  7  6  3  4  2  9  6  1  9  8  8  2  6  7  7  9  9  1  0  7  5  4  8  7  5  3  5  7  4  7  2  5  5  6  5  6  1  2  2  7  2  6  2  1  3  4  4  9
  9  7  1  3  5  9  4  4  4  2  2  9  4  5  2  2  5  7  6  8  6  0  8  9  6  9  6  2  9  2  1  7  4  6  1  7  2  2  9  8  9  2  8  3  6  6  1  7  8  3
  3  9  8  1  5  4  9  1  5  7  6  8  3  1  2  9  4  1  4  4  4  4  0  2  5  7  9  3  2  3  7  7  8  6  7  6  1  2  7  7  4  7  2  2  1  8  3  5  4  2
  9  2  5  1  2  3  1  3  7  3  1  6  3  5  5  2  8  4  6  4  2  5  9  0  3  2  1  2  1  1  2  4  5  8  5  7  8  4  6  4  6  7  8  1  3  7  3  8  3  8
  6  4  6  9  9  8  9  4  7  4  2  5  1  2  6  7  5  9  9  1  4  9  6  5  0  6  8  5  1  6  8  1  4  2  9  6  3  8  4  5  3  4  8  9  6  4  3  4  4  8
  1  7  8  4  9  3  6  5  3  9  8  3  7  6  3  5  1  8  9  5  8  5  6  9  7  0  8  5  8  5  9  5  8  9  6  4  3  7  6  7  6  7  4  3  7  4  7  4  5  4
  2  9  7  6  2  6  5  2  6  7  5  6  2  3  5  7  6  1  5  9  4  7  5  5  7  3  0  7  9  7  9  4  3  6  1  3  3  1  6  8  1  5  8  5  1  6  3  2  6  3
  4  9  2  5  4  6  3  8  7  5  7  3  4  6  1  9  6  6  8  7  1  2  5  3  5  9  9  0  6  4  1  5  7  3  4  2  7  7  9  8  6  4  8  9  5  9  1  7  5  8
  9  6  5  2  5  2  4  3  8  3  3  3  2  1  4  7  2  1  9  1  7  5  3  2  1  5  6  4  0  4  1  9  3  7  7  4  3  6  7  9  7  6  1  5  7  2  8  5  6  1
  7  8  5  5  9  7  9  8  9  5  3  5  6  5  4  8  8  8  7  8  8  2  3  9  5  3  7  8  6  0  8  2  4  3  8  2  1  1  5  7  7  2  4  8  7  9  9  8  1  7
  9  9  5  4  6  3  8  9  6  6  2  6  8  5  4  7  1  4  7  7  6  5  9  5  6  6  8  7  8  8  0  8  6  9  2  7  9  8  2  2  4  5  2  4  8  9  2  2  6  1
  6  5  4  9  4  7  4  8  2  7  8  9  9  1  2  8  2  7  7  2  6  2  6  9  1  3  6  9  8  6  9  0  6  3  2  8  8  8  1  6  9  8  3  9  5  2  5  7  3  5
  6  9  6  4  5  9  7  3  7  2  7  7  8  2  3  7  2  9  6  1  9  2  2  1  7  1  3  7  7  8  9  2  0  6  4  6  9  2  4  2  8  3  7  6  5  6  8  5  8  7
  7  6  5  9  3  7  2  7  1  1  7  4  2  1  2  9  7  5  6  5  9  7  9  4  1  5  2  9  1  6  6  7  8  0  9  4  7  1  5  9  9  4  9  6  5  8  3  3  7  6
  3  7  5  6  6  1  6  4  7  5  2  1  4  3  1  1  9  6  1  3  6  4  4  5  8  4  6  7  8  5  8  7  9  1  0  3  5  5  6  1  3  3  8  4  3  9  6  5  7  9
  5  1  2  8  2  1  3  8  9  1  5  6  4  8  6  7  1  1  1  1  9  6  1  1  8  8  9  2  2  8  5  2  1  4  5  0  6  4  1  2  8  8  6  8  7  9  3  4  3  7
  8  6  6  2  9  1  1  2  8  6  5  8  3  8  7  5  6  6  1  9  3  9  8  9  8  2  7  2  4  6  6  2  8  3  3  9  0  9  8  4  3  9  8  4  6  6  1  4  1  7
  7  4  2  5  3  4  9  4  4  9  4  9  7  7  6  5  2  8  3  2  3  2  5  7  8  6  2  7  4  7  5  2  2  2  5  9  5  0  3  6  3  8  9  8  5  7  8  4  2  3
  5  4  6  7  2  3  3  3  7  3  1  6  6  7  1  8  6  2  1  8  6  6  3  8  8  9  7  5  6  5  2  5  3  1  3  1  5  3  0  6  8  9  1  1  2  4  6  4  9  8
  2  9  9  3  7  9  4  5  5  8  1  2  8  3  5  1  4  4  3  6  4  2  2  2  8  6  1  8  7  5  3  6  6  2  9  5  7  3  5  0  5  5  6  9  7  7  6  1  8  5
  2  8  3  1  2  8  3  2  9  7  2  4  3  2  2  7  6  4  6  8  3  8  4  7  6  9  1  4  9  5  8  5  7  6  1  2  5  2  6  9  0  4  5  6  8  9  2  8  8  2
  9  8  2  4  8  6  4  4  8  3  7  4  6  2  3  4  3  1  4  7  6  3  1  8  3  3  9  3  9  9  6  9  5  8  7  5  3  9  3  3  9  0  7  5  2  1  7  4  1  5
  8  9  7  3  9  1  4  1  2  1  1  4  3  9  2  1  7  2  3  2  6  7  2  4  6  2  7  5  9  4  9  6  2  8  4  9  8  8  6  5  7  9  0  8  1  5  3  4  6  5
  8  2  8  6  7  4  8  1  6  6  1  1  3  1  4  4  1  5  9  3  5  7  8  1  2  4  4  1  7  9  8  2  2  7  3  8  5  9  8  8  1  3  4  0  7  4  9  2  2  5
  8  6  8  8  4  3  5  6  5  8  6  9  2  2  8  8  7  8  6  5  7  2  8  7  1  6  1  6  1  9  7  7  8  1  1  5  2  7  1  6  1  2  2  8  0  2  2  8  2  8
  7  8  9  6  7  3  7  2  1  9  2  8  9  1  1  9  4  1  2  7  9  8  1  9  8  2  6  3  7  7  2  7  8  7  1  9  1  2  5  1  2  5  5  3  8  0  5  1  3  3
  5  1  3  9  6  8  2  7  8  7  2  5  7  1  9  1  4  8  5  1  2  4  7  8  3  6  3  9  3  5  3  1  4  8  6  2  8  8  3  5  9  4  1  3  4  6  0  5  7  7
  4  9  8  1  3  3  7  5  4  1  5  8  6  7  8  2  6  8  1  1  9  3  2  7  3  4  3  9  1  8  6  4  3  1  6  6  2  3  4  2  1  7  7  4  1  8  5  0  5  4
  2  6  2  2  2  5  3  3  4  5  8  8  8  4  1  5  7  6  2  9  1  2  3  3  6  1  8  2  7  3  6  5  9  4  6  6  1  3  7  6  7  3  4  4  1  4  8  4  0  8
  4  7  1  8  4  3  5  8  4  9  4  4  4  2  2  1  6  7  8  5  1  1  2  3  1  5  2  9  2  3  2  9  1  5  2  1  6  8  7  8  9  5  8  2  4  5  8  8  6  0
M3
  0  9  3  5  2  1  8  3  2  7  5  1  8  6  9  8  5  1  3  8  9  9  6  5  4  2  1  6  6  7  5  6  4  9  7  3  9  1  2  4  6  3  5  4  7  2  4  9  3  2
  2  0  9  9  1  4  7  8  4  7  8  8  3  8  8  2  1  8  4  8  3  6  1  4  1  7  1  2  4  1  6  6  3  5  5  4  8  7  9  2  5  4  4  5  7  5  4  2  5  3
  2  9  0  2  9  8  6  3  5  6  9  8  1  4  9  3  9  4  1  7  7  6  3  3  9  6  7  3  9  7  2  6  4  7  6  1  7  9  2  3  8  7  3  2  8  4  6  4  8  3
  9  6  3  0  1  9  8  1  1  9  8  3  9  3  5  7  3  9  4  6  4  6  4  3  5  6  3  8  4  9  1  8  2  8  1  4  5  9  3  1  2  7  4  5  8  5  3  6  7  3
  9  7  5  3  0  3  7  5  4  4  7  2  9  5  9  4  2  8  2  3  6  7  9  9  6  1  2  1  5  5  5  2  9  2  8  1  7  3  7  2  1  6  4  6  4  7  2  4  8  3
  5  1  1  1  5  0  9  8  6  8  1  7  1  5  3  4  6  8  3  8  1  6  8  7  1  3  8  5  1  3  3  2  4  3  2  5  1  8  9  5  2  7  3  9  8  9  4  1  5  7
  7  3  7  6  6  3  0  3  1  9  6  6  2  5  7  1  6  3  2  9  5  9  2  8  3  2  4  7  7  2  2  3  1  3  5  9  5  1  6  8  3  6  8  5  3  8  9  6  2  8
  2  6  3  9  7  2  6  0  2  7  4  5  2  4  7  9  2  5  2  4  7  3  9  5  4  9  3  3  6  9  5  7  5  6  3  2  4  5  8  8  2  1  2  2  1  5  7  1  4  8
  1  4  6  2  7  5  6  7  0  9  6  4  5  1  4  1  9  2  7  2  9  2  7  4  1  1  8  7  2  9  9  2  9  6  1  6  5  4  5  3  9  2  8  4  9  6  8  4  7  3
  6  6  5  3  5  3  5  8  8  0  1  5  7  8  3  5  6  2  3  8  3  9  1  4  4  6  5  5  9  7  4  4  8  1  2  3  6  3  4  5  3  1  8  5  6  3  3  1  6  3
  9  3  2  6  7  7  1  7  2  1  0  7  7  2  8  4  8  6  9  4  2  3  5  1  9  5  8  5  4  2  8  7  6  6  7  8  5  6  5  3  8  8  3  3  7  4  5  4  7  3
  8  9  4  7  6  5  4  3  8  3  6  0  8  2  3  6  3  1  8  4  1  9  2  2  7  9  3  2  5  6  9  8  6  9  7  5  2  5  9  6  3  1  8  5  7  1  3  3  2  6
  8  9  2  9  6  6  8  2  3  2  4  4  0  1  9  8  8  9  5  1  6  9  1  1  3  3  1  2  8  7  8  4  1  4  1  7  3  8  9  9  9  5  2  4  1  7  6  1  9  5
  9  6  8  6  1  4  3  9  3  7  5  8  9  0  2  3  6  4  1  7  2  6  7  6  9  2  1  5  7  7  8  1  8  2  5  1  3  3  8  5  1  4  7  2  8  1  8  8  3  3
  9  1  3  2  8  4  1  5  7  4  7  9  5  7  0  6  8  5  1  9  9  3  3  1  8  8  9  8  9  4  3  4  8  6  1  4  2  8  6  8  3  5  4  3  7  4  5  7  7  4
  9  4  5  3  9  5  9  2  7  7  3  3  7  8  9  0  9  1  7  3  5  8  5  6  6  5  3  4  4  7  3  9  4  9  3  3  4  9  1  1  1  6  9  5  2  3  9  5  3  1
  8  6  1  9  2  1  6  9  6  6  9  1  9  7  5  1  0  2  5  9  4  7  5  3  4  7  6  1  3  4  1  8  1  9  9  2  6  2  5  6  8  6  5  6  3  8  1  7  8  8
  3  6  1  4  4  9  3  8  6  6  7  2  9  5  4  7  8  0  8  6  5  1  3  5  5  9  9  7  5  9  3  9  7  5  1  6  2  6  6  1  1  4  9  1  7  4  9  8  9  8
  4  1  3  5  7  1  6  4  9  4  2  9  4  7  4  9  9  3  0  1  8  6  5  5  8  5  7  6  4  3  7  7  3  4  4  6  3  2  2  3  8  2  5  7  1  3  9  2  9  4
  5  2  6  1  5  1  6  7  7  1  4  8  7  4  5  5  3  4  1  0  6  6  6  1  5  4  1  9  4  1  7  4  6  8  6  8  1  3  7  5  4  2  9  6  2  8  4  8  6  7
  9  4  5  2  5  1  2  4  7  7  7  1  7  1  1  5  2  3  4  1  0  1  7  6  7  4  6  5  1  9  9  4  1  7  3  9  3  5  3  1  4  1  8  4  3  9  6  1  6  9
  9  4  8  9  9  9  9  8  6  1  8  6  8  2  5  4  9  3  9  9  3  0  2  5  8  2  1  3  4  6  3  6  3  1  3  5  7  7  2  1  6  7  4  8  9  1  7  7  7  6
  7  1  5  7  2  9  9  4  5  7  5  8  5  7  4  1  5  7  4  8  1  3  0  3  6  1  2  2  9  7  9  7  5  6  7  5  1  6  6  5  5  6  3  6  5  1  7  5  7  8
  6  8  2  9  5  8  7  5  7  2  8  7  9  4  7  1  9  4  2  7  5  1  1  0  4  1  3  7  8  4  9  8  4  6  6  1  9  3  3  2  2  3  1  5  2  2  9  3  2  2
  5  7  3  3  8  6  2  2  2  7  1  8  5  9  1  8  3  1  2  9  9  4  3  7  0  1  7  2  3  4  9  8  7  7  2  8  3  1  1  6  3  5  3  9  3  9  2  3  2  3
  2  7  1  1  5  1  5  5  4  9  4  4  2  7  5  8  6  3  2  6  2  3  1  1  5  0  2  4  6  6  5  5  5  3  6  4  4  2  3  3  2  2  3  5  4  9  9  2  4  1
  7  9  6  6  8  1  4  4  8  4  8  5  6  2  7  5  3  5  3  1  3  8  3  4  8  7  0  8  1  7  3  2  1  4  6  8  6  5  4  5  2  3  3  9  1  7  5  8  5  3
  7  2  8  4  4  6  5  6  8  3  3  5  9  2  1  3  3  3  4  2  3  8  7  2  6  3  1  0  1  7  2  1  6  2  7  4  7  4  8  2  7  9  2  4  6  8  8  8  6  3
  8  5  3  1  7  3  8  7  5  8  7  3  9  3  7  4  9  3  3  1  5  3  1  2  3  4  7  7  0  3  1  7  5  5  1  8  8  2  2  1  5  5  3  5  5  3  2  3  3  9
  8  8  5  8  4  2  5  2  7  7  3  1  4  7  5  8  5  6  2  7  7  2  7  7  5  3  3  3  3  0  1  3  2  3  6  5  1  6  7  6  2  6  6  3  5  7  4  2  2  2
  5  1  6  1  6  7  1  5  7  4  8  2  9  2  5  1  4  6  7  8  7  5  4  2  5  8  5  9  3  7  0  3  6  5  7  7  6  3  8  2  8  5  3  2  3  4  8  3  7  9
  8  9  4  9  7  7  8  8  3  1  1  6  1  7  8  6  5  9  8  3  4  5  3  1  5  6  1  3  5  5  9  0  8  4  1  9  3  7  7  8  7  6  1  2  1  6  5  8  8  6
  6  1  9  2  9  9  6  9  3  6  2  6  7  8  7  8  2  3  3  6  7  9  7  4  8  8  1  2  1  1  9  5  0  5  9  6  7  4  6  9  9  6  9  6  6  4  3  1  2  7
  5  3  8  2  8  1  8  4  8  6  9  2  3  3  8  8  1  2  3  2  6  5  2  6  2  8  9  9  2  7  8  1  1  0  3  3  2  8  5  6  5  3  4  5  1  9  2  9  2  3
  6  2  2  6  9  3  4  8  5  4  3  2  3  3  1  9  9  4  8  2  5  4  9  1  1  7  3  2  1  5  1  6  7  6  0  9  9  2  7  6  5  3  7  5  7  4  5  6  2  7
  1  2  8  1  3  4  9  9  8  7  6  9  9  2  5  3  1  2  4  9  2  2  1  7  1  4  6  4  2  1  5  2  8  4  8  0  3  7  8  7  6  9  9  5  7  9  1  4  2  9
  5  1  7  1  8  3  6  6  7  4  2  6  2  4  6  9  5  9  9  7  9  7  6  3  8  5  8  7  2  6  7  7  5  3  3  6  0  9  9  8  4  5  7  1  7  4  7  4  8  8
  8  3  6  8  4  8  5  9  8  2  7  4  2  1  9  5  8  8  6  2  9  6  7  2  9  3  3  6  6  3  7  5  2  9  1  7  4  0  7  1  6  6  5  8  3  5  2  8  9  7
  4  8  9  4  9  2  8  9  5  7  1  4  2  4  7  5  6  5  7  8  2  6  1  2  5  8  9  1  5  1  9  7  1  7  6  3  4  5  0  7  6  3  3  6  2  8  9  9  6  9
  9  8  2  3  9  3  4  9  6  8  8  9  9  8  7  1  4  5  1  4  5  8  9  7  7  5  3  1  5  8  6  2  6  7  7  4  7  3  5  0  7  4  3  3  6  1  7  9  4  2
  3  6  1  6  7  9  8  6  2  5  3  5  5  7  8  5  6  9  1  6  3  5  7  9  3  3  4  8  8  6  1  1  8  9  2  6  6  3  4  8  0  5  8  1  4  7  8  5  4  2
  7  1  7  6  6  9  7  6  3  8  5  7  9  5  5  5  1  6  3  7  1  7  8  6  7  1  1  6  1  6  8  7  5  5  5  1  7  2  1  2  7  0  1  5  1  2  6  7  5  5
  9  1  2  9  1  3  3  1  5  8  8  7  1  8  3  9  2  6  1  3  4  2  8  8  5  4  9  8  5  5  2  9  2  1  6  1  1  6  7  5  1  2  0  6  5  6  1  9  3  7
  7  2  7  3  5  6  1  4  4  6  2  8  7  1  2  3  3  5  4  1  5  5  9  7  9  4  7  8  1  7  9  5  6  5  1  9  6  1  5  1  9  8  7  0  2  6  4  1  6  5
  3  8  2  8  9  4  1  5  5  7  2  1  2  1  9  4  4  1  8  5  1  3  2  3  9  7  9  9  4  3  1  4  8  4  9  8  8  1  5  2  4  4  9  1  0  1  4  1  6  1
  3  1  3  3  5  4  9  4  4  2  6  6  9  2  2  3  1  7  7  8  7  5  9  8  1  1  6  9  4  3  7  9  4  3  6  9  4  9  8  7  4  4  6  6  8  0  4  1  1  2
  8  3  7  5  8  4  2  2  6  1  4  7  1  2  5  2  4  5  2  9  4  3  3  5  5  3  4  6  4  9  8  9  4  2  4  4  5  3  3  4  2  7  9  1  7  7  0  5  2  1
  6  1  4  5  4  3  9  8  9  4  2  2  2  7  2  4  9  7  7  6  1  9  9  3  7  9  9  7  8  2  2  6  5  2  4  5  5  5  1  4  4  9  1  2  2  6  7  0  5  7
  4  5  1  2  8  8  5  2  6  4  7  5  4  9  4  7  9  5  3  5  9  2  4  1  2  6  7  9  2  5  9  6  8  3  7  5  7  7  3  1  7  3  5  5  7  7  8  8  0  1
  1  3  3  6  4  9  7  3  9  8  5  2  9  8  6  1  6  4  9  5  8  4  2  9  2  8  2  3  8  5  5  2  9  7  8  4  8  5  9  9  7  1  3  8  6  5  7  7  7  0
M4
  0  4  3  8  1  3  6  6  3  5  8  1  1  3  5  4  6  9  4  1  8  9  9  7  2  8  8  1  2  4  8  2  7  6  1  4  5  3  4  8  2  3  5  4  9  4  2  3  5  6
  7  0  1  8  5  7  3  5  7  3  7  3  9  6  9  3  7  5  8  6  2  6  9  3  8  5  2  6  4  3  2  6  3  9  6  6  3  8  7  7  9  2  6  9  1  3  3  5  2  5
  8  9  0  1  6  2  1  5  2  4  8  4  8  5  3  7  6  4  1  5  5  1  5  4  8  7  1  8  3  3  1  5  9  4  2  4  2  7  3  4  9  4  5  9  8  5  9  9  7  4
  1  4  9  0  4  1  9  1  2  8  9  4  6  6  1  7  3  1  9  9  1  6  9  7  8  6  6  9  9  5  1  4  2  8  8  8  3  9  4  3  7  5  7  5  4  5  5  9  5  7
  5  1  1  7  0  7  1  6  9  2  4  5  9  2  3  2  4  6  9  4  4  2  7  9  6  5  8  5  1  1  5  7  4  6  2  6  2  3  6  9  1  3  3  1  6  5  8  8  1  4
  6  9  4  5  2  0  9  4  9  2  2  4  2  9  3  9  4  6  4  7  9  7  5  3  5  6  7  6  7  2  2  2  3  4  4  3  7  8  8  4  1  2  3  6  4  4  3  4  8  2
  6  8  6  7  4  6  0  9  7  3  3  5  3  4  7  4  8  4  3  8  4  4  5  5  5  9  2  9  6  4  7  8  4  4  8  6  6  8  4  2  5  5  7  1  7  9  5  9  4  8
  1  6  2  6  7  2  1  0  1  3  3  1  4  5  9  1  8  8  2  9  5  5  6  2  9  4  5  1  1  2  5  1  9  8  7  5  3  5  4  2  7  2  4  6  7  1  8  8  4  9
  5  1  1  7  5  3  2  4  0  8  4  5  1  8  6  6  8  5  2  6  9  1  4  9  4  3  5  7  2  5  4  5  3  1  8  1  4  4  2  9  6  1  1  6  7  3  8  6  4  6
  3  6  9  8  6  4  5  6  9  0  4  4  1  3  1  9  3  7  3  7  7  8  1  2  9  4  3  7  6  9  6  1  8  6  1  4  7  9  1  4  9  4  5  3  1  4  2  5  2  8
  8  8  7  7  2  8  9  7  8  6  0  6  8  7  2  7  4  4  7  8  2  1  4  3  3  9  8  3  8  6  3  6  6  2  5  3  8  9  7  4  1  2  6  8  5  5  2  2  4  7
  7  2  7  2  9  7  6  2  3  8  9  0  4  9  7  5  1  6  4  9  2  8  2  4  9  1  7  4  4  3  4  4  4  9  1  9  6  1  7  9  7  5  9  8  4  8  5  5  5  8
  4  4  8  5  2  9  5  6  2  3  7  5  0  6  2  6  3  5  9  5  3  2  2  8  7  5  7  1  1  1  4  4  5  2  8  6  7  7  4  1  4  8  4  8  3  3  6  4  2  8
  9  6  2  7  5  7  9  6  3  4  3  6  3  0  5  8  1  6  9  7  1  2  7  2  5  1  2  9  9  2  8  4  2  6  1  6  3  3  5  8  9  7  7  6  6  8  7  6  2  3
  5  4  6  6  4  7  2  5  9  5  2  1  9  4  0  6  4  4  7  8  7  4  6  7  8  2  7  7  2  9  9  6  5  2  9  2  8  7  2  2  8  8  5  6  2  8  1  1  4  1
  2  2  6  4  2  6  1  8  9  1  4  8  8  4  8  0  8  7  5  8  2  5  2  6  2  3  6  9  8  8  3  7  8  4  5  9  2  9  9  8  9  6  2  7  7  6  9  3  6  1
  1  6  5  7  2  3  1  9  8  9  2  6  9  6  4  9  0  7  3  1  6  2  9  8  8  1  3  7  4  4  4  4  4  1  7  2  8  5  5  4  8  1  4  8  3  5  5  4  4  2
  1  2  9  8  3  7  9  1  8  4  6  1  2  7  4  5  2  0  7  9  2  1  7  1  5  8  2  1  9  7  6  4  6  4  9  1  9  8  5  9  1  4  4  2  3  6  8  3  6  7
  8  3  5  9  7  5  6  7  4  4  6  7  1  1  5  1  4  2  0  4  7  3  6  2  3  8  8  3  2  5  2  9  1  7  9  9  7  6  2  7  5  4  3  7  9  3  1  8  9  9
  4  3  3  4  9  3  6  1  5  8  8  9  3  9  4  4  2  9  1  0  5  9  4  7  7  5  2  1  1  4  9  1  2  1  9  6  2  5  4  2  7  9  7  7  4  7  8  5  4  1
  4  7  4  1  2  3  4  6  4  8  2  8  7  9  7  2  6  8  9  1  0  8  3  6  8  8  1  6  7  5  5  2  4  3  3  9  3  6  2  3  1  7  8  6  7  4  1  4  1  9
  9  9  4  8  9  1  2  4  3  9  5  9  6  8  2  6  4  3  2  6  7  0  5  2  2  1  3  4  6  7  4  4  8  1  5  1  3  8  9  8  6  4  2  2  5  7  2  8  2  5
  4  9  4  8  4  6  7  2  7  5  1  1  6  5  6  9  4  6  2  3  1  2  0  5  8  2  5  6  1  8  3  3  8  2  1  9  7  6  3  1  4  7  8  6  6  4  7  8  5  7
  3  4  9  2  7  8  1  9  1  9  2  9  7  4  2  5  9  7  4  4  7  3  9  0  6  9  8  2  1  1  6  2  8  5  9  5  9  7  1  9  5  4  5  9  6  1  6  9  3  5
  6  5  2  7  6  5  7  2  7  5  8  1  6  2  2  2  8  8  4  5  1  5  9  2  0  2  7  9  6  7  5  9  5  6  5  6  6  6  7  5  9  6  7  8  2  1  4  6  4  3
  2  7  8  5  5  4  2  5  5  5  8  5  6  1  9  2  8  1  7  8  3  7  8  7  4  0  8  8  8  6  1  9  1  4  5  7  3  7  2  5  4  8  1  5  3  4  2  1  9  8
  3  3  5  1  3  7  3  4  8  1  3  2  6  5  2  1  9  8  2  2  4  3  4  5  7  8  0  6  7  3  8  3  1  6  7  9  2  3  3  7  6  1  1  4  1  4  8  2  5  3
  9  7  1  7  6  2  5  6  1  8  1  7  3  2  2  8  4  2  6  6  1  5  4  7  2  6  8  0  4  6  6  3  7  3  4  4  1  4  2  3  4  4  7  4  9  6  3  4  2  6
  6  8  3  7  8  3  7  9  3  3  1  9  7  3  5  6  2  1  7  1  6  8  7  1  4  4  4  2  0  6  7  5  9  9  2  5  2  1  7  4  1  5  9  9  7  6  4  8  1  8
  7  5  8  4  5  2  5  8  4  8  4  7  5  8  6  3  8  9  4  6  5  1  5  6  1  8  6  5  9  0  9  2  8  6  4  9  5  1  2  6  7  8  6  2  9  5  2  2  7  6
  4  4  3  3  8  7  2  1  4  3  8  6  7  6  1  8  2  8  3  1  3  9  6  9  6  2  1  7  7  3  0  7  8  1  7  8  8  8  8  3  7  9  9  4  8  9  7  1  8  4
  9  9  9  5  4  6  7  4  8  9  6  2  1  9  6  4  5  8  1  6  1  3  3  4  8  4  4  4  4  6  8  0  5  3  2  5  9  7  6  4  4  4  4  9  8  8  6  5  8  9
  7  6  3  3  3  8  1  5  8  4  3  2  5  5  7  9  4  7  8  2  3  1  6  7  1  8  2  2  2  4  5  3  0  9  5  8  6  3  4  6  4  5  1  9  4  1  3  2  4  8
  5  5  8  6  4  7  9  7  6  9  7  4  6  8  8  3  3  4  7  3  3  2  3  9  6  5  2  3  8  8  4  3  1  0  7  8  5  5  1  3  9  7  4  6  3  8  2  2  9  5
  4  4  3  7  1  4  3  1  6  3  3  4  9  5  8  9  3  3  7  1  4  7  6  8  2  1  3  6  8  7  3  6  6  1  0  6  6  5  2  9  4  8  8  7  1  6  3  8  2  7
  5  5  3  1  4  9  5  5  9  6  5  8  2  3  6  3  3  8  2  4  8  3  1  9  4  9  6  6  5  4  9  2  3  6  9  0  3  5  3  2  7  6  8  3  8  9  9  7  4  6
  4  5  6  8  2  5  6  2  2  6  2  5  4  7  3  1  9  5  9  7  3  5  5  4  9  2  6  1  7  3  5  7  7  2  1  2  0  6  3  1  3  4  7  7  2  5  5  9  5  9
  1  1  7  2  3  7  7  6  6  7  7  7  9  7  5  3  7  3  9  4  5  3  3  6  6  9  4  2  5  2  1  4  4  9  6  5  7  0  2  3  7  9  8  4  8  9  1  8  2  1
  6  5  8  3  2  7  7  3  9  7  1  7  3  7  5  1  9  7  4  8  4  1  6  3  9  8  4  4  3  9  4  9  2  9  4  8  7  8  0  9  7  6  3  2  4  8  7  3  4  7
  1  9  5  8  8  4  3  3  8  9  7  2  9  5  9  1  6  5  6  3  8  2  8  5  7  2  4  1  3  4  9  4  6  1  6  1  5  5  5  0  8  2  2  6  3  9  5  2  3  7
  2  7  3  1  6  4  5  8  8  5  7  2  8  9  2  3  5  5  2  3  7  1  5  5  1  3  3  5  6  7  8  4  1  3  2  8  5  3  5  2  0  5  6  2  4  7  1  9  9  8
  7  7  9  7  2  2  8  6  5  4  3  9  4  6  8  5  8  9  8  1  7  2  9  6  3  1  6  5  3  4  9  6  4  6  2  3  2  3  9  8  2  0  1  7  8  6  1  1  1  9
  6  9  1  4  8  2  5  5  1  5  8  6  1  3  4  1  5  6  2  2  6  2  4  6  3  6  5  8  5  5  3  8  2  8  6  5  1  8  9  5  1  1  0  5  8  1  8  3  1  6
  2  6  7  9  1  6  4  3  6  3  6  8  2  4  6  1  7  8  5  5  9  5  1  6  1  1  2  3  4  6  7  5  4  5  4  7  6  8  6  4  2  5  4  0  9  4  1  5  8  8
  9  1  8  3  7  6  6  1  3  8  1  6  3  3  6  9  9  7  8  5  5  3  4  9  6  5  4  4  2  1  8  2  5  9  6  8  4  2  2  1  2  7  2  9  0  5  4  2  1  3
  3  2  3  8  8  5  6  6  6  2  5  6  6  8  8  8  5  6  2  4  6  9  5  6  1  4  7  5  6  9  4  6  7  4  7  5  3  7  7  4  5  6  6  5  2  0  3  9  1  1
  5  1  1  6  1  5  6  3  6  7  4  6  1  8  1  9  3  8  3  6  4  6  9  2  2  1  2  6  6  8  2  3  4  1  3  1  1  5  8  6  4  2  6  6  7  6  0  6  1  4
  9  1  7  3  9  6  3  7  2  5  8  8  5  1  3  2  4  9  6  2  5  8  1  2  7  1  9  4  3  3  5  7  3  1  7  3  8  1  8  5  5  3  8  3  9  4  8  0  1  3
  4  9  1  2  2  3  2  9  9  9  6  3  4  6  3  1  2  6  9  5  6  7  3  6  5  8  7  5  5  8  4  3  5  1  4  3  6  8  4  6  2  1  6  9  4  1  6  6  0  7
  3  7  8  1  8  9  2  5  7  5  3  6  3  6  4  3  8  6  6  5  3  8  5  5  6  2  9  8  3  6  4  2  1  3  2  6  5  7  7  4  3  5  4  1  5  9  5  8  9  0
M5
  0  9  3  8  9  5  1  9  1  5  2  8  4  2  2  8  9  7  4  6  7  9  1  3  8  2  5  9  2  4  5  5  9  8  9  7  9  6  2  7  5  3  1  6  8  7  8  7  6  5
  3  0  7  1  5  9  9  4  6  4  5  1  4  7  3  6  1  6  3  8  3  1  5  1  7  2  9  4  6  2  3  5  2  4  2  5  9  9  6  4  6  5  3  3  2  8  6  2  4  7
  5  2  0  5  7  2  1  1  6  9  5  9  4  2  7  5  7  2  4  9  3  6  1  9  6  9  9  3  9  3  6  7  2  3  3  3  7  2  7  1  8  9  1  4  1  2  1  4  4  3
  8  6  2  0  4  5  1  1  7  6  3  1  3  3  8  9  1  9  3  1  4  2  9  4  7  8  5  4  5  2  7  1  8  3  7  2  3  6  4  8  9  1  9  2  2  5  7  6  3  9
  3  5  3  4  0  5  5  7  8  4  7  2  2  8  6  2  9  9  6  3  5  4  6  3  1  1  6  5  8  2  6  8  1  5  2  8  1  5  8  5  6  9  8  2  3  4  7  3  6  5
  5  9  6  8  5  0  1  6  8  6  8  3  4  8  2  4  8  7  6  1  3  6  6  7  9  5  9  7  2  2  5  8  2  4  7  9  5  7  1  4  3  6  8  7  4  8  6  8  3  3
  7  2  3  5  5  1  0  4  4  8  3  7  1  5  1  1  6  9  3  4  4  6  4  4  6  4  2  8  5  7  1  8  8  9  8  2  7  8  3  2  2  2  3  2  7  9  3  9  1  9
  1  2  3  7  6  9  2  0  1  8  2  7  6  7  3  6  9  7  7  7  8  7  4  3  3  4  1  5  8  2  5  7  5  5  1  7  2  1  5  7  4  1  6  4  8  1  9  2  5  9
  4  3  6  4  9  9  4  5  0  5  1  7  8  8  3  9  6  7  1  1  3  8  6  7  4  7  2  9  3  9  1  8  1  5  7  5  3  9  3  3  3  5  5  1  2  1  3  5  3  1
  7  9  9  7  4  5  9  5  9  0  7  8  5  4  6  4  7  2  6  7  9  7  2  7  3  9  8  4  3  3  9  7  2  3  6  4  9  9  5  5  9  7  8  8  2  3  2  6  7  9
  2  6  4  3  7  9  5  1  1  9  0  7  3  8  7  2  9  5  3  1  5  9  3  1  2  3  2  7  3  7  4  4  9  1  9  3  6  5  7  4  8  9  6  4  6  9  1  8  9  4
  5  8  9  5  6  9  5  2  9  8  8  0  7  5  3  2  1  2  8  5  4  5  8  9  4  7  2  3  3  5  9  7  6  3  4  5  2  1  2  6  6  6  2  6  7  4  4  8  5  7
  6  5  1  7  8  4  7  6  5  2  5  1  0  8  3  3  4  8  2  1  3  6  1  2  1  7  3  6  6  3  7  4  1  6  6  7  1  2  2  9  4  8  8  2  1  9  5  3  7  8
  7  7  1  2  6  6  7  7  3  7  4  2  2  0  2  4  1  1  4  3  7  4  3  8  6  5  3  8  1  2  4  5  6  5  7  1  9  4  5  3  7  4  3  9  9  5  6  9  2  3
  5  3  1  6  5  1  9  2  6  7  7  8  1  7  0  6  6  9  8  5  6  8  5  8  4  3  6  6  9  8  9  4  5  8  8  5  7  3  9  6  6  5  8  7  4  5  1  2  9  8
  3  2  3  5  7  8  3  5  5  1  4  2  5  6  3  0  7  2  2  5  5  3  5  6  3  2  5  8  2  6  8  8  6  6  4  6  7  9  9  5  6  6  6  2  3  5  1  1  4  4
  7  4  8  8  9  9  2  1  5  7  2  2  6  3  7  7  0  5  6  1  2  2  3  6  8  1  1  7  9  9  9  4  1  3  8  2  4  6  4  6  5  4  5  7  6  7  9  4  8  4
  9  9  3  5  4  6  8  4  8  6  8  4  3  6  1  5  4  0  2  9  4  5  1  5  9  7  2  9  3  1  7  5  3  4  3  6  6  9  3  2  3  2  5  7  9  6  5  8  8  4
  1  7  5  3  8  3  7  3  9  7  5  6  1  7  3  6  2  9  0  3  2  6  8  4  5  9  6  3  8  1  1  7  2  9  3  3  7  2  9  8  5  6  5  2  9  5  1  5  2  3
  8  6  6  5  3  6  2  3  6  7  4  7  3  3  1  2  4  4  7  0  6  3  4  5  2  3  9  8  7  3  5  1  9  8  8  4  3  9  8  6  8  5  5  5  4  1  4  6  3  8
  4  6  9  8  1  4  1  4  7  4  5  9  7  3  9  2  7  1  6  5  0  4  1  4  5  2  9  7  5  6  3  6  3  8  3  9  8  1  5  7  6  6  8  8  1  1  7  7  8  9
  1  1  2  7  3  2  1  4  5  8  1  5  2  2  7  3  1  4  2  2  5  0  4  7  7  8  1  5  9  4  5  7  8  1  4  6  7  3  2  4  4  1  7  3  3  4  4  6  4  7
  6  7  8  1  9  6  5  7  5  3  4  3  9  9  4  8  1  4  5  6  4  5  0  7  7  1  6  6  6  3  4  4  6  2  4  4  3  9  9  2  2  2  1  4  3  8  5  8  2  7
  8  8  2  8  8  4  4  9  8  5  9  6  7  8  1  9  9  7  9  3  7  7  9  0  7  3  3  4  7  1  8  4  4  3  1  6  6  8  4  1  3  4  3  5  6  6  4  5  7  5
  3  8  5  5  9  8  2  7  7  4  1  2  7  1  4  5  4  7  7  6  7  2  6  4  0  3  6  5  1  8  7  8  7  7  3  6  5  9  9  8  7  7  1  9  4  1  4  6  8  2
  7  1  2  1  8  9  5  7  5  2  4  3  3  5  3  8  5  9  2  2  8  6  6  3  9  0  4  3  5  8  7  8  3  3  2  7  3  9  3  6  6  5  4  7  5  2  5  7  7  8
  6  7  7  1  4  1  1  6  8  2  9  6  8  4  2  8  9  1  3  1  5  7  6  1  8  2  0  1  5  9  4  5  7  1  6  5  8  7  7  1  8  6  3  8  3  2  7  6  1  2
  5  9  6  6  8  9  5  5  9  3  1  3  9  5  7  4  1  8  1  6  3  7  6  2  8  8  7  0  8  2  2  5  7  8  9  9  4  6  1  9  6  6  6  6  9  4  9  5  6  3
  8  7  4  5  8  8  5  6  4  8  3  4  2  5  1  4  1  8  6  7  2  3  9  5  8  8  9  5  0  1  5  9  5  4  2  8  5  2  8  4  9  1  2  6  3  2  4  2  8  1
  8  8  3  7  8  9  1  1  2  8  3  5  3  5  8  2  8  9  9  2  7  9  4  4  7  3  6  3  5  0  8  1  8  5  3  2  1  4  8  9  9  2  4  6  6  9  2  7  2  9
  6  4  5  8  8  3  1  6  7  6  2  5  3  3  6  9  5  7  9  4  9  2  4  4  2  4  6  4  9  1  0  7  1  6  5  3  8  4  2  3  3  4  3  3  8  5  9  6  5  4
  2  1  5  6  5  5  9  5  5  4  5  1  4  2  9  2  3  8  3  7  4  8  9  9  6  2  7  8  1  5  6  0  9  6  5  8  4  3  3  3  7  8  7  1  2  9  5  9  7  2
  2  2  4  7  1  4  7  2  6  7  9  1  5  2  2  6  7  6  3  5  2  6  5  4  5  5  9  7  9  5  9  3  0  7  9  3  3  7  5  4  4  3  5  4  2  6  1  5  3  6
  8  6  8  7  3  7  7  4  5  4  7  4  9  4  4  9  4  6  1  4  1  1  3  6  2  8  4  6  7  4  4  9  9  0  7  4  6  5  4  6  6  9  5  2  9  3  2  2  7  8
  5  2  5  7  1  6  2  9  9  8  2  6  1  5  6  8  9  5  1  7  7  2  4  6  6  6  7  6  1  5  4  3  8  2  0  6  8  7  9  3  5  6  8  9  6  7  2  5  3  3
  5  6  2  5  5  4  8  8  1  4  4  3  9  2  3  4  5  2  3  8  9  1  6  8  8  6  7  6  3  8  8  2  1  7  9  0  1  9  2  6  1  4  7  2  8  9  3  8  3  2
  9  2  2  6  6  5  1  4  7  5  3  7  4  4  7  7  9  4  7  5  1  6  2  7  7  2  1  6  4  9  7  4  5  2  7  3  0  9  7  2  7  4  1  7  3  7  8  3  2  7
  2  7  1  2  3  9  2  2  4  9  7  9  2  6  7  1  4  7  4  1  9  9  6  1  8  5  9  7  6  3  2  1  7  4  6  1  3  0  9  7  3  1  8  7  8  7  3  6  5  6
  4  2  5  9  9  2  6  4  9  4  2  8  5  4  3  8  9  9  4  4  2  4  3  9  6  7  2  7  8  3  1  2  5  4  1  6  3  4  0  7  2  2  7  1  4  6  7  2  9  8
  1  6  2  9  6  4  4  3  4  6  9  7  3  9  1  9  8  6  8  6  7  4  9  9  3  5  2  4  3  3  5  5  8  5  8  3  9  1  8  0  2  7  8  4  2  3  2  5  8  9
  5  4  1  5  4  4  9  2  7  7  2  9  8  2  6  7  2  3  3  4  7  7  4  5  6  8  3  5  6  3  6  3  9  5  4  9  2  7  9  4  0  8  3  2  5  3  3  3  9  9
  7  8  2  9  8  3  3  2  5  3  5  5  9  9  4  8  9  7  9  5  6  8  9  3  6  6  2  9  1  4  9  8  4  7  7  9  1  8  8  4  3  0  1  7  6  3  3  9  6  3
  4  5  7  6  5  4  3  7  6  9  6  8  4  5  5  1  1  4  4  5  1  2  3  8  1  7  4  9  3  3  2  4  1  7  4  6  1  5  9  1  1  3  0  3  4  4  4  5  2  8
  3  1  6  4  9  1  1  1  8  4  1  6  6  8  8  3  9  6  2  9  6  2  3  7  9  7  9  1  5  4  8  7  9  3  1  8  8  4  4  2  5  4  5  0  3  8  6  6  6  2
  2  3  5  3  4  1  2  4  1  4  5  1  8  5  2  1  6  2  5  7  3  5  9  5  4  3  4  6  1  9  7  7  1  7  9  4  6  7  8  5  8  8  4  8  0  8  3  4  2  2
  1  8  4  2  8  7  8  7  4  5  8  2  5  7  6  6  8  8  1  3  1  2  4  6  6  6  9  7  7  9  3  6  9  8  9  7  9  7  9  9  3  7  7  4  8  0  1  6  7  8
  4  7  1  4  1  9  1  3  3  1  6  7  1  7  6  8  6  2  2  1  7  5  9  5  6  8  1  3  7  5  1  7  7  1  4  1  8  4  9  9  1  5  2  9  8  5  0  6  4  2
  5  9  8  9  5  3  8  4  6  4  1  2  6  9  4  1  6  8  4  5  4  8  3  2  4  8  1  1  8  3  5  4  6  1  4  5  5  8  1  9  1  6  5  2  4  6  8  0  5  1
  3  4  4  2  5  4  4  9  4  1  8  6  7  3  2  7  1  7  4  1  7  1  1  6  5  2  1  9  8  4  1  1  5  6  8  5  4  8  1  5  9  7  1  2  6  4  5  7  0  8
  3  7  3  5  3  9  6  3  6  6  2  9  5  3  6  2  9  6  7  7  7  9  4  5  2  5  8  4  6  2  3  3  4  8  6  1  6  2  9  2  9  7  9  9  4  6  8  6  1  0
M6
  0  7  5  5  2  2  2  4  9  7  3  2  1  3  1  6  9  8  5  2  9  5  5  8  7  4  8  2  1  1  9  4  1  4  2  5  2  6  3  8  6  2  7  4  1  9  8  1  1  4
  3  0  7  3  2  7  9  3  1  4  1  5  6  4  5  9  2  4  2  9  3  8  3  2  4  1  6  1  2  9  2  7  6  8  7  2  2  1  3  2  5  2  7  1  3  2  8  8  4  5
  5  8  0  5  6  2  7  8  4  1  6  6  4  9  3  1  6  8  3  3  7  8  6  7  4  1  4  7  1  2  7  4  5  8  6  9  7  2  9  8  4  5  9  9  8  2  2  6  7  2
  5  3  9  0  7  4  1  1  4  6  3  7  3  6  4  7  2  8  6  3  4  7  4  8  3  4  1  1  7  2  3  9  4  7  6  3  7  5  2  1  7  2  4  2  3  8  9  5  3  7
  3  5  7  3  0  2  4  3  8  2  1  4  6  2  2  7  2  4  2  1  5  9  5  4  5  9  4  7  7  4  7  2  8  5  8  3  5  9  5  7  8  3  2  3  1  2  1  2  2  7
  8  3  2  3  8  0  4  3  2  1  3  3  4  7  8  4  7  1  5  3  3  7  1  2  5  4  3  6  2  9  1  2  8  7  2  3  2  8  6  2  2  5  9  1  6  9  1  8  1  3
  9  8  7  6  4  9  0  9  4  9  1  7  7  6  9  8  9  4  8  6  7  8  2  2  4  8  1  5  7  3  8  3  6  2  2  6  6  4  6  4  9  4  2  3  1  8  1  1  8  6
  3  1  3  4  2  9  2  0  2  7  3  6  7  3  1  4  4  7  7  1  6  5  2  2  1  1  3  5  2  7  2  7  1  1  2  9  1  1  8  2  1  4  7  8  2  9  4  4  2  8
  2  6  6  8  9  9  9  8  0  1  3  8  5  1  4  5  5  4  3  6  8  5  9  8  5  3  3  9  2  7  4  4  7  3  5  8  2  7  2  9  2  3  2  9  6  8  9  9  6  8
  4  9  7  9  3  9  2  8  3  0  4  2  5  5  4  1  9  6  2  5  2  8  1  1  9  2  5  9  1  3  4  9  2  1  7  5  8  7  6  5  9  5  2  4  7  8  8  8  1  9
  6  5  9  1  7  3  7  2  6  2  0  5  7  6  1  1  2  5  2  2  8  2  4  7  7  5  1  2  6  6  5  8  6  3  8  2  2  2  5  1  7  9  7  6  5  6  3  1  3  6
  7  4  6  6  7  5  1  8  3  7  7  0  3  7  8  8  3  2  4  8  2  7  3  4  7  9  6  2  8  7  1  3  4  3  1  2  6  3  5  2  6  8  2  4  3  2  2  9  5  7
  1  6  6  2  6  6  9  4  1  3  2  2  0  2  9  1  9  7  6  1  8  7  5  1  7  5  5  5  8  2  2  5  6  7  8  1  6  5  6  6  3  2  3  8  2  7  5  9  4  1
  2  1  1  2  8  8  8  7  6  9  5  7  6  0  3  4  8  8  1  4  9  8  7  1  4  5  9  5  9  2  1  6  8  7  1  9  8  4  2  4  8  3  4  2  7  7  5  5  1  5
  9  2  8  9  6  2  3  1  3  9  6  7  5  3  0  8  8  1  9  5  7  1  7  7  4  6  5  3  3  6  9  4  4  4  5  7  1  9  9  9  5  5  1  6  2  6  2  5  1  8
  4  7  6  8  8  2  7  8  5  4  3  4  8  4  4  0  9  3  1  5  2  1  5  4  9  1  8  5  8  1  1  1  4  5  3  5  9  5  9  4  3  5  1  6  3  8  8  7  4  8
  6  8  4  3  6  8  2  2  8  7  1  1  4  9  1  7  0  6  6  8  8  6  1  7  1  5  3  1  5  3  2  4  4  4  4  4  3  1  5  5  5  8  4  2  2  1  3  1  3  5
  1  6  1  4  3  6  8  8  1  6  8  2  2  5  5  2  1  0  4  1  6  4  4  3  4  9  6  6  7  7  2  5  7  1  2  4  3  3  6  7  3  6  8  1  8  7  7  6  4  2
  3  1  6  4  7  9  5  4  1  9  7  4  4  8  1  8  8  2  0  1  8  6  8  9  7  8  1  6  9  9  9  9  4  7  3  9  3  5  8  9  4  2  8  6  1  5  9  9  9  5
  7  5  7  5  3  2  3  3  5  3  3  9  8  6  8  6  1  9  6  0  9  7  5  4  6  3  2  2  3  7  7  8  5  5  6  2  5  9  1  9  1  8  6  4  2  8  6  4  8  3
  3  4  1  9  8  9  2  1  2  3  4  9  6  9  9  8  2  9  4  6  0  2  4  4  1  2  7  4  4  9  3  6  7  8  5  9  3  5  4  3  4  5  7  3  1  5  8  3  3  5
  9  8  7  1  4  7  9  4  7  6  8  7  5  2  6  8  5  4  9  7  3  0  2  7  8  5  8  2  1  7  4  8  5  7  7  8  2  2  8  4  7  7  3  7  8  6  1  7  6  9
  6  6  8  6  5  3  7  6  6  5  1  7  1  9  2  9  8  6  7  3  6  6  0  1  4  9  9  6  6  4  6  8  3  7  6  8  5  9  3  5  8  6  4  2  7  4  7  3  7  7
  6  7  2  7  1  5  6  4  1  2  7  1  3  7  2  6  8  7  9  3  3  1  9  0  5  8  5  3  2  7  8  5  6  6  4  9  2  5  3  7  2  6  9  9  1  7  5  1  7  2
  8  7  3  2  3  5  6  7  8  6  3  6  9  9  1  5  5  6  6  5  5  3  6  7  0  8  3  7  9  5  6  2  6  4  5  1  3  4  7  5  3  4  1  3  7  2  2  6  5  5
  4  5  1  6  6  8  6  7  3  5  2  6  3  7  5  6  6  3  8  7  1  7  3  4  4  0  9  2  7  2  9  1  5  6  4  3  6  8  6  7  2  5  9  5  7  8  5  4  5  1
  8  9  8  8  9  8  1  3  6  3  6  3  6  5  8  2  3  7  8  6  2  8  1  1  8  1  0  5  5  3  9  5  3  9  7  4  8  8  1  4  1  5  7  8  5  3  8  4  9  1
  6  9  4  8  4  8  5  3  3  7  1  5  6  6  1  7  3  5  7  5  6  9  6  5  2  9  3  0  9  7  5  5  2  4  9  9  3  6  9  8  3  6  8  9  1  9  6  4  7  7
  1  8  2  2  2  4  8  7  7  9  2  6  9  5  3  3  1  3  8  2  4  3  7  4  6  5  2  6  0  8  9  9  5  8  3  3  9  6  2  2  1  1  5  4  5  4  8  5  8  5
  2  6  4  4  8  5  8  6  8  4  8  2  1  9  3  5  5  4  4  3  8  8  9  4  8  9  2  3  8  0  6  4  6  3  4  3  5  8  1  3  1  1  2  9  2  5  4  1  3  1
  6  2  1  4  3  4  4  2  6  4  6  6  5  5  2  2  7  3  9  3  8  5  2  3  7  6  1  6  1  8  0  9  4  3  3  3  4  7  3  5  2  6  7  4  8  3  2  2  1  3
  1  2  1  5  5  1  1  4  4  4  1  1  5  4  4  2  8  2  1  8  5  2  6  5  7  2  8  2  2  7  1  0  7  9  7  2  7  3  2  9  2  6  9  7  2  8  3  2  4  9
  4  6  8  1  5  9  9  6  7  6  6  6  7  6  2  9  9  3  3  8  4  4  7  6  7  1  8  6  3  3  5  7  0  7  9  2  9  1  4  7  3  5  2  6  1  4  3  1  6  6
  8  5  9  9  1  5  4  4  5  4  1  9  5  4  5  6  7  2  5  1  8  4  8  4  3  2  1  5  7  5  3  7  1  0  5  3  7  8  8  8  4  5  9  9  5  4  5  7  1  4
  5  3  3  1  2  1  6  1  8  2  7  3  9  1  1  8  8  8  4  7  8  9  9  8  2  8  5  2  7  3  4  1  9  4  0  1  1  4  2  3  8  2  9  2  4  6  8  7  1  4
  8  8  4  3  6  6  7  1  7  7  9  3  8  9  1  3  5  4  5  7  3  9  7  2  8  5  8  7  8  3  7  4  1  2  7  0  7  1  5  4  4  3  7  7  9  6  6  8  3  5
  8  2  5  8  7  3  4  9  4  1  8  3  3  8  8  1  6  5  8  5  4  8  4  9  3  2  1  1  3  9  7  2  7  8  3  4  0  2  8  6  3  7  6  7  8  5  4  1  5  9
  2  7  6  2  7  6  4  6  5  9  8  6  3  7  2  3  9  3  6  6  8  4  8  9  1  1  6  2  5  7  4  8  6  2  7  8  9  0  3  8  4  9  5  2  8  3  1  9  7  2
  7  6  7  8  9  4  4  4  3  4  8  6  4  7  9  2  1  8  1  6  6  6  2  7  4  5  6  5  6  3  9  6  3  1  1  3  7  1  0  4  6  4  2  5  9  1  3  5  6  1
  7  3  3  8  9  3  7  4  3  4  5  9  4  8  8  9  5  8  5  7  9  2  2  6  4  8  8  3  1  3  7  5  5  4  6  1  6  2  3  0  7  8  1  5  3  5  3  9  3  6
  4  7  7  5  4  3  4  3  2  2  2  9  3  7  4  8  3  5  4  3  4  5  7  1  1  1  9  8  4  2  4  4  1  7  2  2  7  2  9  2  0  7  8  6  9  7  6  9  6  4
  6  5  5  9  8  3  2  2  5  7  1  6  8  5  8  7  9  6  8  6  7  6  8  6  1  8  5  9  4  3  3  1  9  9  7  5  1  6  3  8  7  0  5  5  7  8  2  7  1  4
  7  5  2  8  2  4  1  2  2  1  7  6  7  5  6  4  4  2  2  8  3  6  6  8  1  3  5  7  8  7  4  6  4  9  6  5  6  3  3  4  9  1  0  6  1  6  6  9  9  5
  3  9  4  3  7  4  2  5  3  7  2  7  3  3  6  2  4  2  1  4  6  1  8  9  3  3  6  9  5  3  3  3  5  4  8  7  7  6  2  6  3  8  6  0  9  6  2  7  7  1
  4  2  2  8  3  9  2  6  4  4  1  6  8  7  5  6  3  5  5  9  5  1  3  2  3  3  7  6  7  2  3  2  2  4  3  9  7  3  8  2  8  6  5  9  0  5  3  2  9  1
  2  3  6  6  1  4  2  7  6  7  8  2  9  5  6  7  9  9  2  5  9  5  2  5  5  2  7  6  4  2  4  5  9  9  2  6  3  7  1  6  5  1  3  4  6  0  4  9  2  4
  6  9  9  8  1  7  4  7  5  3  8  3  6  9  4  5  7  2  2  9  9  5  4  7  2  8  5  9  2  1  7  5  5  3  7  5  6  3  3  3  8  3  9  8  1  7  0  7  4  7
  5  1  9  6  6  8  6  8  1  9  9  1  8  7  2  3  9  3  7  3  2  6  3  9  3  8  3  9  9  9  9  5  5  4  4  8  4  6  3  1  6  8  3  5  9  3  7  0  8  9
  7  4  5  5  8  3  5  8  1  4  8  3  6  3  9  3  8  6  7  9  1  8  3  9  3  4  6  1  5  3  8  3  7  4  1  9  7  5  6  5  4  4  2  8  6  5  8  5  0  1
  4  3  9  2  6  6  6  4  7  4  9  7  6  8  6  9  5  8  4  2  6  1  9  6  7  3  6  4  6  2  3  9  6  9  1  7  8  7  2  4  6  5  7  2  3  1  5  4  8  0
M7
  0  1  1  2  1  9  5  6  9  7  4  6  7  7  1  9  4  6  4  3  7  7  7  4  2  3  7  9  6  2  1  1  8  6  2  3  5  2  8  7  6  1  5  8  7  1  9  1  1  1
  4  0  3  5  5  5  9  3  4  6  6  2  2  4  6  9  3  4  5  4  4  4  3  4  6  3  5  2  1  5  4  6  4  7  3  3  4  4  3  1  2  2  4  4  7  8  6  5  6  2
  6  9  0  7  9  4  2  9  5  3  9  9  7  6  9  8  5  3  7  1  2  9  5  4  3  6  8  3  4  5  1  4  9  6  9  1  1  6  6  2  4  3  9  1  1  7  6  2  1  6
  9  6  1  0  1  6  9  1  9  3  6  3  5  4  9  4  1  4  1  3  3  8  3  2  4  9  3  1  7  8  4  7  5  7  5  3  7  2  6  3  1  3  6  1  8  4  3  1  6  3
  9  5  3  4  0  9  1  6  4  9  7  1  7  9  3  7  5  6  2  1  7  3  6  1  2  8  5  3  7  5  6  2  8  2  3  8  4  2  9  8  4  2  4  9  9  1  2  7  1  9
  5  8  1  4  8  0  8  4  4  5  1  2  9  9  3  1  7  2  9  9  7  8  1  8  3  6  7  1  8  6  7  9  8  9  2  4  1  8  3  8  7  8  2  4  7  8  3  6  5  2
  7  3  7  6  6  4  0  1  5  3  5  3  7  3  2  3  6  8  1  6  8  3  3  1  8  9  9  8  8  3  9  6  6  2  8  4  7  6  4  9  7  8  2  9  3  6  5  3  1  7
  3  1  4  6  8  8  5  0  4  3  4  4  6  1  5  9  3  9  7  9  7  6  1  4  9  2  3  7  4  5  2  4  4  1  8  8  5  6  9  7  7  2  2  3  7  1  9  8  9  7
  2  4  2  2  1  1  3  2  0  3  7  3  2  2  4  6  7  2  3  5  2  4  4  7  8  7  8  8  7  7  1  3  4  4  4  4  8  6  7  5  8  1  1  7  2  9  8  6  4  1
  5  1  8  9  7  1  2  3  3  0  6  5  3  6  7  5  7  5  3  2  3  5  6  3  8  3  7  1  6  5  8  8  5  3  4  8  9  1  7  9  8  6  5  1  5  9  3  3  3  9
  7  6  2  6  8  9  9  2  7  3  0  4  5  3  1  6  2  7  5  2  5  2  3  5  1  2  1  6  6  4  6  6  8  9  1  3  5  9  9  8  4  8  8  5  7  5  5  5  9  6
  2  8  2  2  4  1  2  2  6  6  9  0  5  6  2  3  1  3  4  4  4  5  5  8  9  6  5  8  2  4  2  4  7  9  4  9  1  6  2  9  8  8  1  8  5  3  9  3  8  2
  7  5  4  2  6  4  1  1  8  5  3  8  0  5  1  9  8  6  8  6  6  9  3  2  9  7  4  3  8  2  4  3  7  3  7  7  2  7  3  8  7  9  7  6  3  9  5  3  7  1
  1  6  2  1  8  9  4  9  3  9  4  7  9  0  9  3  5  6  7  6  6  8  1  9  2  7  9  4  9  8  4  8  6  7  2  9  9  3  5  4  9  6  5  4  8  2  1  7  9  5
  9  9  3  5  7  4  6  4  8  3  6  5  9  8  0  5  8  6  5  8  4  5  2  8  1  8  1  9  5  9  4  3  2  6  1  5  6  4  1  6  4  3  4  5  3  3  7  2  8  1
  9  8  3  2  6  4  6  9  6  1  8  8  1  1  2  0  4  7  4  5  9  9  5  4  4  6  3  8  3  9  9  8  4  2  2  5  3  8  7  9  6  4  3  8  2  6  7  7  1  7
  7  2  7  9  8  9  8  8  3  9  8  3  6  9  4  9  0  9  5  2  8  1  7  6  6  1  8  9  5  2  1  3  5  8  6  8  4  8  3  1  6  5  5  8  9  5  8  3  8  6
  5  1  6  3  8  7  1  2  3  8  7  2  1  3  5  1  7  0  4  4  9  9  2  2  4  4  8  4  5  4  6  4  3  2  7  8  7  3  2  3  2  6  4  1  6  2  5  8  1  5
  7  2  6  3  2  4  6  9  1  9  5  9  7  9  9  4  8  7  0  4  7  7  9  7  8  1  6  7  2  2  5  9  6  4  8  3  2  7  5  3  4  6  2  5  5  6  3  5  3  9
  3  2  3  8  4  3  2  5  2  9  9  1  7  9  7  5  3  2  4  0  2  2  9  3  2  8  2  3  8  6  6  4  7  4  1  5  3  6  1  4  8  8  2  8  3  6  1  2  9  3
  4  1  1  7  8  1  5  2  5  3  2  7  1  9  2  6  4  9  8  8  0  8  1  9  1  4  1  8  6  6  4  7  8  5  5  5  2  9  4  9  6  9  5  2  8  4  8  5  7  3
  5  4  2  8  5  9  6  5  3  9  8  4  8  8  1  7  7  8  8  8  8  0  3  3  8  9  8  9  9  2  7  6  2  1  5  6  8  9  3  2  3  5  1  4  3  7  2  2  5  4
  3  6  3  5  5  3  9  6  4  7  9  9  1  3  5  8  9  5  5  3  8  1  0  9  7  7  2  8  4  4  7  6  8  1  9  1  9  4  5  5  5  9  8  6  2  8  4  9  4  3
  9  8  8  9  4  5  6  4  6  4  5  8  6  8  6  5  5  6  1  6  5  6  3  0  2  2  9  5  6  2  9  5  7  3  4  5  4  8  2  9  4  5  5  2  8  7  4  6  9  8
  5  6  6  3  3  2  3  8  8  9  3  3  8  7  7  5  6  7  2  9  8  8  1  2  0  6  6  2  4  8  6  5  8  7  9  5  7  4  3  8  9  2  3  3  3  3  6  2  6  5
  1  6  4  4  2  4  8  8  7  2  9  1  3  8  4  9  2  5  9  4  1  1  6  3  6  0  2  7  2  6  8  2  2  8  2  9  6  1  8  5  7  9  6  2  1  3  8  7  5  1
  4  1  5  6  3  1  4  6  4  2  9  2  6  1  6  9  1  3  5  6  6  2  9  6  1  5  0  4  7  4  7  1  9  1  7  9  7  2  8  1  4  2  9  4  7  3  2  1  6  4
  3  9  9  4  9  6  5  4  9  4  7  6  6  1  3  7  3  7  2  4  7  9  6  5  7  6  7  0  4  9  1  1  7  7  1  8  8  1  3  9  3  1  6  6  8  8  6  4  8  2
  3  9  3  7  5  6  5  9  4  5  9  2  4  2  6  1  4  5  4  5  2  1  7  4  5  5  3  5  0  8  1  1  1  5  9  8  3  4  8  1  3  1  7  3  7  8  4  5  3  4
  8  7  5  1  2  6  2  8  8  2  6  6  9  1  1  4  7  5  1  8  4  7  5  7  7  1  3  2  2  0  4  5  9  8  1  7  3  8  7  6  9  9  5  6  1  5  3  3  6  6
  3  8  5  1  2  1  6  1  1  3  9  6  2  5  8  7  4  9  8  5  1  3  8  2  4  3  3  6  7  8  0  7  8  2  3  1  1  4  9  4  9  1  9  5  1  4  8  4  4  2
  6  4  8  9  8  6  1  3  5  1  8  3  6  2  1  6  3  6  1  4  6  6  9  8  2  7  5  7  8  8  6  0  7  7  5  9  4  1  2  6  8  5  7  3  4  3  3  5  3  5
  3  8  1  9  4  9  6  8  8  4  6  3  7  2  1  5  6  5  6  3  6  6  8  4  5  1  5  1  9  8  1  5  0  6  8  5  9  3  6  4  2  1  4  5  1  6  7  4  9  2
  8  8  5  8  9  2  6  6  3  9  4  8  5  6  8  3  8  9  5  2  8  6  6  8  9  7  6  8  2  3  4  6  6  0  3  3  2  6  8  8  4  2  8  7  1  2  9  3  7  5
  8  2  1  4  3  3  2  2  7  8  2  8  4  5  7  1  7  2  9  8  1  5  8  7  8  7  4  7  4  3  8  2  8  4  0  5  2  6  2  9  2  6  6  3  1  9  2  5  9  7
  8  6  4  6  5  2  9  2  2  7  7  1  2  8  5  4  6  9  6  5  5  9  9  6  8  3  8  3  6  1  6  4  9  3  7  0  8  8  3  7  8  5  4  8  3  7  3  6  1  8
  5  8  8  2  6  5  8  6  4  3  8  7  5  4  1  6  6  5  3  7  1  8  5  2  7  1  2  3  4  1  1  7  7  2  8  5  0  5  5  2  1  3  1  2  4  5  6  3  8  1
  8  2  7  1  2  7  2  3  7  9  5  6  9  6  3  6  9  1  1  2  4  3  8  2  2  3  7  2  3  7  4  4  7  4  4  4  1  0  3  4  7  9  6  5  5  1  2  4  9  9
  4  5  1  5  1  6  7  7  6  6  6  2  5  8  2  8  5  9  1  5  8  8  2  5  2  7  3  8  6  8  7  8  4  2  2  3  6  5  0  3  6  7  4  7  7  5  3  1  8  8
  8  5  2  7  4  2  9  1  2  4  4  6  7  7  8  4  9  5  6  2  5  8  8  5  8  7  3  8  3  3  1  2  9  9  4  2  4  6  9  0  8  3  8  6  5  7  9  7  9  6
  4  2  6  1  8  8  8  1  3  6  5  6  3  3  9  6  9  7  5  9  6  7  4  2  3  2  9  4  1  8  3  6  3  7  9  1  2  6  3  2  0  7  7  1  1  1  8  7  2  1
  3  9  4  8  2  6  9  2  5  1  4  8  1  7  5  5  9  2  5  4  6  4  9  2  4  4  1  6  4  1  5  1  7  6  2  6  6  2  4  6  4  0  4  1  8  4  3  4  1  1
  5  3  4  4  8  4  9  5  2  6  8  4  6  2  6  9  8  1  8  3  7  7  6  9  8  7  1  6  3  9  2  5  1  2  8  9  6  5  7  4  8  4  0  2  6  4  3  7  7  8
  1  8  6  8  7  1  9  3  9  6  5  2  4  5  7  1  2  3  4  7  5  9  7  4  5  5  1  8  2  5  4  9  7  6  5  9  2  5  3  5  1  8  6  0  7  9  3  3  6  8
  2  7  4  1  6  9  3  9  6  5  9  3  6  1  2  9  4  2  5  8  4  1  5  2  2  1  7  8  8  3  4  6  1  4  2  8  1  3  6  8  5  4  3  1  0  4  9  2  4  1
  3  3  5  9  9  7  7  6  9  8  6  8  5  4  4  3  4  8  5  1  9  8  3  8  6  6  2  7  8  3  6  6  8  8  4  3  5  9  1  4  7  3  8  5  6  0  5  6  5  9
  3  2  1  2  7  7  2  4  6  3  2  1  1  8  1  6  2  7  2  5  8  3  9  1  2  7  3  6  5  3  3  3  7  3  5  5  1  4  8  6  9  8  8  6  1  2  0  8  5  1
  1  5  9  1  1  7  4  6  8  1  6  3  8  2  8  1  4  2  3  6  8  8  2  6  2  6  1  7  9  2  6  1  4  7  6  2  2  3  6  8  2  9  5  4  9  8  8  0  5  6
  4  4  5  5  9  8  5  4  8  9  5  2  2  6  7  8  7  6  7  6  9  4  8  1  3  3  6  5  6  5  3  7  1  8  8  1  8  6  6  7  3  1  2  8  5  7  1  9  0  1
  1  9  6  6  8  3  4  9  3  9  6  8  3  1  1  7  9  6  3  4  1  6  8  3  3  1  4  7  7  3  1  3  8  1  9  5  5  2  9  7  9  7  3  5  7  5  9  3  5  0
M8
  0  3  9  9  7  1  7  3  1  1  8  9  8  6  8  4  3  8  1  6  4  1  8  7  7  5  3  1  9  3  1  4  2  5  3  9  9  3  9  9  3  6  8  8  7  8  8  9  2  7
  9  0  8  5  6  9  5  2  5  9  8  1  5  5  5  6  2  3  4  4  3  6  6  7  6  5  3  3  5  1  5  8  3  7  2  9  1  3  9  4  2  3  4  5  6  5  1  9  2  3
  1  8  0  7  5  7  7  6  8  7  7  5  3  8  4  3  2  1  6  3  4  9  2  2  4  4  1  7  7  7  8  2  3  3  8  9  8  2  1  6  9  6  9  3  2  2  1  6  5  5
  3  9  5  0  5  1  4  7  7  8  1  1  1  7  5  4  8  7  9  9  4  7  2  7  4  3  2  8  2  1  8  9  4  7  6  6  3  3  7  5  5  6  8  7  9  8  9  9  9  7
  6  9  8  4  0  5  5  8  7  2  1  3  7  6  6  3  7  4  6  2  2  6  9  3  5  3  3  5  6  4  2  3  8  3  7  3  4  7  6  3  5  7  9  7  6  7  6  7  5  5
  2  7  2  9  5  0  3  7  3  4  6  8  4  2  9  8  3  5  5  9  7  9  8  2  8  8  3  4  4  4  2  8  7  6  8  1  5  5  9  3  5  3  1  3  6  7  8  6  1  1
  6  2  4  4  4  2  0  6  7  6  3  8  1  5  7  1  4  7  6  7  1  6  4  5  1  2  4  7  2  4  3  3  1  4  7  8  7  3  2  5  5  3  6  9  5  9  9  9  2  9
  9  4  1  1  2  9  2  0  9  2  3  1  4  7  8  6  1  6  3  7  5  4  2  4  1  2  5  7  2  7  1  7  9  7  6  4  4  6  5  5  2  7  9  7  8  7  9  5  1  9
  8  3  5  6  5  7  3  2  0  9  1  6  1  6  6  3  9  5  6  3  3  8  2  1  1  9  5  2  2  6  7  7  9  4  3  5  6  4  3  3  4  2  4  3  1  8  1  7  9  8
  6  4  9  4  9  3  4  7  1  0  2  4  1  3  4  2  3  1  5  3  6  4  7  9  5  4  9  7  7  2  1  9  7  5  7  8  2  1  7  2  3  9  6  4  7  6  7  6  5  6
  5  4  5  4  6  9  3  4  4  1  0  8  6  9  5  8  8  9  5  4  5  7  6  9  8  7  9  6  7  6  6  9  8  6  7  8  7  9  8  6  5  9  2  9  3  4  1  5  4  8
  2  7  8  6  8  8  4  8  7  3  5  0  7  2  8  9  2  2  6  9  4  2  8  3  6  8  4  6  9  1  2  7  1  3  4  3  1  1  1  3  3  4  3  4  6  1  2  7  6  9
  9  3  6  2  5  7  7  4  2  7  6  1  0  3  6  7  6  7  7  8  3  3  5  4  8  2  7  3  2  7  5  8  1  5  2  7  7  6  5  9  9  6  6  7  8  8  2  3  3  5
  1  2  9  2  1  7  7  6  2  9  5  1  5  0  9  4  9  1  7  2  4  5  9  4  7  8  6  2  3  7  4  1  4  7  6  9  2  3  5  7  3  2  4  6  5  8  8  2  1  7
  5  7  8  4  1  5  5  5  8  1  1  4  6  8  0  7  9  2  7  3  5  2  8  8  8  7  7  5  2  2  5  3  5  1  8  7  2  1  1  3  9  3  1  4  9  4  1  3  7  4
  3  9  8  6  7  3  2  9  4  7  2  8  9  4  7  0  1  9  4  4  8  2  4  8  5  7  9  3  2  6  5  5  8  5  4  3  5  3  1  5  9  4  9  6  9  4  7  2  2  1
  6  6  8  6  2  9  5  9  4  7  9  7  7  4  8  9  0  5  4  8  4  1  9  7  2  9  3  2  4  2  2  6  9  1  3  2  9  9  5  1  1  4  8  2  8  5  3  5  5  8
  4  4  4  2  8  9  4  9  4  1  2  6  1  2  1  6  7  0  1  2  6  3  7  1  3  6  2  5  9  9  3  3  8  9  2  7  4  6  9  9  2  2  1  8  7  6  2  9  8  3
  2  8  5  9  3  5  8  2  5  5  9  9  9  5  9  9  4  5  0  7  7  1  6  6  7  2  7  6  9  6  1  5  4  8  8  2  3  4  3  3  5  5  6  9  4  9  3  4  1  7
  1  9  7  2  7  9  5  6  8  8  2  7  6  9  1  5  2  3  3  0  6  2  9  3  1  4  8  5  8  2  9  4  1  2  7  3  1  1  8  8  3  7  3  4  4  4  4  4  2  8
  8  4  9  1  9  4  5  7  9  9  2  8  7  2  7  8  3  7  8  8  0  8  3  4  9  5  2  5  8  6  7  4  5  2  9  7  7  6  5  9  9  3  2  1  9  4  2  6  8  2
  7  3  2  6  9  2  9  2  9  9  3  7  8  4  5  2  3  4  3  7  5  0  5  2  4  7  6  1  1  8  6  1  8  8  7  4  7  5  1  9  1  3  8  9  5  6  7  5  9  9
  7  3  8  8  2  3  5  4  5  7  1  8  5  2  1  3  4  1  3  6  7  8  0  4  2  7  6  5  4  2  2  7  6  8  8  4  9  9  3  5  1  2  8  4  5  4  2  9  3  4
  7  4  3  8  4  8  1  4  3  2  8  3  3  6  5  1  8  4  2  4  2  2  1  0  2  1  5  1  6  1  8  6  5  8  5  7  2  5  6  4  9  6  5  9  1  3  8  1  2  6
  8  3  9  9  3  4  6  6  7  6  5  5  2  4  6  9  2  7  6  2  2  7  9  6  0  6  9  5  2  7  9  7  3  1  9  6  6  3  9  4  8  1  4  6  5  2  6  9  1  3
  3  9  1  8  5  2  5  9  5  7  8  3  6  7  7  1  8  2  8  4  9  2  4  8  1  0  9  5  3  7  9  1  2  2  5  9  2  4  6  7  3  9  1  4  7  8  9  1  7  2
  3  5  4  2  8  8  6  7  7  9  5  3  6  5  5  4  1  4  7  5  1  6  4  6  3  4  0  3  1  4  6  2  9  9  6  8  5  6  2  9  7  4  8  6  5  2  1  9  9  4
  3  1  6  7  9  7  9  5  3  9  7  7  4  2  7  2  2  5  7  1  3  4  8  4  5  7  7  0  6  2  9  6  2  3  6  8  2  5  8  8  9  1  8  2  4  5  1  6  8  9
  8  8  8  5  3  5  4  6  3  8  1  3  1  5  9  3  3  8  4  7  7  7  4  5  2  7  8  4  0  8  6  4  2  9  7  6  9  8  7  1  5  8  9  8  5  1  2  5  6  9
  9  4  1  7  1  5  6  2  9  2  8  8  3  8  4  4  1  7  2  9  7  9  5  7  5  1  8  4  4  0  6  1  3  2  6  1  4  4  3  1  6  3  7  1  5  6  5  4  8  2
  9  5  8  3  7  5  2  9  4  1  5  9  3  3  8  2  5  1  1  3  4  3  5  4  6  3  5  4  9  2  0  2  3  1  9  6  4  7  9  3  4  1  8  7  1  9  4  6  3  2
  8  6  7  8  5  2  3  7  7  7  6  4  9  8  2  2  4  3  2  9  5  4  3  2  4  6  9  6  5  2  4  0  2  6  8  2  3  9  5  4  1  1  8  2  1  2  5  4  2  2
  8  3  4  3  5  9  9  2  8  9  3  1  3  7  7  3  6  8  7  9  9  9  9  7  7  9  6  7  7  2  7  8  0  7  7  3  6  4  3  4  2  5  8  7  1  6  8  7  6  2
  9  3  4  3  7  4  3  1  7  7  8  1  3  5  4  7  6  9  7  3  9  1  5  5  8  2  7  2  9  7  9  4  1  0  9  6  1  5  5  1  5  3  7  1  1  7  3  9  4  2
  9  4  1  9  5  2  1  2  9  9  4  1  5  9  3  6  6  9  8  2  6  7  2  7  8  8  4  2  8  3  1  3  7  8  0  2  6  1  8  9  7  8  6  9  4  4  1  6  9  6
  7  7  5  4  8  6  3  9  3  9  2  3  6  2  8  7  6  6  9  4  5  6  4  8  8  8  6  5  1  9  6  3  9  4  1  0  5  9  3  8  3  7  8  5  3  4  5  3  5  3
  9  2  3  1  5  4  5  3  2  2  5  7  7  3  1  9  8  7  7  8  8  3  8  7  5  3  1  8  4  5  5  2  1  3  5  3  0  7  5  5  3  6  2  2  7  1  6  5  8  2
  8  3  8  8  7  3  4  4  3  9  4  1  5  4  8  6  5  2  1  1  9  1  9  9  9  2  3  9  4  1  3  8  6  3  4  7  6  0  4  7  4  5  2  7  8  7  7  5  6  6
  8  4  7  9  6  1  4  4  3  2  7  5  3  5  4  7  6  9  4  3  5  9  9  1  4  9  2  7  1  3  5  1  4  9  2  6  8  4  0  4  7  2  4  5  2  3  4  8  5  1
  9  2  2  8  9  3  5  6  4  5  9  9  6  7  5  3  7  1  6  3  4  3  2  8  1  8  5  6  7  9  9  9  1  1  1  4  9  9  7  0  5  4  7  4  3  9  2  8  1  1
  3  1  7  5  1  9  5  3  3  3  8  8  8  6  9  7  1  6  5  4  2  8  6  4  5  4  3  9  9  3  5  6  8  1  9  9  2  8  7  6  0  6  2  2  2  3  7  9  2  2
  3  5  4  5  3  7  8  8  1  2  6  4  1  5  8  4  2  1  2  7  6  6  1  9  5  1  6  4  6  4  9  1  5  2  8  3  2  2  4  5  6  0  9  4  1  4  3  9  8  2
  8  1  2  9  6  1  9  3  3  6  4  1  7  6  3  7  5  6  3  1  5  8  2  5  4  2  7  6  1  1  4  3  2  8  2  2  1  1  9  1  4  4  0  2  8  8  8  9  4  9
  9  3  8  9  4  2  1  5  8  5  2  7  9  7  4  3  4  8  8  2  5  7  2  5  1  5  8  9  7  6  2  8  2  1  5  7  4  8  5  6  8  1  8  0  2  4  9  8  5  2
  1  8  8  1  7  7  2  8  6  9  4  2  7  5  6  3  4  9  1  7  8  9  1  5  7  2  7  7  9  4  6  4  8  4  3  9  8  6  3  6  6  6  1  5  0  7  4  2  9  6
  1  4  8  5  9  3  7  4  7  2  5  6  1  3  1  2  4  6  1  2  7  9  3  2  2  8  3  1  4  8  9  4  3  8  5  7  2  1  2  5  9  9  5  6  6  0  5  1  5  8
  9  4  5  7  6  4  8  8  8  1  9  6  3  9  1  6  5  5  6  2  2  9  5  1  8  8  6  3  9  4  8  1  3  3  1  5  1  5  3  9  8  6  3  9  4  9  0  5  3  5
  8  6  4  7  8  5  1  1  9  6  7  8  6  9  3  4  1  1  8  5  9  7  3  8  7  3  9  1  2  3  7  2  2  6  5  9  4  7  6  3  1  2  6  9  9  5  4  0  2  8
  3  9  8  9  1  7  7  5  1  9  6  4  1  8  4  3  4  1  5  5  2  4  5  8  2  5  8  3  5  8  7  6  9  1  3  2  8  5  8  4  4  9  7  9  5  1  8  1  0  1
  6  4  6  4  6  5  1  7  2  6  3  4  6  4  1  5  5  9  4  1  7  3  4  9  6  2  1  1  9  6  5  6  3  6  1  1  3  9  9  3  6  9  3  2  2  8  1  3  1  0
M9
  0  3  2  6  8  3  8  3  8  6  4  5  7  8  3  2  1  5  1  3  2  5  9  3  1  6  1  8  5  1  2  6  4  3  7  1  3  1  7  6  2  2  2  6  4  5  6  1  4  3
  6  0  3  4  6  7  3  1  4  3  6  5  8  9  6  5  6  3  7  3  5  1  8  5  6  8  3  6  9  4  3  3  7  4  2  5  2  5  9  3  7  3  4  8  1  2  3  1  6  9
  5  2  0  4  6  3  9  9  7  7  7  8  1  5  5  5  4  4  5  5  3  2  7  3  3  7  2  6  9  8  6  1  6  3  2  8  2  8  3  5  5  5  8  2  5  5  6  6  1  8
  6  6  3  0  3  6  6  4  2  9  6  4  7  8  9  5  7  9  9  8  1  9  9  9  6  6  8  8  5  1  7  9  5  9  9  6  3  6  2  7  3  8  2  6  9  7  3  2  6  2
  5  6  6  5  0  7  8  7  4  6  1  1  6  7  2  4  5  3  5  6  8  4  4  1  4  3  2  4  9  7  4  3  5  8  9  9  9  3  2  9  8  5  2  2  6  2  9  2  6  7
  7  9  3  3  8  0  3  1  4  9  1  8  8  7  2  5  5  5  8  2  4  7  1  6  3  8  8  5  4  4  1  5  3  2  5  8  3  9  2  1  7  4  9  1  6  1  1  1  2  7
  5  9  6  1  5  7  0  2  3  6  9  5  1  4  8  1  1  6  9  7  4  7  2  4  1  1  4  6  9  8  5  9  1  1  7  8  2  6  2  8  7  8  4  8  2  2  2  6  2  5
  2  6  7  5  7  9  4  0  2  6  2  8  1  7  3  7  2  6  3  3  6  4  7  1  6  1  3  6  1  5  3  9  7  2  9  8  7  8  9  4  7  5  8  1  5  5  3  4  2  8
  5  3  5  8  6  4  1  8  0  6  9  7  6  4  7  4  6  6  4  9  3  1  4  8  7  1  8  1  3  6  7  1  7  9  6  9  8  5  1  5  6  6  1  7  3  9  4  1  5  9
  5  7  9  1  5  1  4  9  8  0  7  7  4  3  3  3  6  5  8  6  4  3  4  1  6  6  5  5  6  2  5  1  2  6  1  5  3  9  3  1  6  2  1  9  9  8  1  8  6  5
  8  9  4  5  3  8  6  4  6  9  0  2  1  5  6  4  7  1  1  4  8  4  7  4  1  2  7  5  9  8  9  2  9  2  2  5  9  5  7  3  1  9  1  3  1  7  9  7  3  6
  8  5  1  7  6  9  3  1  5  8  4  0  9  4  6  9  1  6  3  6  6  6  9  7  5  7  2  7  9  2  9  3  7  6  3  7  3  5  3  2  6  5  8  7  3  5  4  1  6  7
  9  7  7  5  5  3  9  5  6  7  1  4  0  7  2  1  6  8  1  5  3  3  5  4  7  2  8  1  8  1  4  6  7  9  6  9  3  8  6  7  3  9  6  3  4  2  6  2  3  6
  3  2  6  6  5  5  2  9  6  9  2  7  9  0  1  1  8  9  6  9  9  2  1  7  6  4  8  8  4  4  5  5  6  1  4  8  6  2  3  1  8  4  2  4  6  3  3  6  2  1
  5  6  7  7  9  4  2  7  1  6  7  7  3  2  0  2  1  1  1  3  7  3  3  1  6  3  2  4  6  1  3  4  3  4  3  8  4  8  4  6  9  6  4  3  4  9  2  6  3  9
  9  9  9  3  3  8  2  8  1  7  6  6  5  2  7  0  9  9  3  3  9  7  9  5  8  4  4  4  9  8  4  9  1  2  6  5  7  7  2  6  3  1  8  9  8  7  9  4  5  7
  5  2  3  5  5  6  3  5  8  1  7  9  5  1  5  8  0  3  9  2  7  5  5  1  2  4  5  2  2  8  8  2  7  3  7  4  8  5  7  2  7  4  2  6  8  6  5  9  6  7
  1  1  5  1  4  3  9  3  2  8  7  3  2  3  6  6  3  0  6  3  8  4  3  2  7  9  9  6  8  1  6  7  6  6  4  1  5  9  2  7  2  5  1  4  6  6  2  9  1  9
  3  6  5  2  6  1  1  5  1  7  9  4  2  3  5  8  3  2  0  2  5  2  3  7  3  6  4  6  1  9  8  1  2  4  5  5  9  5  8  9  1  2  9  1  6  8  9  3  1  5
  5  8  8  2  4  8  4  5  3  3  3  8  5  8  1  8  3  1  4  0  8  2  4  3  2  8  4  8  1  5  1  7  8  6  7  4  7  4  8  4  1  8  8  2  9  6  1  4  9  8
  7  8  4  4  5  2  7  1  3  4  3  6  2  4  4  4  5  3  6  2  0  4  6  3  6  7  6  3  1  7  8  5  5  6  5  9  8  6  4  7  9  8  4  9  1  5  8  6  1  4
  1  4  9  3  8  3  6  1  4  7  3  8  5  2  4  1  1  5  2  7  6  0  8  8  1  8  3  1  3  9  5  4  1  4  7  6  6  7  6  7  6  8  7  7  6  4  6  5  3  9
  6  7  6  5  5  6  3  7  1  8  4  2  7  8  6  9  3  4  8  9  4  8  0  5  1  1  5  7  9  9  3  9  8  1  1  8  1  5  4  6  9  9  9  6  3  1  6  2  7  6
  5  2  6  7  8  5  5  9  1  9  7  5  1  5  7  1  6  2  6  6  9  3  1  0  8  1  2  1  1  4  3  8  2  2  6  3  6  1  1  6  8  7  3  8  4  1  6  1  3  9
  2  9  2  3  3  6  9  1  6  9  2  3  6  1  8  5  6  2  5  4  8  3  5  8  0  9  5  5  8  5  3  1  8  2  8  7  4  8  7  3  5  3  1  5  7  9  5  6  9  6
  4  8  4  2  2  6  4  3  1  8  3  2  8  2  1  7  3  9  6  2  5  9  3  4  6  0  6  1  1  4  7  1  8  6  8  6  5  8  1  1  4  9  4  7  9  4  3  8  7  7
  8  8  6  5  2  2  1  3  1  1  4  1  7  7  6  4  5  3  1  9  5  5  8  3  1  9  0  7  4  6  4  4  6  5  6  9  7  8  8  8  8  7  2  8  8  2  8  6  4  3
  8  9  8  3  4  4  3  6  7  5  6  6  7  2  9  6  8  2  4  9  5  9  1  9  1  8  2  0  2  4  1  8  4  3  1  4  1  8  3  2  5  1  3  7  3  1  1  1  2  1
  9  2  8  2  8  5  1  6  4  9  6  8  6  1  8  6  1  9  3  5  9  1  7  4  5  4  8  1  0  6  7  2  3  7  5  1  3  7  6  7  5  1  9  1  8  3  8  6  3  2
  6  2  1  5  9  1  7  4  2  3  3  7  8  3  3  1  8  3  1  9  5  7  9  8  3  1  7  3  1  0  1  7  6  2  6  3  1  6  3  3  5  2  7  4  3  8  5  4  4  3
  3  7  2  3  3  8  3  4  1  1  2  5  3  5  9  1  9  9  1  2  1  2  8  4  6  6  1  1  3  5  0  2  4  5  2  7  1  1  4  6  5  2  2  9  4  5  5  6  1  9
  9  3  8  3  5  6  8  4  3  7  5  7  5  5  3  9  6  9  9  1  4  8  9  3  1  6  9  4  8  4  8  0  3  2  4  6  8  3  5  9  9  6  9  5  4  7  7  2  8  2
  5  8  6  4  9  4  1  5  5  8  6  2  6  7  2  3  3  2  4  7  3  6  9  2  3  8  6  6  9  4  5  5  0  8  1  5  7  3  8  4  4  3  1  3  4  5  8  4  5  2
  2  6  4  5  3  4  2  4  5  7  5  4  2  4  2  9  7  2  7  6  4  6  2  2  9  3  4  7  9  1  6  7  3  0  9  1  6  7  9  5  6  7  2  5  8  4  6  5  2  6
  4  3  6  6  9  9  3  2  6  8  1  4  5  4  7  8  1  8  1  8  1  6  6  2  7  8  4  7  3  5  2  2  8  5  0  6  6  3  1  1  9  3  9  7  2  6  9  8  4  4
  1  9  5  7  2  5  5  4  9  2  9  2  6  3  1  1  3  3  2  4  9  8  7  4  3  1  9  3  4  5  7  1  8  3  3  0  6  5  2  4  9  7  1  5  4  4  4  6  7  6
  9  8  3  9  6  5  3  2  3  9  8  5  3  9  5  6  7  5  2  4  4  2  1  9  7  1  5  8  4  1  9  7  4  4  6  6  0  1  9  1  9  8  9  7  9  7  9  1  1  2
  4  8  5  8  7  7  6  4  5  2  9  1  4  4  5  7  6  2  2  1  4  7  8  9  6  3  8  8  2  1  3  7  6  1  8  6  6  0  8  7  7  4  2  3  9  3  5  2  4  6
  9  2  6  8  1  8  3  4  5  8  6  9  6  5  2  2  9  3  8  3  2  2  3  2  4  7  3  1  6  2  3  6  6  8  3  7  1  9  0  7  4  5  9  8  6  5  9  2  1  6
  3  8  1  2  5  2  1  9  7  9  3  4  9  2  3  5  9  9  1  7  5  2  6  5  9  2  1  7  3  3  6  6  6  7  7  2  3  9  8  0  3  2  9  1  7  9  7  4  8  2
  3  2  8  9  3  5  7  8  6  1  7  8  2  7  1  3  9  8  5  4  7  2  3  5  4  9  9  6  9  4  2  5  5  3  3  5  8  8  7  1  0  7  7  9  4  1  1  8  6  2
  7  5  3  2  6  4  5  4  4  5  1  3  4  1  6  3  9  8  2  9  6  3  5  7  6  3  8  8  3  1  8  3  9  3  7  6  4  1  8  7  7  0  1  3  9  1  6  4  8  7
  4  2  3  9  3  2  8  9  9  9  9  6  9  8  3  7  9  1  7  7  7  8  5  4  8  6  4  4  1  3  8  3  4  8  7  9  2  6  8  2  1  2  0  1  1  3  1  2  7  4
  8  8  2  1  1  4  4  2  9  4  2  3  7  1  6  4  4  7  9  4  2  6  1  6  7  3  7  2  5  8  4  3  5  2  4  8  6  7  2  8  9  9  5  0  8  8  8  2  8  6
  7  3  3  1  2  1  8  4  2  2  2  2  7  3  1  6  9  3  9  3  7  9  2  9  5  4  9  1  2  5  5  3  2  6  8  1  2  1  1  5  1  9  6  8  0  7  8  3  1  5
  6  9  9  6  2  8  4  3  2  8  9  8  1  6  4  4  4  2  7  9  8  7  3  7  5  3  5  1  8  5  6  9  6  2  7  5  6  6  8  6  5  2  2  7  9  0  5  4  3  2
  3  5  4  1  2  8  3  1  3  8  8  9  1  8  2  9  1  3  9  3  2  8  5  9  3  8  3  3  1  6  6  6  3  8  1  6  8  1  4  9  5  4  3  1  9  5  0  1  5  7
  4  7  6  2  1  2  7  3  9  6  7  1  4  2  1  3  6  5  3  2  7  3  3  1  3  7  9  7  4  1  1  8  5  5  5  4  9  6  7  1  6  4  5  1  5  3  9  0  9  6
  3  6  7  9  8  1  8  3  6  8  5  7  2  3  4  6  4  8  1  8  1  7  9  2  6  4  1  2  2  7  3  4  9  1  3  2  2  2  7  2  6  3  6  4  8  2  5  5  0  6
  5  1  5  2  6  2  7  1  9  9  2  5  4  3  1  3  3  8  5  3  6  8  6  6  1  6  7  2  2  7  8  5  6  4  6  2  7  5  7  7  7  4  4  2  8  2  5  1  9  0