20 10
  0 80  1 59  2 59  3 31  4 30  5 53  6 93  7 90  8 65  9 64
  0 13  1 83  2 70  3 64  4 88  5 19  6 79  7 92  8 97  9 38
  0 64  1 85  2 76  3 11  4 14  5 99  6 88  7 35  8 27  9 44
  0 77  1 85  2 10  3  9  4 22  5 62  6 77  7 13  8 25  9 46
  0 17  1 70  2 65  3 32  4 93  5 88  6 94  7 75  8 61  9 66
  0 78  1 35  2 19  3 58  4 48  5 93  6 39  7 55  8 24  9 31
  0 82  1  2  2 77  3 98  4 10  5 34  6 74  7 80  8 97  9 48
  0  4  1 76  2 86  3 95  4  7  5 72  6 46  7 67  8 61  9 27
  0 72  1 46  2 21  3 25  4 14  5 42  6 17  7  3  8 75  9 82
  0 93  1 72  2 75  3  4  4 91  5 65  6 30  7 93  8 92  9 51
  0 68  1 69  2 96  3 45  4  5  5 39  6 62  7 54  8 73  9 90
  0 25  1 46  2  3  3 60  4 43  5 79  6 77  7 67  8 21  9 63
  0 67  1  3  2 50  3 87  4 30  5  9  6 43  7 25  8 29  9 85
  0 80  1 57  2 57  3 31  4 79  5 26  6 98  7 77  8  3  9 36
  0 43  1 71  2 66  3  1  4 39  5 72  6 48  7 38  8 96  9 69
  0 93  1 77  2 84  3 96  4 34  5 29  6 14  7 98  8 51  9 67
  0 21  1 33  2 98  3 22  4 77  5 36  6 45  7 96  8 26  9 81
  0 33  1 49  2 55  3 95  4 81  5 48  6 25  7 20  8 44  9 18
  0 14  1 59  2 70  3 73  4 11  5 57  6 98  7 15  8 56  9 81
  0 30  1 82  2 32  3 77  4 10  5 95  6 30  7 36  8 31  9 72
SSD
M0
  0  8  2  6  7  2  8  8  1  7  9  7  3  7  8  4  9  2  3  2
  3  0  6  8  8  8  7  4  1  7  5  7  7  5  1  6  7  7  3  5
  6  8  0  6  7  7  1  6  2  7  8  2  7  9  1  5  6  6  8  9
  5  7  3  0  3  6  1  1  3  6  9  9  3  1  5  6  8  3  1  9
  2  9  7  7  0  3  8  2  2  9  5  1  1  2  9  1  4  3  8  4
  4  7  8  1  1  0  5  2  9  6  8  9  4  7  4  6  4  8  1  3
  7  3  4  5  6  9  0  9  8  8  7  9  4  7  5  2  3  6  7  4
  9  5  2  5  3  9  3  0  9  9  4  2  7  5  8  7  1  9  5  7
  3  7  4  9  9  2  2  4  0  6  9  3  3  6  3  9  6  7  9  7
  2  3  1  9  5  3  4  6  3  0  6  4  4  5  6  3  5  3  8  5
  9  6  8  4  7  7  8  2  8  7  0  7  9  6  8  2  8  4  5  8
  7  7  1  2  1  2  3  4  1  1  2  0  5  4  8  4  7  9  8  8
  5  3  8  3  8  6  9  2  3  9  3  2  0  7  2  6  6  2  6  3
  9  5  9  3  9  5  6  6  4  1  6  5  9  0  5  5  2  5  9  8
  6  7  3  9  4  8  4  4  8  9  2  6  6  7  0  7  1  4  9  8
  2  4  7  2  3  6  7  5  6  1  7  6  2  4  5  0  9  5  5  2
  8  5  1  8  8  6  3  2  8  9  5  3  3  9  8  8  0  2  9  8
  2  4  3  4  3  8  8  4  6  9  4  9  1  1  5  9  1  0  6  5
  7  2  2  2  1  7  9  5  1  8  8  3  5  4  8  2  5  5  0  6
  2  4  5  8  6  8  7  2  3  5  1  9  3  6  2  4  1  5  4  0
M1
  0  1  2  8  1  4  7  3  4  6  3  1  1  1  6  6  6  3  8  7
  6  0  9  6  1  8  8  6  9  4  3  5  5  1  1  6  5  9  8  4
  8  9  0  7  5  6  8  5  2  3  2  5  2  5  9  7  6  3  2  1
  6  6  4  0  6  5  1  9  5  4  8  3  2  2  8  4  5  4  8  4
  5  6  2  6  0  6  6  9  8  8  7  3  7  3  3  2  1  2  5  2
  5  8  5  2  8  0  9  7  7  8  7  7  7  9  7  8  6  9  4  3
  7  5  9  9  1  3  0  6  8  2  4  2  9  7  7  5  4  8  1  7
  9  5  6  4  6  4  6  0  3  9  1  6  4  1  4  4  1  1  8  3
  2  7  6  9  5  4  6  1  0  4  9  3  3  2  9  6  2  9  2  7
  4  1  3  6  4  9  6  1  5  0  2  5  1  7  2  9  4  1  6  6
  6  2  9  7  2  9  4  4  9  7  0  5  5  6  8  2  5  4  5  6
  6  1  8  9  4  9  6  6  5  3  2  0  6  4  8  7  1  6  8  8
  4  5  3  7  3  8  6  7  4  8  6  5  0  9  8  4  6  8  8  6
  4  5  4  4  5  6  9  9  1  2  8  3  1  0  2  6  8  4  9  3
  5  5  4  1  7  8  8  3  8  6  8  9  9  3  0  4  9  1  2  1
  9  1  8  3  3  1  1  2  6  5  3  3  6  8  5  0  1  2  7  8
  9  4  5  6  3  4  1  5  8  9  9  1  6  9  3  9  0  1  1  8
  8  6  8  3  9  1  6  3  4  3  8  4  4  2  1  1  3  0  5  1
  3  2  8  5  2  3  9  3  3  9  3  8  7  2  5  9  8  7  0  9
  2  4  3  1  4  1  6  3  1  3  4  5  8  3  2  6  4  1  2  0
M2
  0  9  4  6  3  4  6  1  3  2  9  7  8  3  6  2  6  6  1  7
  3  0  6  6  9  8  4  8  2  7  4  1  1  2  9  8  5  2  2  6
  7  3  0  5  9  4  4  6  8  3  5  5  7  5  9  8  8  9  4  4
  1  6  8  0  8  6  1  4  8  7  6  4  8  6  9  5  7  2  2  1
  6  9  4  1  0  4  4  1  2  5  5  8  7  8  4  9  8  8  2  1
  5  8  8  1  7  0  8  8  6  9  1  9  5  2  3  5  6  2  5  3
  4  4  8  1  3  2  0  1  9  9  4  5  1  3  2  5  3  8  8  2
  8  7  5  9  4  2  8  0  7  6  9  9  2  4  3  3  7  1  8  3
  6  7  4  6  4  8  9  7  0  5  9  1  2  2  5  8  9  4  7  7
  7  4  3  7  6  9  5  3  8  0  7  1  6  7  8  8  4  9  9  5
  1  5  6  8  7  5  6  3  6  2  0  7  5  4  8  1  3  7  7  8
  1  1  3  8  1  9  6  3  7  4  2  0  1  4  3  6  1  3  9  9
  6  8  3  4  7  1  1  1  1  1  4  4  0  5  5  2  2  6  5  1
  8  1  4  7  8  8  8  9  2  8  6  5  4  0  1  5  6  1  6  6
  3  5  3  4  9  9  5  7  5  8  2  8  2  4  0  6  8  2  3  1
  2  5  6  8  5  9  3  5  8  2  9  1  2  9  4  0  2  5  5  2
  4  2  9  9  7  9  2  6  3  3  5  1  7  1  1  7  0  7  2  6
  8  3  5  7  8  5  6  7  8  5  9  2  9  4  9  2  7  0  3  6
  5  3  4  7  3  1  1  8  2  6  9  4  3  5  6  4  6  7  0  7
  8  4  1  5  9  3  6  2  4  6  8  1  7  6  9  1  1  5  4  0
M3
  0  2  8  4  3  6  6  1  4  7  4  7  1  6  2  4  8  5  6  4
  9  0  8  3  4  3  2  1  9  1  7  8  8  6  9  7  6  1  1  7
  3  5  0  1  4  2  4  8  5  1  1  7  3  6  6  9  6  9  8  7
  2  1  2  0  7  3  5  9  1  2  4  6  7  9  2  5  3  1  9  2
  4  8  7  4  0  2  1  7  4  3  3  6  4  7  1  1  5  1  1  5
  6  3  8  9  3  0  6  3  5  7  9  7  6  3  9  9  2  7  4  6
  7  7  4  2  6  1  0  2  1  1  1  6  6  8  4  8  9  9  6  9
  3  9  4  5  8  9  1  0  9  2  1  9  2  7  5  4  3  3  9  8
  6  5  5  6  8  5  1  6  0  1  3  1  8  9  2  7  3  9  3  3
  5  7  2  7  2  7  2  4  4  0  9  5  2  4  8  4  2  1  8  7
  4  7  9  9  5  1  2  3  6  2  0  5  2  2  3  3  7  3  5  6
  2  9  5  5  6  5  5  9  8  5  9  0  6  9  9  1  7  3  3  1
  7  6  1  7  9  7  6  5  4  7  9  3  0  6  3  3  1  3  8  3
  1  6  5  1  8  7  7  5  2  1  4  9  7  0  2  6  4  3  2  6
  7  7  9  8  3  4  6  8  1  4  1  2  5  1  0  8  3  5  5  1
  5  1  4  6  5  9  3  3  7  4  2  3  4  4  5  0  6  4  3  7
  6  6  5  2  6  4  9  2  2  8  9  3  7  2  1  5  0  2  3  2
  4  9  2  4  5  6  4  6  9  6  6  2  5  9  6  6  9  0  4  1
  5  5  6  8  6  7  5  5  1  4  9  9  3  4  8  9  2  9  0  9
  5  6  5  8  2  5  9  1  2  3  3  6  9  7  3  4  8  3  7  0
M4
  0  2  6  8  2  2  1  2  7  4  1  8  3  2  9  3  1  9  9  8
  1  0  9  9  5  6  5  3  7  7  3  8  1  3  1  4  6  9  8  6
  6  1  0  1  9  6  7  6  9  7  6  7  2  4  5  6  7  5  4  7
  4  4  6  0  6  1  1  4  2  1  5  3  7  9  7  2  5  2  9  1
  2  7  2  1  0  3  7  8  9  3  1  3  3  9  6  9  8  6  4  4
  7  3  1  6  6  0  8  4  4  3  7  8  6  6  5  7  8  8  1  2
  9  3  2  2  2  8  0  9  1  8  9  1  1  7  5  1  1  9  1  3
  9  3  2  9  9  1  3  0  1  8  6  2  4  9  9  7  9  6  1  6
  8  9  8  6  9  8  2  9  0  8  2  1  9  2  7  4  6  7  1  8
  3  5  3  7  9  2  8  1  2  0  9  5  2  5  5  7  4  1  7  2
  9  9  7  8  2  5  9  3  1  2  0  5  7  1  9  4  8  4  7  6
  7  6  6  9  6  7  3  6  2  7  7  0  3  6  7  3  6  7  3  7
  6  2  7  7  5  2  5  7  4  3  8  2  0  2  1  7  6  2  1  2
  3  9  9  9  6  2  5  7  6  7  2  9  3  0  2  6  4  3  8  1
  4  4  8  8  4  3  1  4  7  7  5  8  1  3  0  1  7  3  2  7
  2  6  6  4  8  3  4  4  3  7  6  6  5  8  5  0  1  7  4  9
  7  9  8  4  3  6  3  8  5  1  9  2  9  2  6  7  0  9  5  7
  8  7  9  4  9  1  3  8  8  2  5  8  1  9  1  2  1  0  1  4
  2  3  8  3  3  1  4  8  7  5  1  8  3  5  6  7  6  3  0  1
  4  1  3  9  5  2  9  4  5  5  4  8  7  2  1  4  7  6  5  0
M5
  0  1  8  7  2  9  9  8  6  8  3  6  9  4  2  8  4  2  7  1
  5  0  4  9  3  7  7  6  6  7  7  9  6  1  3  3  6  1  2  7
  4  7  0  3  3  4  7  7  1  3  2  4  6  4  4  3  3  9  4  1
  9  8  7  0  2  2  2  9  3  9  8  4  1  3  1  7  4  5  5  2
  9  5  8  9  0  9  8  6  9  5  7  2  8  4  8  2  8  6  7  5
  6  2  1  4  3  0  3  7  6  7  3  6  5  3  4  4  3  5  9  5
  7  7  1  7  4  4  0  1  3  2  3  3  7  9  2  3  2  6  5  9
  8  8  4  6  4  7  4  0  8  5  3  4  6  7  7  5  5  2  2  4
  9  1  1  5  2  1  2  7  0  7  6  1  7  1  2  7  6  6  2  3
  6  5  4  1  2  1  8  3  4  0  7  4  7  8  6  3  8  7  1  4
  2  3  1  1  7  9  1  8  8  6  0  2  6  6  5  1  9  3  4  4
  1  1  5  3  3  1  2  8  5  5  6  0  3  1  4  9  1  8  7  7
  5  3  3  7  4  5  5  5  2  4  6  4  0  7  4  6  2  8  8  9
  9  2  4  8  7  3  4  6  4  6  2  1  4  0  1  6  9  5  9  8
  1  7  9  4  7  3  9  2  6  5  1  9  8  6  0  5  7  6  6  5
  9  4  7  3  1  8  4  4  2  4  4  8  2  4  9  0  4  2  6  5
  6  4  7  9  1  6  8  2  8  5  8  5  2  7  4  6  0  1  5  8
  4  4  1  8  7  3  8  3  4  4  4  8  4  4  1  9  8  0  8  4
  1  9  7  2  4  9  8  1  9  2  8  5  4  4  4  9  9  3  0  3
  4  5  2  3  8  6  4  9  2  3  1  6  9  2  7  3  8  8  9  0
M6
  0  1  9  5  5  7  2  6  8  5  9  1  5  4  4  6  9  8  4  6
  2  0  4  8  7  5  3  6  9  7  8  2  8  5  8  9  7  7  6  2
  8  3  0  6  8  1  4  6  9  2  1  7  6  8  6  6  9  9  3  8
  3  5  9  0  6  7  3  5  1  6  4  6  6  9  4  4  1  1  7  8
  9  6  9  2  0  1  3  2  2  4  1  8  5  4  5  1  7  1  2  5
  8  8  9  3  6  0  8  9  9  9  6  1  8  6  9  4  5  7  9  6
  5  8  5  1  9  2  0  9  4  1  5  5  5  7  5  3  6  2  4  5
  7  1  1  8  2  3  3  0  1  2  4  4  8  6  3  7  5  6  2  1
  6  7  5  7  2  2  8  2  0  4  3  3  3  8  2  8  9  7  1  8
  8  1  5  7  7  5  1  2  3  0  1  9  8  4  1  1  5  1  4  4
  4  6  3  1  8  4  8  9  9  3  0  6  9  5  2  2  1  3  1  1
  6  3  1  1  5  3  9  3  1  6  5  0  8  4  2  7  1  7  1  1
  4  4  3  8  7  8  4  5  8  5  2  6  0  4  3  8  8  7  6  9
  2  5  4  3  5  6  8  4  9  4  2  2  7  0  2  8  2  7  1  6
  1  1  3  4  4  7  8  7  2  2  2  5  1  2  0  5  5  7  2  5
  7  4  4  8  7  7  7  1  2  7  5  1  9  4  5  0  7  6  6  3
  1  3  9  4  2  8  2  3  3  2  4  8  3  4  3  5  0  9  8  4
  9  2  7  8  4  5  7  9  2  2  1  7  1  4  6  5  8  0  3  6
  8  8  4  5  2  2  1  9  8  3  1  3  6  7  2  4  1  5  0  2
  2  9  6  2  3  4  2  2  5  7  3  2  8  5  5  6  3  6  5  0
M7
  0  6  2  7  2  1  7  7  8  5  7  2  6  5  7  5  7  4  5  3
  3  0  7  6  8  5  7  8  9  6  2  4  1  2  5  9  1  6  1  8
  4  3  0  2  5  4  7  3  6  2  1  2  2  2  9  6  7  2  9  9
  5  5  5  0  6  3  3  5  4  9  9  4  3  4  3  3  2  7  1  8
  3  9  7  6  0  7  1  4  5  8  4  6  6  3  5  8  8  5  4  5
  6  7  2  3  7  0  7  2  9  7  3  8  5  2  1  8  9  1  9  2
  9  3  2  6  6  8  0  4  1  4  9  2  1  3  4  3  9  9  8  4
  9  6  8  3  3  6  3  0  4  4  4  1  9  7  2  2  1  8  7  6
  4  8  2  3  9  2  6  4  0  7  8  9  3  3  2  3  7  8  9  9
  3  4  3  1  8  3  6  6  5  0  3  7  5  4  5  7  2  5  1  1
  4  8  1  1  2  5  1  6  1  7  0  3  3  1  3  1  5  5  6  3
  8  9  1  2  1  4  3  6  2  1  1  0  8  7  8  2  1  6  1  4
  2  7  8  8  5  1  9  6  7  3  3  3  0  4  9  5  3  4  2  1
  8  5  6  2  4  4  1  6  2  7  6  4  3  0  1  5  7  9  2  9
  7  8  1  6  3  5  5  3  7  8  5  8  5  4  0  5  1  5  1  3
  4  3  1  6  7  4  8  1  7  8  1  2  1  3  4  0  2  4  6  3
  3  8  9  2  1  1  9  2  9  2  2  9  5  6  3  7  0  9  4  8
  7  5  7  3  4  2  6  5  4  7  1  8  1  4  3  6  2  0  8  8
  9  6  9  8  8  1  9  2  7  5  8  4  8  5  4  4  7  2  0  7
  5  9  6  6  4  8  7  9  9  1  7  6  5  2  7  9  2  9  2  0
M8
  0  6  2  3  1  6  6  1  3  5  5  1  5  9  4  3  9  8  7  1
  3  0  6  8  7  3  4  4  1  6  6  4  8  4  4  1  7  1  6  5
  4  5  0  1  4  4  5  9  6  7  4  5  7  8  9  9  4  3  4  1
  5  6  5  0  4  1  8  6  9  8  8  3  6  9  1  2  9  4  9  5
  9  7  9  4  0  7  1  2  2  5  1  2  4  1  1  3  6  6  4  9
  9  6  2  1  2  0  3  4  3  3  5  6  2  7  8  3  5  1  8  6
  8  6  1  1  7  9  0  2  5  1  2  6  6  2  2  1  6  3  5  8
  7  3  5  7  8  2  4  0  9  3  3  4  2  7  5  1  6  1  4  2
  3  5  4  1  3  6  2  7  0  7  1  3  3  7  2  1  9  6  9  5
  1  9  8  7  6  4  7  7  4  0  3  5  5  7  8  8  9  6  3  8
  6  9  7  2  7  1  3  6  5  3  0  1  8  5  5  7  3  9  3  4
  3  4  6  4  9  2  3  8  5  5  2  0  5  1  6  6  9  5  1  9
  3  2  4  4  7  6  3  1  5  9  4  3  0  9  9  9  2  7  3  6
  9  2  5  8  3  4  2  3  4  7  3  7  4  0  8  1  1  6  6  8
  4  2  1  6  4  1  9  3  9  9  8  6  5  2  0  7  4  3  1  1
  2  3  6  6  8  4  1  8  9  2  2  9  5  7  7  0  8  7  9  7
  7  6  9  5  6  6  3  4  7  3  5  6  8  3  7  7  0  6  1  1
  8  8  7  2  8  2  1  5  3  9  4  4  8  3  8  9  9  0  5  9
  1  2  7  3  6  4  6  9  8  2  3  2  7  9  7  3  9  9  0  1
  4  1  7  6  9  8  1  9  6  1  3  6  1  1  5  6  7  2  9  0
M9
  0  8  5  1  9  1  4  5  5  1  2  2  4  4  3  1  9  1  9  6
  7  0  3  2  9  5  9  7  7  5  4  8  3  9  6  1  5  2  4  3
  7  1  0  3  9  5  3  1  2  7  6  3  1  8  2  8  3  4  5  9
  7  4  9  0  2  5  9  1  5  8  2  8  8  4  8  4  5  8  3  7
  6  3  2  3  0  4  4  1  1  6  7  3  7  7  1  8  6  9  6  9
  5  1  8  8  5  0  6  2  9  1  7  7  2  3  9  6  4  2  7  6
  1  2  7  1  4  5  0  6  9  9  5  4  4  8  1  6  4  7  6  1
  7  2  4  8  7  9  6  0  7  1  4  2  3  8  3  6  5  9  7  3
  1  7  5  8  8  7  7  5  0  9  9  6  8  2  8  5  8  3  1  4
  9  6  1  4  2  8  9  1  9  0  5  5  8  5  9  1  4  3  8  7
  6  5  9  6  2  5  8  2  1  2  0  9  1  8  4  1  7  2  7  2
  7  8  3  5  2  8  1  3  4  6  6  0  1  1  4  4  3  7  8  6
  3  9  6  8  5  3  7  9  3  9  9  6  0  6  1  2  4  5  4  8
  3  8  1  1  1  6  9  5  7  6  9  1  2  0  1  9  4  5  6  7
  2  6  7  6  9  7  1  4  4  3  9  4  3  8  0  1  1  6  8  3
  7  6  6  6  4  5  7  9  4  8  5  6  1  6  4  0  5  8  8  1
  3  4  3  3  9  1  1  5  1  7  2  3  4  1  8  7  0  7  3  8
  3  9  7  1  3  4  9  5  3  2  6  7  5  5  5  2  2  0  6  9
  1  1  3  6  4  4  6  5  6  6  6  1  1  2  6  4  5  5  0  8
  3  1  2  7  4  7  7  2  8  7  4  2  4  9  7  3  8  9  3  0