50 5
  0 12  1 26  2 27  3 52  4 24
  0 72  1 89  2 97  3 30  4 57
  0 29  1 86  2 53  3 62  4 68
  0 16  1 10  2 16  3  8  4 58
  0 22  1 16  2 36  3 45  4 76
  0 61  1 72  2 28  3 77  4 70
  0 69  1 96  2 50  3 90  4 72
  0 71  1 47  2 41  3 52  4 56
  0 86  1  9  2 42  3 39  4 56
  0 16  1 56  2 86  3 95  4 55
  0 54  1  8  2  2  3 86  4 89
  0 53  1 69  2 45  3 15  4 23
  0 64  1 87  2 86  3 98  4 42
  0 96  1 84  2 43  3 59  4 26
  0 79  1 62  2 92  3 22  4 87
  0 68  1 52  2 73  3 43  4 17
  0 98  1 82  2 99  3 85  4 38
  0 87  1 66  2 84  3 93  4 24
  0 40  1 67  2 83  3  6  4 82
  0 74  1 33  2 61  3 46  4 55
  0 22  1  3  2  7  3 51  4 47
  0 23  1 53  2  8  3 97  4  7
  0 47  1 95  2 62  3 79  4 99
  0 55  1 42  2  3  3 46  4 89
  0 21  1 59  2 21  3 71  4 20
  0 90  1 77  2 50  3 18  4 65
  0 68  1 38  2 71  3 33  4  3
  0 14  1 12  2 95  3 13  4 45
  0 42  1  1  2 70  3  3  4 89
  0 41  1 66  2 60  3 32  4 96
  0 40  1 24  2  4  3 28  4 16
  0 63  1 17  2 58  3 48  4 42
  0 23  1 58  2 16  3  8  4 70
  0 75  1 71  2 30  3 42  4 69
  0  4  1 88  2 80  3 26  4 77
  0 31  1 63  2 71  3 26  4 46
  0 87  1 60  2 59  3 95  4 20
  0 25  1 86  2 75  3 44  4 71
  0 47  1  8  2 52  3 74  4 91
  0 70  1  8  2 25  3 82  4  8
  0  1  1 44  2 86  3 28  4 34
  0 49  1 99  2 48  3  4  4 72
  0 59  1 80  2 53  3 42  4 40
  0 11  1 76  2 54  3 81  4 82
  0 93  1 94  2 98  3 56  4 60
  0 38  1 75  2 36  3 38  4 59
  0  5  1 63  2  9  3 50  4 59
  0 43  1 57  2 78  3 12  4 43
  0 82  1 76  2 80  3 43  4 72
  0 33  1 34  2 88  3 51  4 10
SSD
M0
  0  2  7  3  2  2  6  7  7  8  2  5  5  6  9  8  7  9  8  4  7  2  3  5  5  2  9  7  2  4  4  4  6  3  7  1  3  8  3  5  7  1  5  6  1  9  4  1  4  8
  3  0  3  9  8  1  2  7  9  5  1  6  1  7  8  8  6  5  8  6  7  3  1  5  9  4  6  7  4  2  1  6  3  2  6  7  8  6  6  8  1  1  4  9  8  7  9  7  6  6
  7  4  0  3  9  5  2  4  3  5  4  4  8  1  5  8  4  9  7  9  8  8  6  1  1  6  1  2  5  7  9  7  6  1  6  2  3  8  7  6  7  5  3  8  5  5  5  9  4  1
  8  8  8  0  5  3  6  1  5  7  9  5  4  9  8  2  9  6  2  4  8  9  1  5  5  9  8  5  7  2  3  2  1  3  3  5  1  4  3  3  9  4  7  8  3  1  4  8  6  4
  5  2  4  5  0  3  6  7  6  7  7  7  6  6  5  9  3  4  3  8  2  4  3  8  5  5  1  9  9  2  6  1  5  9  9  2  4  7  7  7  5  2  7  9  1  4  7  4  8  6
  6  6  4  7  1  0  6  7  2  4  1  3  7  9  5  4  4  1  3  9  5  3  2  1  3  6  8  8  2  2  8  1  4  2  7  2  9  5  2  1  3  8  6  1  9  8  9  3  6  4
  7  8  6  9  8  7  0  4  2  4  7  3  6  3  1  1  5  1  9  5  7  7  5  8  6  6  9  7  5  5  2  9  6  6  3  9  6  8  1  8  7  1  6  1  2  5  1  7  2  5
  7  2  4  4  2  2  2  0  2  2  1  1  9  1  3  4  2  4  7  9  6  9  1  5  6  2  6  3  8  2  3  4  5  9  6  5  7  8  1  2  3  1  4  3  5  3  1  1  3  3
  4  4  4  9  7  3  3  2  0  1  4  5  5  5  8  9  2  2  9  5  7  9  2  9  1  9  9  7  1  6  7  7  2  2  6  9  5  7  1  2  1  1  4  3  4  6  2  5  1  6
  7  9  1  4  7  5  4  2  4  0  3  9  5  3  6  8  1  3  8  2  9  4  7  8  1  6  4  1  6  9  7  2  3  3  5  3  3  4  6  3  8  3  9  2  5  2  7  4  2  5
  6  4  8  5  7  9  2  6  5  9  0  3  7  4  6  2  6  1  1  1  1  4  6  1  2  7  8  1  3  6  8  8  2  2  1  4  6  5  8  2  2  1  1  8  8  7  1  2  6  5
  4  3  9  9  6  8  1  2  9  9  5  0  5  9  6  4  2  7  7  2  4  1  1  7  4  6  2  3  8  4  5  8  7  2  8  4  8  3  7  4  5  9  2  4  4  7  4  3  5  6
  4  3  8  1  1  3  8  8  1  6  5  2  0  5  1  2  2  8  4  7  1  5  5  3  3  2  6  6  4  1  2  5  8  5  3  8  1  1  8  1  1  7  6  4  4  1  9  1  8  5
  3  4  8  3  7  6  9  5  6  5  8  7  8  0  6  5  5  2  6  1  1  5  2  3  7  1  7  7  8  8  9  7  6  9  2  5  2  5  2  3  1  7  1  2  9  2  4  1  1  7
  4  6  1  7  4  8  5  6  4  5  5  8  5  5  0  5  4  7  9  7  2  3  2  3  9  1  4  9  4  3  6  8  1  4  9  6  1  5  9  1  5  6  7  6  2  8  9  9  6  7
  2  9  9  2  6  3  8  4  1  3  4  7  8  6  9  0  3  4  5  9  8  8  9  5  4  2  5  3  7  1  2  8  2  9  9  1  8  4  5  5  2  6  4  6  3  2  3  5  3  2
  8  7  1  7  3  3  9  6  3  4  8  1  6  8  4  9  0  4  2  3  2  5  8  6  4  5  7  2  6  2  8  4  3  2  5  2  1  4  7  9  9  3  7  9  7  6  8  8  1  4
  8  8  7  3  2  7  3  5  9  6  3  8  5  5  4  2  8  0  9  9  5  6  9  8  1  2  1  3  5  3  4  9  6  3  8  8  5  7  2  9  9  3  2  2  8  3  7  1  1  3
  6  7  7  9  5  4  2  3  5  3  8  2  1  3  7  1  4  9  0  3  5  8  3  4  4  4  1  7  9  2  4  8  8  9  9  1  2  1  1  9  9  8  8  5  5  5  3  6  3  6
  8  6  5  9  4  7  5  3  6  9  6  4  1  8  6  1  6  8  1  0  2  8  8  6  5  1  2  6  6  8  3  7  9  9  1  6  6  3  6  8  1  7  8  3  4  5  4  2  8  7
  7  2  7  7  4  8  7  8  7  2  4  1  2  8  9  5  7  1  2  6  0  5  9  4  4  1  5  8  6  8  7  2  4  2  2  1  9  6  5  2  1  2  8  6  1  4  3  8  8  7
  8  8  3  9  1  8  6  1  3  8  5  7  7  7  3  3  5  7  8  4  1  0  3  7  3  1  1  5  4  2  4  3  5  9  3  3  8  7  4  9  4  2  1  5  3  2  2  4  9  5
  8  4  4  1  7  6  7  7  6  5  4  6  1  4  3  3  3  9  3  3  5  9  0  5  8  3  6  8  9  3  3  4  8  3  5  4  5  4  1  7  6  7  2  3  7  5  9  8  8  5
  2  2  2  4  8  6  3  6  3  2  5  4  1  5  6  2  7  4  6  3  7  9  7  0  3  5  3  5  1  8  1  5  9  2  6  6  8  3  4  1  1  7  1  7  6  2  2  5  3  4
  8  7  8  1  6  9  1  7  1  5  8  5  6  8  9  9  9  9  9  9  1  1  2  6  0  1  4  3  1  1  4  9  7  7  9  7  1  3  4  8  9  6  4  3  9  5  9  1  7  9
  8  8  6  9  2  1  5  9  6  1  3  8  4  2  6  8  1  3  2  3  3  6  8  7  4  0  8  9  1  5  8  6  3  6  7  8  5  6  5  4  5  8  7  5  1  3  7  5  2  7
  7  8  3  3  6  2  9  5  8  7  9  7  8  5  7  4  7  2  9  4  2  3  5  3  8  7  0  1  7  9  6  5  7  1  2  2  8  6  1  7  2  7  1  5  6  5  4  2  6  1
  4  8  9  6  9  6  3  6  9  9  1  8  4  1  7  6  4  1  3  3  2  3  5  3  9  1  2  0  3  4  7  9  8  7  6  5  1  6  1  6  3  7  4  3  6  1  1  9  5  8
  1  2  3  7  6  9  3  9  5  7  7  7  8  1  7  5  1  9  9  7  4  3  7  8  2  1  9  7  0  1  6  5  2  1  5  9  5  6  5  6  7  1  2  6  8  4  5  6  4  7
  5  8  3  2  3  3  5  8  6  9  9  7  5  2  9  2  4  7  4  6  9  4  7  9  1  7  1  2  3  0  1  2  8  1  3  8  3  6  1  9  5  7  6  5  6  6  6  7  2  1
  8  6  6  5  5  9  3  4  2  2  1  5  1  3  2  3  4  2  3  6  9  4  4  1  1  6  6  2  5  4  0  3  8  9  9  8  9  2  1  7  9  1  5  5  6  2  9  5  8  4
  2  7  9  9  4  2  6  1  5  8  7  6  5  8  3  8  2  7  1  3  2  5  1  3  1  6  3  2  7  8  2  0  4  6  7  2  8  4  7  8  2  5  4  5  5  3  7  8  5  1
  8  9  1  9  8  4  6  7  5  9  8  5  6  2  2  1  3  2  5  3  6  4  6  8  8  2  3  3  5  4  8  5  0  1  4  1  4  8  5  2  8  2  1  8  4  4  8  2  9  5
  5  4  7  6  8  1  8  8  5  9  9  3  8  3  1  5  3  9  2  5  3  6  4  5  8  7  5  8  9  4  3  7  7  0  4  3  9  9  8  4  7  1  1  2  5  3  5  1  8  4
  8  8  4  7  3  1  1  4  2  4  6  4  4  5  9  8  4  2  3  1  1  6  4  4  1  1  7  1  8  4  2  1  5  3  0  4  1  2  5  7  5  3  2  4  8  1  7  1  1  9
  6  6  4  3  7  7  8  2  9  5  2  8  8  6  8  3  2  8  8  4  1  6  3  6  8  6  6  8  5  7  2  1  8  6  6  0  8  7  8  6  2  7  8  1  4  7  7  2  7  7
  1  6  6  1  1  5  4  2  8  4  6  8  3  3  9  7  6  2  8  3  7  8  1  5  3  4  7  4  3  8  6  4  6  8  4  9  0  1  5  8  7  4  5  7  6  9  1  8  5  1
  1  6  3  8  5  5  2  5  5  7  8  1  9  2  1  4  3  8  7  6  7  7  7  6  4  7  1  1  1  3  9  2  9  3  7  2  1  0  5  3  5  4  6  5  1  6  1  9  6  9
  1  7  9  4  8  5  4  4  1  2  1  6  4  4  2  3  8  3  9  8  8  3  5  1  2  3  3  3  6  8  4  4  4  4  1  3  7  5  0  6  8  8  4  3  8  1  1  8  9  7
  7  5  7  3  4  5  9  6  7  9  6  7  1  2  1  1  3  5  4  3  7  9  3  8  1  7  2  6  9  1  4  4  4  7  5  5  7  2  4  0  4  3  2  3  5  5  8  5  9  2
  5  5  7  2  4  2  2  3  2  6  7  5  4  8  5  5  4  1  6  9  9  5  8  4  8  8  6  5  6  3  6  3  9  7  5  9  4  6  9  6  0  1  2  8  4  7  8  2  2  4
  2  9  8  9  3  7  7  3  5  3  7  9  5  7  4  2  4  3  3  9  2  3  8  5  1  4  7  2  4  2  1  9  8  1  7  8  4  2  9  8  8  0  8  5  7  8  2  1  3  2
  7  3  7  8  2  3  5  8  1  3  7  1  1  9  1  8  6  5  7  8  5  7  4  9  5  1  1  2  9  1  8  4  9  9  9  9  9  6  2  9  1  2  0  3  6  5  1  2  9  5
  5  2  1  8  6  1  5  4  6  8  9  7  5  3  2  1  6  4  7  5  9  9  7  7  7  6  2  3  4  6  7  9  3  3  6  6  7  9  8  6  5  6  3  0  7  1  3  2  4  9
  1  5  5  8  1  7  7  3  7  4  3  6  9  7  2  1  5  7  9  1  1  8  4  3  8  1  5  7  2  1  7  2  6  1  4  3  6  7  2  5  5  3  3  6  0  5  4  8  4  9
  1  6  9  7  9  5  4  1  8  1  8  3  3  5  6  5  6  2  4  6  7  7  7  7  3  3  3  4  6  4  7  4  1  5  1  5  1  5  8  9  8  4  8  4  3  0  4  4  2  1
  5  6  5  7  7  2  3  2  3  5  2  1  3  5  8  8  8  8  4  2  9  7  7  4  5  7  8  7  3  4  7  2  6  5  5  2  4  5  9  5  6  1  3  8  6  1  0  3  8  2
  9  6  6  4  1  1  2  9  6  3  2  3  9  4  8  8  5  6  3  7  2  3  4  4  7  2  5  4  1  9  7  5  8  5  4  6  4  5  7  1  4  3  6  3  7  5  9  0  2  6
  7  3  7  4  2  6  2  5  1  2  1  1  8  5  1  2  8  2  4  5  8  6  8  4  2  2  2  9  6  7  9  1  8  6  4  7  6  8  6  9  1  2  2  3  9  5  4  1  0  6
  4  7  4  8  3  3  2  7  4  2  3  6  3  9  4  2  1  9  9  1  6  8  4  6  4  6  1  1  3  4  6  8  7  4  6  6  5  5  4  8  4  2  8  2  3  6  9  9  5  0
M1
  0  5  6  1  1  2  6  8  1  3  3  8  4  1  1  5  2  3  6  3  4  9  4  2  5  6  7  3  6  5  7  1  1  9  5  3  4  4  5  1  4  3  1  8  8  7  5  2  4  5
  3  0  5  5  7  1  7  6  1  9  6  6  7  8  6  2  5  7  6  7  2  1  1  2  4  6  7  9  9  2  3  1  2  7  9  5  6  6  5  9  7  1  2  5  4  9  8  3  3  8
  7  3  0  4  9  9  6  6  4  1  9  1  1  7  4  2  3  4  3  3  3  8  2  9  8  6  6  6  6  9  4  9  4  5  9  5  3  7  7  1  5  8  9  9  8  8  6  3  7  6
  4  5  7  0  3  8  8  8  3  9  8  7  4  5  2  6  8  5  5  2  3  7  7  7  6  5  4  9  2  1  2  3  9  3  3  6  8  7  5  9  9  5  5  6  2  2  1  1  5  3
  4  6  6  3  0  8  5  1  2  8  8  7  5  5  2  1  3  5  4  8  6  4  1  8  4  8  1  4  2  8  3  9  6  8  4  6  4  2  5  8  3  3  8  8  2  6  2  5  8  6
  6  6  9  6  2  0  7  1  2  6  8  5  6  1  9  8  9  5  9  9  5  7  1  7  1  7  2  7  6  9  8  2  9  5  4  8  8  2  3  9  8  8  7  9  1  5  5  1  8  8
  1  8  7  6  7  5  0  9  6  8  6  8  7  9  5  8  4  5  5  5  8  6  4  9  4  9  2  3  4  3  9  9  3  5  2  9  6  2  1  7  4  7  9  2  4  2  5  8  6  7
  4  2  9  9  3  9  5  0  8  4  2  8  7  2  4  8  5  2  6  1  2  9  3  1  9  5  3  3  7  1  3  9  9  2  3  3  2  5  1  7  9  5  6  4  6  1  3  5  8  5
  7  3  3  1  2  7  4  4  0  8  3  4  7  5  8  2  9  3  9  2  6  3  2  2  2  1  4  6  3  2  9  3  2  4  5  1  1  4  3  1  7  6  5  9  7  2  8  7  9  5
  9  7  3  5  3  3  9  9  2  0  3  1  4  8  5  7  7  3  5  8  1  2  1  3  4  4  8  9  7  7  8  8  7  4  8  9  8  7  8  1  2  1  6  2  4  5  8  9  3  2
  2  5  4  9  5  3  4  2  9  8  0  4  9  5  3  8  3  8  7  8  9  8  6  3  2  6  3  2  9  7  6  4  6  1  3  9  1  9  2  4  8  3  9  1  3  3  6  2  5  9
  5  4  6  2  8  2  4  3  7  2  1  0  2  9  6  7  6  2  3  2  9  5  3  4  1  1  7  1  7  9  9  4  6  4  2  7  1  1  7  9  7  6  5  6  2  9  4  5  6  4
  7  4  5  4  8  4  5  4  9  2  3  6  0  2  3  3  1  8  1  3  9  4  2  6  7  8  7  1  6  3  7  9  6  8  4  3  7  7  4  8  6  5  7  1  8  2  4  4  6  8
  7  1  3  9  1  9  4  8  1  9  2  1  7  0  4  2  2  9  5  6  5  9  1  4  2  1  9  2  8  7  4  6  7  5  2  9  9  8  1  8  1  6  6  2  1  8  7  2  3  1
  9  6  6  3  9  1  4  7  8  4  2  7  8  4  0  4  4  8  7  4  4  5  6  4  1  4  7  3  9  2  5  8  5  8  7  7  8  6  3  1  9  7  6  3  3  3  5  4  1  8
  6  7  7  6  6  7  2  2  4  1  1  8  5  7  2  0  7  1  6  6  5  2  7  2  2  1  8  4  8  4  6  8  8  5  6  9  5  8  4  8  4  4  8  5  6  5  8  6  1  2
  5  3  7  7  1  8  3  6  1  8  1  9  3  3  8  2  0  3  1  6  8  4  1  5  1  9  1  4  1  8  8  6  4  8  7  2  2  3  9  5  2  7  8  7  9  3  2  7  9  1
  2  1  6  5  6  1  9  7  3  7  4  8  9  5  1  6  1  0  5  6  8  5  8  2  8  6  8  8  2  7  6  8  2  5  7  4  7  8  6  7  5  6  9  2  1  1  8  2  3  4
  6  3  5  4  4  9  4  7  4  6  4  3  4  6  8  4  1  5  0  1  5  2  5  7  3  7  4  5  7  8  2  6  9  9  7  6  4  4  3  5  4  6  8  1  7  2  5  1  8  2
  2  2  5  7  3  8  8  9  2  5  6  3  3  6  6  7  7  8  1  0  6  8  7  8  8  9  5  6  6  7  6  9  6  2  8  8  2  2  2  3  1  1  1  8  2  9  6  6  5  3
  2  1  7  6  7  7  3  6  8  6  8  9  5  8  1  6  5  4  5  4  0  7  9  6  5  9  4  3  7  3  7  9  2  2  9  4  5  9  7  6  4  5  1  2  8  1  1  6  5  4
  5  8  1  5  5  9  2  5  6  3  8  3  2  4  3  4  5  8  6  9  3  0  4  6  6  6  2  4  1  8  5  8  2  4  4  3  5  1  8  4  5  5  5  6  2  4  2  6  7  1
  3  8  8  1  5  2  1  8  2  3  9  1  3  1  5  4  9  4  3  1  1  7  0  2  6  1  1  4  4  1  2  2  6  3  1  5  1  7  3  5  4  7  5  7  7  6  6  7  2  4
  7  5  3  4  6  6  7  5  6  3  9  9  9  8  9  8  1  8  3  1  9  2  2  0  2  7  8  6  1  7  8  9  6  5  4  2  9  7  8  4  2  9  3  4  4  4  3  9  7  7
  9  6  2  5  5  9  7  2  3  4  3  8  8  8  7  9  2  8  5  2  5  5  4  2  0  5  8  8  9  1  1  2  2  6  1  3  8  7  1  2  3  2  5  6  1  2  2  9  6  3
  7  3  8  7  9  4  3  5  2  7  9  3  1  4  6  4  9  7  6  6  7  2  6  3  5  0  3  3  7  6  9  2  3  5  7  4  8  1  9  5  5  7  2  2  9  1  9  8  8  7
  9  1  2  9  7  3  5  3  5  6  9  2  8  4  9  9  3  6  7  7  7  8  2  3  6  6  0  4  8  3  5  1  1  4  2  6  3  5  6  5  2  1  3  4  4  3  3  4  4  6
  2  2  7  5  7  4  4  3  2  4  6  5  2  6  7  3  3  9  2  2  4  7  3  1  6  1  9  0  4  2  8  5  2  6  3  1  3  4  3  4  4  1  8  3  3  9  7  4  1  2
  7  1  3  1  6  6  4  8  4  1  9  7  8  3  2  1  8  3  7  2  5  4  9  4  6  1  2  5  0  1  4  2  1  8  6  8  2  6  3  9  7  2  1  6  4  8  2  9  3  6
  3  9  4  6  1  1  8  9  4  1  8  3  8  7  2  3  9  4  8  2  2  5  3  1  8  2  3  2  5  0  7  7  2  7  8  9  5  4  6  9  5  2  5  1  7  7  7  3  6  9
  2  9  8  6  1  2  8  4  3  3  3  9  4  2  4  3  7  8  5  6  9  5  5  6  6  8  4  2  4  5  0  7  9  1  5  9  5  9  7  9  3  6  9  2  7  9  2  9  7  6
  5  5  2  9  6  5  7  7  3  7  9  2  9  6  8  1  4  5  6  1  5  3  3  2  7  8  3  7  8  9  7  0  2  3  4  4  3  5  6  3  9  1  7  8  2  4  7  8  4  4
  1  8  6  9  7  8  8  4  8  7  4  1  2  6  8  1  5  7  9  7  8  5  8  2  3  6  1  1  2  7  1  2  0  7  7  2  1  3  7  4  7  2  3  2  2  4  9  1  5  9
  2  1  4  3  3  5  9  3  2  8  5  8  3  5  5  6  4  5  9  4  5  4  5  1  8  9  9  1  6  4  3  1  5  0  7  3  5  1  2  7  3  9  6  6  3  6  7  4  2  5
  8  8  2  1  9  4  5  8  6  8  1  8  3  8  6  8  3  5  6  4  9  6  3  4  1  6  9  5  6  2  7  9  1  2  0  3  3  7  7  6  8  8  4  5  8  8  3  8  7  4
  3  3  3  8  5  2  4  7  6  4  3  3  2  3  8  2  2  4  9  8  4  6  7  8  1  6  4  1  8  4  9  3  4  3  3  0  1  2  7  4  5  4  3  8  1  7  6  4  8  4
  9  1  6  7  5  5  8  7  1  6  6  1  7  8  1  6  7  1  4  9  4  1  7  3  8  6  5  6  2  6  5  8  9  6  3  2  0  7  8  6  5  5  3  3  5  9  6  8  3  8
  2  9  6  8  5  1  4  7  7  7  7  3  3  5  7  3  4  5  4  8  6  5  6  4  6  1  8  2  7  3  3  4  2  4  2  7  6  0  3  7  4  5  1  3  8  9  1  7  9  8
  7  2  1  5  8  6  2  1  9  9  9  3  1  2  4  8  7  8  1  4  9  3  5  1  2  7  2  3  8  4  3  3  6  9  2  1  6  4  0  3  1  9  6  7  8  6  7  6  4  3
  5  4  9  1  1  8  4  5  4  6  4  5  3  1  8  3  7  1  6  7  4  5  6  8  8  6  9  5  3  8  8  8  5  9  4  7  9  1  2  0  9  9  4  7  7  4  7  1  5  2
  8  8  2  6  3  8  2  2  9  4  9  4  2  8  4  8  8  5  8  5  4  3  9  9  4  6  5  1  9  3  4  9  1  6  5  4  3  1  1  1  0  9  7  9  7  6  9  7  8  2
  8  1  9  8  2  4  1  8  3  1  1  7  5  9  7  5  1  9  5  1  7  5  3  5  9  9  6  7  9  4  9  3  7  4  6  2  6  3  7  2  2  0  4  8  2  9  3  2  9  5
  5  3  7  4  6  8  1  6  8  6  2  9  9  9  3  1  7  6  6  1  7  9  2  8  1  8  2  5  3  9  7  8  9  2  4  7  5  5  1  6  8  5  0  6  8  1  9  2  1  1
  1  3  8  6  3  8  4  2  5  7  3  3  4  3  5  5  6  6  9  1  7  1  5  8  3  3  2  2  3  2  5  5  5  3  6  4  8  2  4  4  6  9  7  0  9  1  7  9  4  2
  2  4  9  4  3  5  3  1  5  9  8  6  9  9  5  1  3  1  3  7  1  6  6  5  8  6  8  5  8  7  3  9  2  6  5  7  1  4  9  1  6  2  6  5  0  8  1  3  6  7
  8  7  3  2  7  3  5  1  4  1  6  2  5  4  7  9  2  4  8  1  1  8  9  6  6  6  5  9  5  1  6  4  8  3  1  2  2  6  6  3  5  3  2  4  2  0  1  6  7  1
  1  7  8  7  1  3  8  2  9  3  1  7  1  3  7  1  7  7  7  6  5  5  4  5  2  3  6  2  7  1  3  7  8  1  8  7  5  2  6  6  7  6  3  1  3  2  0  6  5  1
  3  4  5  5  4  1  4  4  3  1  3  9  1  7  9  3  9  9  3  5  5  3  4  9  8  9  6  5  6  5  4  5  5  7  2  8  7  8  1  7  7  1  4  4  6  1  5  0  9  5
  7  9  7  3  8  5  2  4  3  4  3  1  7  4  8  7  3  9  6  3  8  6  5  1  9  3  5  6  5  3  1  6  7  2  2  1  6  9  6  4  4  3  5  3  7  7  1  6  0  3
  1  6  3  5  6  8  3  3  5  5  9  3  5  4  6  3  5  5  4  7  9  8  7  8  2  7  6  6  3  3  3  3  3  7  4  3  5  8  3  4  4  9  6  1  4  3  1  7  1  0
M2
  0  7  6  2  3  5  6  8  6  8  9  6  7  1  2  9  2  3  8  7  9  6  2  8  6  5  5  1  5  2  3  5  6  3  4  1  5  4  7  7  1  7  9  2  6  1  4  1  7  5
  6  0  8  7  6  2  6  7  3  8  2  1  9  7  5  4  9  4  6  6  2  7  3  9  2  7  8  6  9  6  4  1  1  8  8  1  5  6  2  5  1  5  9  1  8  6  7  9  5  2
  8  5  0  5  2  2  3  6  8  7  5  6  5  5  9  5  4  6  3  4  7  8  1  1  1  9  9  1  4  4  6  1  3  7  3  7  3  9  9  5  5  1  2  7  5  9  8  1  2  9
  7  3  5  0  3  3  9  4  6  4  8  1  7  9  4  5  4  2  2  3  7  9  8  8  9  4  4  5  8  3  1  3  8  9  4  9  2  6  4  8  8  4  2  1  1  4  4  1  7  4
  7  1  8  6  0  9  9  5  6  4  8  7  4  5  3  5  2  7  6  8  8  9  8  6  6  5  2  3  5  6  7  5  4  3  4  6  6  9  2  9  8  9  2  5  7  3  3  7  2  1
  9  3  2  1  4  0  2  6  6  1  7  1  2  1  4  9  6  4  7  5  9  7  8  6  1  9  4  2  8  8  8  3  9  4  3  3  9  7  5  1  7  1  4  3  9  6  7  7  6  5
  5  4  4  9  4  2  0  6  3  6  7  9  3  4  8  6  5  4  3  3  8  6  4  8  4  4  7  3  3  4  1  2  8  5  5  7  8  5  8  6  1  8  4  4  4  3  2  1  2  8
  5  1  8  3  2  5  1  0  8  6  2  4  5  3  6  5  2  7  2  4  8  3  4  5  3  3  8  3  8  7  2  1  7  5  9  7  9  2  4  5  5  4  8  7  5  2  7  5  9  2
  1  3  7  1  3  9  3  9  0  6  9  8  2  6  3  1  5  4  7  9  2  5  5  1  5  9  5  7  1  8  4  1  2  5  7  1  9  8  1  4  6  2  9  5  9  1  6  4  8  5
  3  1  2  3  8  9  8  5  8  0  5  5  1  6  5  4  3  2  8  2  5  5  8  5  2  1  6  2  7  6  5  4  7  1  3  9  1  2  6  9  4  9  8  3  6  6  2  7  1  9
  7  4  4  4  1  1  6  1  8  8  0  7  3  8  4  1  5  4  9  6  6  7  1  4  7  7  3  4  9  4  9  7  9  4  7  4  4  4  4  3  8  9  6  7  2  3  7  8  7  3
  6  8  2  6  4  7  6  9  8  6  9  0  3  9  2  6  8  3  2  4  2  9  6  6  5  1  8  5  8  8  9  6  7  1  4  2  8  5  3  9  8  6  7  9  2  7  2  7  6  9
  5  8  6  1  8  3  9  1  1  4  2  3  0  8  6  5  2  4  1  8  9  7  8  7  1  3  4  8  7  5  4  8  3  3  7  1  5  7  1  9  5  5  6  4  1  9  4  4  1  6
  5  5  6  8  2  7  9  7  9  8  2  4  7  0  1  5  8  8  4  5  4  1  4  3  1  8  1  9  6  3  3  8  5  3  6  1  3  1  3  6  9  7  5  5  3  4  4  6  6  4
  2  7  2  8  1  3  8  3  4  6  9  8  3  8  0  2  6  5  6  3  6  8  5  2  6  5  3  7  6  1  2  2  2  9  8  3  8  4  9  3  7  1  2  3  9  2  5  4  5  4
  8  6  3  1  2  2  1  7  9  3  4  1  5  9  3  0  9  5  9  6  1  6  3  7  4  8  6  5  2  2  3  8  5  7  7  9  7  9  3  3  8  8  2  3  8  3  2  1  4  9
  9  6  1  6  4  1  7  4  6  1  7  5  6  4  5  6  0  7  7  9  8  6  6  6  6  7  7  8  5  6  1  7  5  6  5  6  2  2  4  4  1  2  6  9  3  3  9  7  8  8
  5  8  5  4  3  3  5  5  3  3  1  4  3  9  7  9  7  0  1  8  7  3  2  4  5  5  9  7  1  7  1  6  2  8  7  7  9  5  9  8  2  2  1  5  7  8  2  7  6  1
  7  8  1  8  4  4  7  7  7  6  4  1  9  9  9  7  3  9  0  2  1  2  2  6  1  6  5  2  9  2  4  5  5  3  4  3  2  9  5  1  8  9  3  5  1  2  5  2  1  9
  4  8  7  1  3  8  5  1  8  3  3  8  5  3  3  9  4  9  5  0  6  6  7  9  1  3  1  7  9  8  9  3  9  8  9  4  7  8  3  1  9  6  7  7  5  1  9  7  9  3
  3  5  4  7  9  5  5  5  5  7  1  6  7  5  4  8  1  3  2  6  0  9  9  7  3  1  1  8  8  5  8  3  3  7  7  2  2  1  2  5  6  5  5  6  2  4  9  7  7  2
  8  8  6  6  7  6  7  1  6  2  3  5  8  8  4  6  1  7  5  9  6  0  9  1  7  1  2  7  1  3  4  4  1  8  4  2  2  2  4  7  1  4  3  7  6  7  8  4  2  2
  5  2  1  5  2  5  3  2  8  2  6  2  1  3  6  3  1  1  4  5  3  6  0  4  9  2  6  6  1  2  6  2  4  9  4  3  9  7  6  9  4  5  2  4  5  5  8  9  3  4
  1  3  2  6  9  8  4  1  5  5  5  3  4  9  2  5  9  8  9  8  4  1  1  0  2  8  8  9  9  9  8  4  9  3  1  3  1  2  5  6  1  1  4  5  7  2  2  1  3  6
  8  3  2  8  5  9  3  3  4  1  5  5  2  1  7  1  4  4  6  7  2  3  5  1  0  3  2  4  4  1  7  1  3  8  1  4  8  7  4  9  8  5  4  7  5  6  9  6  9  4
  9  1  3  1  8  6  9  3  2  7  1  8  9  5  8  5  7  5  6  2  3  9  2  5  2  0  5  7  5  8  9  5  6  3  3  4  9  2  3  8  1  6  2  5  5  7  7  7  5  6
  1  5  4  7  9  4  6  7  1  5  6  4  9  9  6  7  7  5  9  9  2  3  6  6  8  6  0  1  6  7  5  5  2  3  4  8  1  7  5  8  9  5  1  5  6  1  9  3  3  8
  3  1  9  7  7  3  8  9  7  6  3  1  6  2  6  7  2  7  8  1  9  2  9  9  1  4  5  0  3  8  2  3  7  1  6  9  7  1  1  2  3  5  8  9  9  8  5  5  7  8
  1  1  4  3  9  6  1  7  1  3  8  7  3  4  4  6  3  7  2  7  6  1  8  4  2  5  5  3  0  7  4  3  3  4  6  6  4  2  4  1  5  2  7  9  6  7  8  9  9  3
  3  7  8  7  1  7  5  1  3  4  3  7  8  1  8  2  4  7  1  9  8  8  3  9  2  3  7  4  8  0  6  2  5  9  5  1  9  4  2  5  3  4  2  6  9  3  8  8  2  4
  8  6  4  4  7  9  1  4  2  1  6  2  1  7  7  9  5  7  7  4  1  7  8  7  3  6  6  9  4  6  0  1  6  6  9  2  8  7  2  1  8  6  5  2  9  1  3  8  8  4
  1  1  9  7  7  4  5  2  4  4  2  1  9  3  3  8  3  5  5  2  8  1  9  3  2  7  8  6  4  6  4  0  3  5  1  9  4  7  6  8  9  7  2  8  1  1  1  6  8  1
  2  2  5  6  2  5  9  2  8  6  3  6  7  9  1  7  3  3  3  7  9  3  1  6  7  7  5  1  3  9  6  8  0  6  1  1  8  3  5  4  9  3  5  3  7  9  7  7  1  8
  8  9  6  6  4  5  3  4  7  6  4  4  9  6  8  5  6  7  4  8  6  1  5  3  3  6  4  2  6  7  3  3  8  0  5  9  2  4  1  1  2  7  1  6  3  6  6  1  2  2
  1  3  6  7  7  6  8  4  6  1  3  2  7  7  5  4  5  5  2  8  4  1  5  3  5  3  8  4  2  6  3  7  7  9  0  8  7  3  5  7  8  9  9  3  9  1  8  4  2  6
  9  9  7  5  4  8  6  1  2  5  8  2  4  4  5  4  3  8  3  5  7  6  2  5  5  5  6  7  5  1  4  8  6  5  2  0  4  2  4  7  1  6  9  4  9  3  2  4  9  8
  1  8  3  4  5  2  6  8  5  2  1  3  7  3  6  2  3  9  1  8  3  9  6  9  3  2  5  5  1  9  9  9  1  5  9  5  0  4  9  3  6  2  7  6  5  9  2  6  5  6
  7  3  5  3  2  2  5  3  8  4  7  9  1  7  6  3  5  9  2  3  1  7  1  1  2  6  2  9  1  9  4  4  7  9  8  3  7  0  2  6  6  4  5  7  4  7  4  1  7  3
  8  6  4  9  8  9  5  3  6  6  3  3  4  2  3  6  7  8  2  3  8  6  2  9  4  4  8  7  8  2  6  4  5  3  3  8  4  8  0  4  8  1  9  8  7  9  2  3  7  7
  3  1  9  8  3  5  7  2  9  1  1  1  3  9  4  4  2  8  2  3  4  2  4  7  8  2  5  5  5  2  5  4  1  7  3  2  9  8  4  0  9  6  1  5  1  3  3  9  9  9
  2  7  6  4  1  6  3  9  1  5  1  9  4  5  7  9  5  4  8  8  1  2  9  8  4  9  8  5  1  6  2  9  7  8  3  8  7  5  3  4  0  8  5  8  5  5  6  1  6  8
  1  7  2  7  9  4  3  1  5  7  6  5  9  5  4  3  1  7  5  7  8  7  4  6  3  4  9  2  1  6  2  2  5  5  2  1  9  6  7  5  9  0  5  9  9  1  7  6  1  1
  4  9  7  1  6  7  6  1  8  1  4  1  6  2  2  8  5  9  5  7  9  9  5  9  1  5  3  4  5  9  8  8  3  6  2  3  2  8  6  5  4  1  0  3  3  6  7  9  5  8
  8  1  5  5  4  3  8  5  1  4  7  6  5  5  7  4  5  8  1  6  1  6  7  9  2  6  9  9  9  3  8  7  4  3  1  7  8  7  6  7  6  3  6  0  4  4  2  8  9  3
  4  5  6  3  9  8  5  6  9  4  1  1  7  4  3  9  2  7  8  9  5  6  3  5  6  1  3  3  1  9  2  6  9  4  6  9  7  8  5  1  5  3  1  8  0  2  1  7  7  4
  1  5  4  3  3  1  3  9  8  3  9  6  1  4  3  5  7  8  9  6  4  1  9  9  9  6  1  1  3  7  2  5  8  9  3  3  7  2  2  2  7  8  2  2  9  0  9  4  8  8
  3  2  5  7  8  4  8  9  2  2  4  7  1  8  8  7  7  1  6  3  3  2  4  5  8  5  3  8  1  2  4  2  4  6  8  4  1  7  7  3  8  3  7  1  5  7  0  2  8  4
  7  6  2  3  3  8  5  3  5  9  8  5  6  5  9  7  1  1  6  5  8  9  4  1  2  6  3  1  3  5  1  7  4  2  6  9  7  1  4  1  6  8  7  9  3  5  8  0  6  4
  5  1  9  5  4  6  2  6  6  2  1  9  8  8  7  2  6  8  7  3  1  3  3  1  4  6  6  5  7  9  5  1  7  2  6  4  4  7  3  5  7  2  7  4  6  4  5  3  0  6
  6  4  6  7  2  9  4  5  8  9  1  3  6  2  7  4  1  9  1  2  2  8  7  5  2  3  6  5  5  6  9  1  9  5  2  8  1  2  2  8  2  6  4  1  2  8  3  9  6  0
M3
  0  6  6  7  5  9  7  4  9  7  5  3  9  5  9  3  2  2  4  7  8  1  1  1  8  8  2  2  8  1  4  1  9  8  9  7  1  7  2  5  3  2  3  6  5  5  4  9  9  6
  8  0  7  7  3  7  9  7  7  3  8  7  5  9  2  6  9  3  7  3  8  9  2  8  5  5  5  8  5  1  5  7  3  1  3  5  2  6  8  5  7  1  1  5  8  7  9  5  2  1
  9  6  0  7  4  6  1  5  1  5  9  8  6  4  1  3  4  2  8  1  4  8  3  8  4  1  3  1  2  6  8  6  3  5  9  7  1  7  4  9  2  2  5  4  9  7  7  1  6  3
  8  3  5  0  3  3  6  3  4  7  9  3  9  2  8  9  8  3  6  5  9  2  8  2  6  6  7  7  7  7  8  4  8  8  8  5  9  1  6  9  7  6  2  3  8  9  1  9  3  5
  1  4  8  8  0  4  4  5  2  3  3  5  9  9  3  8  7  9  8  8  6  6  1  2  1  9  2  5  4  1  5  8  4  8  1  4  8  6  6  9  8  8  3  1  2  1  9  8  9  9
  9  9  1  4  7  0  9  9  9  4  7  4  7  9  9  7  5  6  4  3  7  2  6  7  4  7  5  1  2  8  4  4  2  5  8  2  2  4  2  5  9  2  7  7  7  9  9  4  9  3
  3  4  6  4  9  9  0  4  3  3  9  4  8  6  3  2  9  8  1  9  4  8  4  9  9  4  3  8  2  8  7  5  3  1  1  4  3  5  5  5  7  2  3  7  9  9  4  7  3  3
  4  8  1  1  3  7  3  0  5  7  2  8  7  9  9  6  5  4  2  4  8  8  4  8  1  9  8  9  4  5  7  4  1  7  3  3  2  6  8  8  4  7  7  3  2  3  7  7  6  7
  2  8  5  5  4  5  6  4  0  7  1  6  2  1  3  8  8  6  8  8  1  5  4  8  4  1  5  3  2  3  3  3  7  1  1  7  9  7  5  5  3  2  4  4  7  3  8  7  7  8
  6  3  8  6  6  3  6  7  7  0  1  2  3  2  9  3  2  5  3  5  6  8  8  3  2  5  2  5  2  1  3  1  5  2  8  1  3  5  8  2  8  4  5  5  4  4  5  8  4  1
  2  1  6  4  5  3  2  3  8  1  0  5  5  7  8  7  6  3  6  5  8  7  5  8  5  5  8  8  8  7  3  6  5  7  4  2  2  3  3  8  8  7  6  9  7  7  5  7  4  3
  7  1  3  9  5  8  5  2  6  4  9  0  7  5  2  5  5  1  3  9  1  6  7  5  6  2  4  7  7  8  3  7  2  4  6  5  2  5  8  5  7  6  9  4  6  5  8  3  3  2
  7  7  2  3  6  9  6  3  5  9  3  5  0  7  8  6  6  2  2  7  9  2  4  3  7  8  1  1  1  5  9  6  8  2  2  5  8  4  8  8  2  8  5  1  6  4  4  9  6  6
  8  4  2  7  4  7  6  1  3  2  4  8  4  0  4  6  2  5  3  6  1  9  7  2  7  7  4  5  4  1  7  4  8  5  9  3  1  8  3  9  2  4  7  1  2  2  2  8  8  4
  4  2  9  5  4  9  7  6  9  4  4  5  6  9  0  5  1  4  1  9  6  2  4  2  1  2  3  5  5  6  9  9  9  9  9  3  4  9  3  1  5  4  1  3  6  2  9  1  1  7
  8  8  1  2  3  2  1  4  2  8  7  3  8  8  9  0  5  2  5  1  5  2  4  5  6  7  5  3  7  2  8  8  9  5  3  9  4  5  4  1  1  4  2  4  4  7  1  4  3  4
  9  1  5  8  8  6  5  9  2  8  3  6  9  7  3  1  0  2  5  9  8  5  9  7  8  7  8  3  8  6  8  4  7  1  8  2  3  4  5  4  9  2  3  6  7  3  4  4  7  6
  8  7  8  7  1  4  9  3  9  1  9  6  6  7  5  3  6  0  1  4  5  6  2  5  5  2  2  9  8  7  4  3  6  8  6  3  4  5  9  3  3  1  6  5  5  9  4  1  6  4
  4  3  4  3  9  4  4  9  9  4  6  9  8  5  9  5  7  2  0  3  4  4  5  2  4  7  4  7  7  7  4  7  9  3  3  3  6  4  6  7  8  3  9  5  8  6  7  5  5  7
  9  5  1  9  2  5  8  6  9  5  3  2  8  3  3  5  3  4  5  0  6  9  6  9  5  9  8  2  8  9  3  8  1  2  3  1  2  5  1  5  2  3  1  7  7  4  1  8  7  1
  5  4  5  6  1  6  3  1  6  3  5  3  3  6  5  4  5  1  9  7  0  6  7  7  6  9  4  8  7  7  4  1  7  2  2  3  1  7  2  5  1  3  5  6  2  5  6  3  2  4
  7  9  3  9  9  4  3  5  6  7  6  9  6  2  2  1  1  3  2  6  2  0  4  8  5  5  1  3  6  2  2  2  7  1  9  7  1  8  5  2  6  9  3  9  1  6  6  4  1  9
  4  8  9  3  8  9  6  6  1  2  1  9  9  3  6  5  4  8  9  7  6  6  0  8  2  5  7  3  3  3  7  5  5  5  3  4  2  7  3  6  1  6  8  8  6  1  2  3  2  6
  2  2  6  6  2  4  2  2  2  8  9  3  3  4  8  4  9  1  6  6  8  6  8  0  6  8  9  6  3  3  2  5  3  9  5  6  3  4  2  9  2  2  8  6  3  8  8  8  7  2
  5  1  3  7  7  7  5  5  4  8  5  2  7  2  9  4  6  3  6  4  1  2  6  7  0  2  8  1  7  4  1  7  2  5  8  1  7  4  8  7  9  5  5  3  7  1  2  3  3  4
  4  9  4  5  7  5  4  2  5  5  5  7  9  1  9  2  8  5  5  4  6  9  9  7  3  0  3  8  8  4  9  4  6  5  3  7  7  1  3  2  7  3  6  8  2  1  1  8  7  4
  2  4  9  5  7  8  3  3  9  7  8  2  4  2  8  5  1  6  5  8  1  9  4  7  4  5  0  4  3  8  5  2  8  7  8  9  7  6  7  5  1  4  8  7  9  4  4  1  3  7
  6  7  5  9  1  4  7  5  1  9  2  2  6  2  9  7  6  6  6  6  1  8  1  8  7  8  9  0  4  3  1  7  4  6  2  7  3  4  3  1  7  7  4  5  3  3  2  4  3  3
  6  3  9  8  4  3  2  2  1  7  3  8  1  3  8  3  2  2  1  8  4  2  9  9  1  5  6  5  0  3  4  2  4  5  3  3  6  4  6  2  9  3  2  2  8  6  8  7  9  5
  1  3  6  8  4  2  2  6  6  1  1  9  2  4  1  9  4  6  9  5  2  4  8  1  7  4  4  4  8  0  7  4  7  9  5  6  6  5  4  8  4  5  4  7  4  7  1  8  9  2
  9  8  4  3  1  1  1  5  2  3  5  1  1  1  6  3  1  5  1  3  3  6  7  9  9  7  5  2  9  5  0  7  5  9  4  6  8  9  7  7  6  9  5  1  7  4  1  3  8  9
  2  1  7  8  9  2  3  1  3  4  4  4  5  6  9  5  8  7  3  3  2  8  3  2  5  3  9  8  4  7  8  0  5  8  5  1  4  7  1  1  2  3  1  8  2  1  3  2  2  7
  7  5  4  9  5  7  8  8  2  2  8  8  3  9  6  1  4  4  7  9  1  1  2  9  1  6  7  3  5  3  4  6  0  9  8  2  4  5  6  4  4  9  8  6  7  4  5  7  8  7
  7  3  5  1  3  3  3  2  9  7  1  6  2  6  4  8  5  9  6  6  1  3  4  6  6  7  2  4  1  9  5  2  9  0  9  6  3  8  1  9  1  8  9  4  9  9  4  7  5  5
  4  7  5  9  8  5  5  2  5  2  5  5  2  2  4  2  7  3  3  6  8  9  1  6  1  1  6  8  7  8  1  5  3  9  0  8  4  2  9  4  1  7  1  3  8  5  1  7  4  6
  6  4  9  5  8  3  1  8  8  1  4  1  6  8  2  1  6  6  6  2  9  6  5  5  6  8  4  5  9  1  6  9  2  3  3  0  8  3  7  8  2  3  4  7  6  9  4  3  7  1
  6  2  6  5  4  9  3  6  9  3  5  9  8  4  7  9  4  1  5  5  6  9  7  2  5  1  4  3  4  4  8  4  2  3  7  8  0  6  4  6  8  6  1  9  6  8  2  7  4  5
  9  4  1  9  6  4  7  7  8  5  1  7  6  1  3  9  9  6  6  6  9  4  1  9  5  7  1  6  1  1  5  4  5  1  6  8  9  0  6  2  9  7  7  3  2  8  6  8  9  1
  3  4  2  9  8  4  2  1  3  7  1  2  9  7  7  2  6  9  5  8  3  9  4  6  7  9  5  2  9  9  3  9  7  1  9  9  6  8  0  9  4  2  3  2  5  9  7  2  3  1
  7  5  7  5  8  4  9  8  9  4  4  9  4  8  1  3  9  4  6  2  5  7  5  1  3  9  6  7  2  8  2  5  6  9  3  6  7  5  8  0  1  2  4  9  1  6  3  2  8  7
  3  7  9  3  3  9  1  7  7  5  5  1  5  4  3  6  9  6  9  3  9  1  2  8  7  9  6  2  1  5  6  3  8  1  8  6  3  4  5  6  0  5  6  3  3  2  5  6  2  3
  6  6  8  3  2  6  7  5  3  6  4  9  9  5  9  7  2  7  2  2  2  6  9  1  5  8  5  4  7  3  2  9  3  2  6  2  3  8  1  4  3  0  7  2  5  5  4  9  8  6
  6  6  5  3  3  6  7  7  4  5  3  4  5  6  3  4  5  5  6  6  6  1  3  3  5  6  4  7  5  1  4  6  5  9  6  6  9  2  6  8  2  8  0  4  1  5  8  9  6  6
  6  7  1  1  5  5  3  5  8  6  5  6  2  7  5  9  6  2  6  7  3  4  3  6  4  3  1  4  5  3  7  3  4  2  9  6  2  3  5  2  7  5  8  0  7  1  1  8  6  5
  6  7  8  3  3  2  9  6  8  4  9  9  6  7  8  3  7  2  7  7  5  3  8  3  7  8  9  4  7  5  2  1  7  5  7  6  4  8  7  3  5  4  7  1  0  9  9  9  5  7
  2  7  8  9  5  1  4  4  6  9  9  8  1  6  5  2  6  9  1  6  1  1  7  5  1  1  5  1  7  4  7  2  7  2  6  8  9  4  4  6  8  2  9  1  5  0  6  4  8  9
  5  1  4  2  1  7  8  1  8  1  7  8  4  9  3  3  7  8  2  2  9  4  6  7  2  7  7  4  6  8  4  1  9  9  9  9  9  9  9  9  8  3  9  7  6  3  0  4  8  5
  9  2  4  7  8  4  6  2  2  8  1  1  6  9  6  7  3  7  5  6  2  1  1  1  8  3  6  3  6  5  8  2  6  3  7  2  1  7  6  9  7  2  9  1  1  8  1  0  5  1
  6  9  2  8  7  4  5  5  6  8  3  5  2  3  7  5  1  8  3  1  4  2  9  4  9  1  6  4  3  9  4  6  2  7  4  5  3  1  2  5  2  4  2  2  6  7  8  7  0  3
  9  6  7  5  9  2  5  8  8  7  6  4  3  3  9  8  2  4  7  6  4  7  7  6  7  6  5  9  5  3  9  8  9  1  4  7  8  9  3  8  9  5  2  4  8  4  6  9  9  0
M4
  0  1  9  3  9  8  3  8  4  6  7  4  4  4  7  5  5  7  3  8  3  8  7  3  1  7  3  3  3  1  1  9  7  7  4  9  9  1  6  2  9  5  2  3  5  7  2  6  9  9
  7  0  5  5  8  8  2  8  9  2  3  7  1  1  4  8  8  7  2  2  5  9  7  4  9  9  7  4  8  4  1  7  6  5  2  5  5  8  9  8  6  9  5  6  9  2  1  8  6  1
  8  5  0  7  9  6  6  9  5  1  8  6  2  4  5  1  7  3  6  5  7  8  9  8  4  6  6  7  4  5  9  5  8  5  1  2  7  5  3  6  3  3  9  3  9  9  3  9  4  8
  9  4  1  0  9  2  8  4  5  2  5  7  7  4  7  5  3  1  1  3  2  5  3  3  8  4  1  4  7  8  2  9  4  5  8  3  7  6  1  9  8  3  7  5  8  7  9  7  3  4
  5  5  6  9  0  7  4  4  7  8  6  7  9  8  4  9  9  3  2  9  6  3  1  7  6  2  4  1  7  5  7  2  8  8  4  3  6  1  1  4  3  7  7  5  8  6  1  6  1  3
  5  4  2  6  9  0  7  9  5  4  4  2  1  8  6  9  2  5  7  8  3  1  4  8  9  8  4  3  5  8  1  3  1  3  1  5  3  8  2  8  8  5  6  2  5  4  5  6  9  2
  4  7  2  8  7  2  0  1  4  9  6  1  4  3  4  3  2  2  8  4  8  5  2  9  8  2  6  7  2  6  8  9  3  6  3  8  1  7  9  4  7  7  7  3  3  6  3  9  3  9
  1  7  5  2  4  6  1  0  2  6  4  9  4  2  9  2  7  6  9  3  5  8  1  4  9  1  9  4  7  5  5  5  2  6  9  7  3  4  7  2  1  4  5  7  4  7  8  1  6  7
  9  3  2  6  7  2  5  6  0  1  7  7  3  1  8  6  3  1  6  9  1  6  9  9  9  8  4  1  1  3  7  8  4  6  9  5  4  3  1  8  5  3  9  8  3  7  6  4  3  5
  9  6  8  3  1  9  6  6  3  0  7  4  9  5  9  9  4  7  4  4  6  9  4  2  1  4  9  4  1  2  6  5  6  7  1  1  6  6  1  1  1  5  1  6  3  9  2  5  1  5
  3  6  2  7  2  6  3  7  4  3  0  5  8  7  8  8  7  4  8  3  3  5  7  7  3  5  9  4  5  9  4  1  7  3  5  2  2  8  6  5  5  3  1  1  6  3  2  5  4  8
  7  7  1  8  3  3  5  4  8  4  1  0  4  1  9  7  2  2  5  1  9  8  7  1  1  9  6  7  6  8  8  3  5  9  3  3  4  7  4  2  2  3  7  1  3  7  8  8  4  3
  8  2  6  3  2  8  3  7  3  8  1  2  0  7  3  8  2  3  2  1  9  3  2  6  8  5  1  2  8  6  8  1  8  9  7  9  5  1  6  6  2  1  9  2  6  4  5  7  1  8
  1  2  6  8  7  2  7  7  7  8  6  5  6  0  3  7  6  8  4  3  1  5  2  1  8  4  1  6  1  7  4  8  1  6  7  1  8  3  3  1  4  4  2  1  5  9  1  1  2  4
  5  4  7  6  1  3  1  4  3  7  1  6  1  6  0  8  3  6  9  3  6  9  9  4  9  4  6  7  3  8  3  3  4  4  1  9  6  6  2  6  4  9  3  5  9  5  3  7  4  6
  3  6  2  9  7  6  1  8  4  5  1  7  3  8  5  0  1  4  1  5  2  6  3  6  8  7  8  9  8  6  1  1  9  8  5  5  2  6  7  6  6  6  9  3  7  5  8  5  2  3
  7  3  6  2  8  6  7  5  6  7  5  4  3  3  3  1  0  7  5  6  5  4  6  6  3  2  9  4  3  6  5  1  5  3  5  6  4  6  1  6  4  7  5  8  2  5  9  2  9  1
  9  4  8  1  8  9  3  7  5  4  9  8  1  3  6  1  4  0  1  3  8  9  6  1  7  7  3  9  5  6  3  2  9  7  3  3  8  7  7  6  1  1  9  6  6  4  1  7  8  5
  1  3  8  3  7  2  4  3  3  7  5  2  4  8  9  7  5  3  0  7  4  3  7  3  3  2  5  5  8  8  2  3  7  4  9  7  5  1  6  1  2  8  9  6  2  7  4  4  6  5
  6  2  9  6  2  9  6  6  3  1  8  5  4  3  5  4  4  9  2  0  7  1  5  9  8  9  6  8  6  5  8  1  3  4  5  7  6  5  4  4  7  3  9  6  1  2  8  4  6  1
  4  6  9  5  8  5  8  8  6  5  6  7  1  6  5  9  9  1  8  2  0  3  9  1  9  7  5  6  2  9  6  3  8  5  1  9  6  6  7  1  3  4  3  4  5  1  3  9  8  6
  6  2  1  6  5  8  8  8  5  4  7  5  8  3  6  8  6  1  8  3  1  0  9  4  3  2  2  8  8  8  6  6  9  2  8  4  3  3  4  9  2  9  1  4  9  9  8  4  7  3
  5  7  6  2  7  7  6  8  4  1  5  9  1  2  3  5  1  7  8  6  3  6  0  6  3  3  9  9  7  7  6  7  9  1  9  2  8  4  4  7  3  8  4  8  5  8  1  4  2  6
  6  3  2  4  1  2  2  2  6  1  5  7  6  9  6  3  7  1  2  3  1  3  4  0  2  3  2  4  2  8  4  9  1  3  6  5  7  6  4  2  1  8  8  4  8  8  3  6  9  8
  2  2  4  7  2  1  7  6  3  2  1  9  9  2  3  5  5  4  3  2  7  1  8  3  0  9  6  6  3  3  5  5  4  4  6  9  5  6  3  7  3  4  9  5  4  1  4  7  2  5
  2  3  6  3  2  9  8  8  1  1  1  6  1  2  6  5  1  3  3  5  5  8  5  2  1  0  7  9  4  1  9  9  4  1  1  4  6  3  8  2  4  1  2  4  4  7  4  8  3  5
  6  2  4  9  4  4  7  1  1  7  2  5  8  4  6  6  7  5  5  4  1  3  3  8  2  8  0  2  3  4  4  6  1  5  7  2  8  4  4  3  4  5  4  4  9  6  6  2  1  4
  5  2  1  7  4  9  8  5  6  7  8  5  3  2  3  8  1  9  3  3  1  5  8  9  9  5  2  0  2  3  9  7  9  9  9  8  3  1  8  6  1  6  5  5  3  5  1  8  5  7
  2  8  6  9  1  4  7  4  8  8  7  8  5  4  8  4  2  9  8  4  2  1  2  3  6  1  6  1  0  8  4  3  9  8  2  4  2  2  1  5  1  2  8  8  1  2  4  4  7  6
  5  3  7  9  2  5  6  4  9  3  6  1  5  8  2  5  9  3  1  7  2  1  4  5  3  2  8  5  2  0  8  2  8  8  1  1  6  9  7  5  2  3  4  6  9  4  8  4  9  9
  7  3  9  5  7  3  2  3  9  5  4  2  5  8  9  5  4  7  5  7  2  6  3  1  4  6  4  8  5  6  0  2  9  3  8  4  2  2  5  5  3  3  9  7  9  5  5  2  6  6
  2  6  5  5  8  4  5  5  5  7  4  5  8  3  6  2  9  4  4  5  8  4  9  9  6  9  2  1  8  7  8  0  3  1  8  6  7  9  3  1  4  3  1  4  2  5  2  1  6  3
  9  1  7  1  9  2  7  9  2  1  9  8  5  3  6  5  3  7  4  6  4  5  5  4  2  4  1  7  2  7  6  5  0  7  3  7  6  1  2  4  1  2  5  8  1  7  3  4  9  2
  3  3  8  3  3  2  2  4  3  4  4  2  6  8  1  9  8  8  2  4  7  9  1  8  3  4  3  4  3  3  7  1  7  0  7  3  6  9  5  1  3  8  6  7  4  5  3  2  2  6
  2  3  5  9  5  9  2  7  4  2  5  2  9  8  3  5  2  9  8  2  5  7  4  4  5  4  3  4  1  9  5  3  6  5  0  9  6  5  5  5  1  2  8  1  7  7  2  7  1  5
  9  2  7  4  1  4  4  2  1  4  6  9  7  4  9  3  4  7  6  6  4  1  7  5  1  4  5  2  7  7  7  3  2  8  4  0  4  4  1  1  5  3  6  2  3  3  4  7  5  4
  9  5  3  9  8  1  4  2  2  9  2  3  4  7  8  4  1  5  2  6  1  8  2  1  4  5  4  9  6  9  6  1  1  1  8  4  0  9  3  5  7  5  3  1  7  8  7  4  4  8
  4  1  6  4  9  2  2  4  6  2  3  6  5  8  3  5  3  9  7  4  3  4  4  6  3  4  8  2  3  3  2  1  1  5  4  8  9  0  4  7  4  1  2  8  4  5  3  3  1  3
  5  1  1  3  2  1  4  8  9  8  7  7  3  3  1  7  3  6  5  2  7  2  2  4  4  2  2  4  9  4  1  2  7  2  1  2  5  9  0  4  5  8  4  4  9  6  4  1  9  6
  8  4  8  7  2  5  6  3  8  2  8  1  7  2  5  4  9  8  5  1  6  7  7  6  8  1  4  6  4  3  9  3  4  1  9  6  5  6  7  0  1  3  8  1  1  3  5  9  3  5
  3  1  5  2  7  2  9  1  2  1  7  3  5  3  5  5  7  4  3  9  2  6  4  3  1  9  6  2  6  6  4  7  3  3  9  9  8  9  9  6  0  1  9  4  8  3  8  2  8  5
  2  5  6  1  7  2  4  8  2  3  8  5  8  8  8  9  1  8  3  9  3  5  5  1  9  4  7  7  3  7  4  5  2  9  7  5  8  3  8  7  1  0  5  2  1  7  8  6  8  4
  9  1  6  1  4  8  8  4  8  6  2  1  7  7  2  7  4  2  7  7  3  2  5  6  3  5  2  3  8  7  5  8  2  3  1  7  5  1  5  8  2  2  0  4  9  1  4  4  5  6
  3  1  1  3  5  5  4  3  6  1  1  3  2  6  9  1  4  1  5  1  1  8  4  5  8  2  8  8  1  3  5  8  6  3  2  1  4  1  3  9  8  6  8  0  1  7  9  5  1  4
  9  4  2  5  9  2  2  9  4  4  1  3  6  9  2  5  9  1  4  5  5  3  1  9  9  3  6  8  3  3  7  3  2  4  5  3  3  4  4  8  4  2  3  5  0  1  9  8  6  2
  3  2  2  4  1  7  7  8  9  7  4  3  4  7  2  5  6  4  7  7  7  8  3  2  3  9  2  4  3  3  3  8  8  8  6  3  5  1  9  7  6  4  1  6  6  0  3  9  3  9
  6  2  4  1  3  1  4  4  7  1  7  3  4  7  8  5  8  3  5  4  3  7  5  2  7  5  8  9  6  8  9  7  1  8  9  6  2  2  7  5  2  4  3  7  6  9  0  6  6  8
  5  5  9  8  8  6  5  2  4  9  7  8  6  6  8  7  6  2  5  1  5  3  8  8  2  5  5  7  4  2  9  8  8  2  6  7  7  6  1  1  1  7  7  7  3  5  8  0  6  6
  5  2  7  8  6  5  5  6  5  9  6  1  7  7  5  8  1  5  5  7  5  6  4  5  5  7  7  3  4  3  8  6  5  4  2  2  8  6  1  4  7  4  5  2  6  4  9  3  0  8
  1  5  8  7  6  9  2  2  5  1  8  3  2  4  4  5  3  5  6  8  4  5  4  7  3  7  6  6  5  2  5  2  4  8  6  3  9  7  4  3  1  9  4  6  1  5  4  1  6  0