50 10
  0 49  1 76  2 60  3 40  4 32  5 17  6 33  7 98  8 90  9 75
  0 10  1 91  2 39  3 56  4  5  5 43  6 98  7 90  8 93  9 68
  0 30  1 51  2 94  3 89  4 49  5 13  6 67  7  4  8 35  9 39
  0 85  1 55  2 82  3 53  4 51  5 20  6 81  7 39  8 65  9 71
  0  7  1 32  2 28  3 26  4 33  5 41  6 43  7 79  8 66  9 31
  0 23  1 26  2 52  3 38  4 97  5 94  6 72  7 76  8 10  9 43
  0 56  1 37  2 87  3 15  4 74  5 18  6 32  7 53  8 48  9  5
  0 93  1 21  2 19  3  3  4 48  5 28  6 66  7 77  8 81  9 32
  0  5  1 58  2 58  3 75  4  9  5  8  6 97  7 10  8 27  9  6
  0 34  1 26  2 52  3  4  4 65  5 71  6 36  7  2  8 49  9 56
  0 72  1 19  2 63  3 48  4 38  5 82  6 36  7 97  8 61  9 56
  0 78  1 65  2 28  3 86  4 71  5 42  6 67  7 31  8 73  9 72
  0 25  1 52  2 44  3 28  4 38  5 90  6  1  7 62  8 60  9 23
  0 31  1 36  2 80  3 51  4 76  5 76  6 47  7 28  8 88  9 95
  0 73  1 89  2 88  3 62  4 43  5 62  6 87  7 74  8 42  9 50
  0 69  1 95  2 21  3 46  4  8  5 95  6 12  7 60  8 62  9 53
  0 18  1 51  2 36  3 43  4 66  5 74  6 91  7 53  8 28  9 27
  0 15  1 56  2 64  3  1  4 62  5 80  6 21  7 74  8 55  9  8
  0 39  1 21  2 75  3 52  4 18  5 33  6  6  7 88  8 58  9 18
  0  2  1 35  2  6  3 19  4 13  5 91  6  6  7 11  8 55  9 81
  0 55  1 90  2 41  3 85  4 16  5 35  6  1  7 88  8 90  9 57
  0 33  1 26  2  4  3 37  4 64  5 80  6 38  7 92  8 61  9 54
  0 24  1 83  2  5  3 73  4 18  5 79  6 69  7  7  8 73  9 99
  0 19  1 37  2 77  3 25  4 87  5 68  6 77  7 80  8  3  9 20
  0 19  1 59  2 75  3 35  4 86  5 97  6  3  7 67  8 74  9 10
  0 97  1  3  2 91  3 79  4 29  5 98  6 75  7 27  8 94  9 19
  0 98  1 44  2 88  3 88  4  9  5  3  6 64  7 21  8 30  9 18
  0 49  1 42  2 22  3 29  4 96  5 22  6 53  7 43  8 81  9 53
  0 95  1 57  2  8  3  7  4 40  5 52  6 18  7 59  8  9  9 73
  0 71  1 45  2 97  3 18  4 78  5 80  6 10  7 30  8 87  9 10
  0  2  1 36  2 58  3 26  4 78  5 32  6 97  7 17  8 58  9 74
  0 55  1 90  2 72  3 63  4 63  5 75  6 18  7  4  8 42  9 93
  0 37  1 71  2 45  3 41  4 13  5 78  6 48  7  7  8 59  9 22
  0 73  1 37  2 55  3 20  4 47  5 36  6 70  7 21  8 48  9 75
  0 91  1 69  2 12  3 97  4 31  5 46  6 60  7 83  8 29  9 84
  0 58  1 27  2 35  3 80  4 97  5 16  6 75  7 44  8 83  9  9
  0 33  1 13  2 95  3 15  4  5  5 36  6 94  7 70  8 60  9 27
  0 78  1 16  2 95  3 47  4 86  5 93  6 14  7 30  8 83  9 32
  0 60  1 32  2 56  3 29  4 51  5 39  6 53  7 39  8 76  9 51
  0 53  1 53  2 53  3 46  4 46  5 19  6 90  7 35  8 43  9 83
  0 38  1 59  2 48  3 78  4 56  5 95  6 19  7  8  8 90  9 70
  0 53  1  8  2 61  3 16  4 69  5 91  6 42  7  6  8 14  9 13
  0 90  1 98  2 46  3 67  4 50  5 49  6 86  7 92  8 84  9  1
  0 30  1 65  2 29  3 44  4 27  5 35  6 15  7 39  8 10  9 81
  0 14  1 50  2 85  3 23  4 60  5 93  6 58  7 55  8 15  9 13
  0 53  1 85  2  1  3 47  4 48  5 11  6  7  7 34  8 38  9 98
  0 87  1 78  2 75  3 98  4 74  5 93  6 65  7 98  8 90  9 58
  0 51  1 38  2 25  3 97  4 91  5  6  6 40  7 47  8 80  9 28
  0 25  1 55  2 39  3 49  4 92  5 96  6 51  7 99  8 19  9  3
  0 50  1 89  2 92  3 65  4 80  5 19  6 61  7 16  8 15  9 21
SSD
M0
  0  5  1  3  8  1  3  6  9  1  4  7  8  3  3  7  7  2  2  4  1  5  3  3  2  2  9  9  5  9  7  1  5  4  7  9  6  3  8  6  5  4  5  9  3  2  5  8  5  3
  5  0  7  9  5  5  3  3  4  2  6  3  2  6  5  4  9  9  5  6  2  4  9  3  8  4  6  1  4  4  6  5  4  9  7  4  7  3  2  2  3  5  6  1  9  6  5  8  8  4
  5  9  0  6  4  9  8  3  5  8  2  6  5  6  3  4  8  8  2  4  6  7  1  4  1  1  7  7  9  8  2  1  9  6  7  5  5  2  4  9  9  6  5  5  6  5  3  8  1  7
  3  4  9  0  4  6  9  5  3  4  2  1  7  1  5  8  3  5  6  5  4  1  5  2  8  4  7  3  4  8  8  3  1  2  3  6  4  2  9  8  2  5  3  5  8  2  7  4  3  5
  9  9  5  6  0  3  1  5  5  3  9  7  5  1  6  4  7  4  7  4  1  6  6  2  2  2  6  2  8  8  3  1  9  4  8  8  6  2  5  3  9  1  8  5  5  6  7  5  3  6
  5  7  9  9  8  0  2  4  2  2  4  9  2  3  1  7  8  4  9  7  6  9  7  8  3  9  4  8  8  7  9  9  1  2  5  8  3  7  8  4  5  2  4  9  4  2  9  9  5  4
  9  1  9  1  9  2  0  3  9  7  8  4  7  3  6  9  4  4  7  1  5  8  2  9  2  1  1  1  4  7  7  1  7  6  5  2  1  9  2  5  7  6  7  9  2  5  9  2  4  8
  2  6  1  6  4  5  6  0  9  9  1  4  8  7  5  7  1  1  9  3  6  3  7  6  5  7  8  1  8  9  1  8  7  3  2  4  6  3  2  1  1  2  8  4  7  3  4  4  1  1
  9  4  5  4  9  5  9  2  0  9  9  4  6  6  1  5  8  3  5  6  7  6  8  4  6  3  5  6  5  9  6  7  1  7  9  3  8  1  8  6  4  6  5  3  8  6  8  7  4  9
  2  8  1  2  4  9  8  2  2  0  7  7  4  7  3  4  1  3  1  6  6  7  3  9  5  5  3  1  2  8  6  5  9  2  1  2  2  5  7  1  7  9  2  7  8  1  3  3  5  8
  7  2  1  8  2  9  6  3  1  2  0  2  7  3  2  2  6  7  7  8  2  5  5  6  9  8  7  9  8  4  7  2  3  5  5  2  9  7  2  4  4  4  6  3  7  1  3  8  3  5
  7  1  5  6  1  9  4  1  4  8  3  0  3  9  8  1  2  7  9  5  1  6  1  7  8  8  6  5  8  6  7  3  1  5  9  4  6  7  4  2  1  6  3  2  6  7  8  6  6  8
  1  1  4  9  8  7  9  7  6  6  7  4  0  3  9  5  2  4  3  5  4  4  8  1  5  8  4  9  7  9  8  8  6  1  1  6  1  2  5  7  9  7  6  1  6  2  3  8  7  6
  7  5  3  8  5  5  5  9  4  1  8  8  8  0  5  3  6  1  5  7  9  5  4  9  8  2  9  6  2  4  8  9  1  5  5  9  8  5  7  2  3  2  1  3  3  5  1  4  3  3
  9  4  7  8  3  1  4  8  6  4  5  2  4  5  0  3  6  7  6  7  7  7  6  6  5  9  3  4  3  8  2  4  3  8  5  5  1  9  9  2  6  1  5  9  9  2  4  7  7  7
  5  2  7  9  1  4  7  4  8  6  6  6  4  7  1  0  6  7  2  4  1  3  7  9  5  4  4  1  3  9  5  3  2  1  3  6  8  8  2  2  8  1  4  2  7  2  9  5  2  1
  3  8  6  1  9  8  9  3  6  4  7  8  6  9  8  7  0  4  2  4  7  3  6  3  1  1  5  1  9  5  7  7  5  8  6  6  9  7  5  5  2  9  6  6  3  9  6  8  1  8
  7  1  6  1  2  5  1  7  2  5  7  2  4  4  2  2  2  0  2  2  1  1  9  1  3  4  2  4  7  9  6  9  1  5  6  2  6  3  8  2  3  4  5  9  6  5  7  8  1  2
  3  1  4  3  5  3  1  1  3  3  4  4  4  9  7  3  3  2  0  1  4  5  5  5  8  9  2  2  9  5  7  9  2  9  1  9  9  7  1  6  7  7  2  2  6  9  5  7  1  2
  1  1  4  3  4  6  2  5  1  6  7  9  1  4  7  5  4  2  4  0  3  9  5  3  6  8  1  3  8  2  9  4  7  8  1  6  4  1  6  9  7  2  3  3  5  3  3  4  6  3
  8  3  9  2  5  2  7  4  2  5  6  4  8  5  7  9  2  6  5  9  0  3  7  4  6  2  6  1  1  1  1  4  6  1  2  7  8  1  3  6  8  8  2  2  1  4  6  5  8  2
  2  1  1  8  8  7  1  2  6  5  4  3  9  9  6  8  1  2  9  9  5  0  5  9  6  4  2  7  7  2  4  1  1  7  4  6  2  3  8  4  5  8  7  2  8  4  8  3  7  4
  5  9  2  4  4  7  4  3  5  6  4  3  8  1  1  3  8  8  1  6  5  2  0  5  1  2  2  8  4  7  1  5  5  3  3  2  6  6  4  1  2  5  8  5  3  8  1  1  8  1
  1  7  6  4  4  1  9  1  8  5  3  4  8  3  7  6  9  5  6  5  8  7  8  0  6  5  5  2  6  1  1  5  2  3  7  1  7  7  8  8  9  7  6  9  2  5  2  5  2  3
  1  7  1  2  9  2  4  1  1  7  4  6  1  7  4  8  5  6  4  5  5  8  5  5  0  5  4  7  9  7  2  3  2  3  9  1  4  9  4  3  6  8  1  4  9  6  1  5  9  1
  5  6  7  6  2  8  9  9  6  7  2  9  9  2  6  3  8  4  1  3  4  7  8  6  9  0  3  4  5  9  8  8  9  5  4  2  5  3  7  1  2  8  2  9  9  1  8  4  5  5
  2  6  4  6  3  2  3  5  3  2  8  7  1  7  3  3  9  6  3  4  8  1  6  8  4  9  0  4  2  3  2  5  8  6  4  5  7  2  6  2  8  4  3  2  5  2  1  4  7  9
  9  3  7  9  7  6  8  8  1  4  8  8  7  3  2  7  3  5  9  6  3  8  5  5  4  2  8  0  9  9  5  6  9  8  1  2  1  3  5  3  4  9  6  3  8  8  5  7  2  9
  9  3  2  2  8  3  7  1  1  3  6  7  7  9  5  4  2  3  5  3  8  2  1  3  7  1  4  9  0  3  5  8  3  4  4  4  1  7  9  2  4  8  8  9  9  1  2  1  1  9
  9  8  8  5  5  5  3  6  3  6  8  6  5  9  4  7  5  3  6  9  6  4  1  8  6  1  6  8  1  0  2  8  8  6  5  1  2  6  6  8  3  7  9  9  1  6  6  3  6  8
  1  7  8  3  4  5  4  2  8  7  7  2  7  7  4  8  7  8  7  2  4  1  2  8  9  5  7  1  2  6  0  5  9  4  4  1  5  8  6  8  7  2  4  2  2  1  9  6  5  2
  1  2  8  6  1  4  3  8  8  7  8  8  3  9  1  8  6  1  3  8  5  7  7  7  3  3  5  7  8  4  1  0  3  7  3  1  1  5  4  2  4  3  5  9  3  3  8  7  4  9
  4  2  1  5  3  2  2  4  9  5  8  4  4  1  7  6  7  7  6  5  4  6  1  4  3  3  3  9  3  3  5  9  0  5  8  3  6  8  9  3  3  4  8  3  5  4  5  4  1  7
  6  7  2  3  7  5  9  8  8  5  2  2  2  4  8  6  3  6  3  2  5  4  1  5  6  2  7  4  6  3  7  9  7  0  3  5  3  5  1  8  1  5  9  2  6  6  8  3  4  1
  1  7  1  7  6  2  2  5  3  4  8  7  8  1  6  9  1  7  1  5  8  5  6  8  9  9  9  9  9  9  1  1  2  6  0  1  4  3  1  1  4  9  7  7  9  7  1  3  4  8
  9  6  4  3  9  5  9  1  7  9  8  8  6  9  2  1  5  9  6  1  3  8  4  2  6  8  1  3  2  3  3  6  8  7  4  0  8  9  1  5  8  6  3  6  7  8  5  6  5  4
  5  8  7  5  1  3  7  5  2  7  7  8  3  3  6  2  9  5  8  7  9  7  8  5  7  4  7  2  9  4  2  3  5  3  8  7  0  1  7  9  6  5  7  1  2  2  8  6  1  7
  2  7  1  5  6  5  4  2  6  1  4  8  9  6  9  6  3  6  9  9  1  8  4  1  7  6  4  1  3  3  2  3  5  3  9  1  2  0  3  4  7  9  8  7  6  5  1  6  1  6
  3  7  4  3  6  1  1  9  5  8  1  2  3  7  6  9  3  9  5  7  7  7  8  1  7  5  1  9  9  7  4  3  7  8  2  1  9  7  0  1  6  5  2  1  5  9  5  6  5  6
  7  1  2  6  8  4  5  6  4  7  5  8  3  2  3  3  5  8  6  9  9  7  5  2  9  2  4  7  4  6  9  4  7  9  1  7  1  2  3  0  1  2  8  1  3  8  3  6  1  9
  5  7  6  5  6  6  6  7  2  1  8  6  6  5  5  9  3  4  2  2  1  5  1  3  2  3  4  2  3  6  9  4  4  1  1  6  6  2  5  4  0  3  8  9  9  8  9  2  1  7
  9  1  5  5  6  2  9  5  8  4  2  7  9  9  4  2  6  1  5  8  7  6  5  8  3  8  2  7  1  3  2  5  1  3  1  6  3  2  7  8  2  0  4  6  7  2  8  4  7  8
  2  5  4  5  5  3  7  8  5  1  8  9  1  9  8  4  6  7  5  9  8  5  6  2  2  1  3  2  5  3  6  4  6  8  8  2  3  3  5  4  8  5  0  1  4  1  4  8  5  2
  8  2  1  8  4  4  8  2  9  5  5  4  7  6  8  1  8  8  5  9  9  3  8  3  1  5  3  9  2  5  3  6  4  5  8  7  5  8  9  4  3  7  7  0  4  3  9  9  8  4
  7  1  1  2  5  3  5  1  8  4  8  8  4  7  3  1  1  4  2  4  6  4  4  5  9  8  4  2  3  1  1  6  4  4  1  1  7  1  8  4  2  1  5  3  0  4  1  2  5  7
  5  3  2  4  8  1  7  1  1  9  6  6  4  3  7  7  8  2  9  5  2  8  8  6  8  3  2  8  8  4  1  6  3  6  8  6  6  8  5  7  2  1  8  6  6  0  8  7  8  6
  2  7  8  1  4  7  7  2  7  7  1  6  6  1  1  5  4  2  8  4  6  8  3  3  9  7  6  2  8  3  7  8  1  5  3  4  7  4  3  8  6  4  6  8  4  9  0  1  5  8
  7  4  5  7  6  9  1  8  5  1  1  6  3  8  5  5  2  5  5  7  8  1  9  2  1  4  3  8  7  6  7  7  7  6  4  7  1  1  1  3  9  2  9  3  7  2  1  0  5  3
  5  4  6  5  1  6  1  9  6  9  1  7  9  4  8  5  4  4  1  2  1  6  4  4  2  3  8  3  9  8  8  3  5  1  2  3  3  3  6  8  4  4  4  4  1  3  7  5  0  6
  8  8  4  3  8  1  1  8  9  7  7  5  7  3  4  5  9  6  7  9  6  7  1  2  1  1  3  5  4  3  7  9  3  8  1  7  2  6  9  1  4  4  4  7  5  5  7  2  4  0
M1
  0  4  3  2  3  5  5  8  5  9  2  5  5  7  2  4  2  2  3  2  6  7  5  4  8  5  5  4  1  6  9  9  5  8  4  8  8  6  5  6  3  6  3  9  7  5  9  4  6  9
  6  0  1  2  8  4  7  8  2  2  4  2  9  8  9  3  7  7  3  5  3  7  9  5  7  4  2  4  3  3  9  2  3  8  5  1  4  7  2  4  2  1  9  8  1  7  8  4  2  9
  8  8  0  8  5  7  8  2  1  3  2  7  3  7  8  2  3  5  8  1  3  7  1  1  9  1  8  6  5  7  8  5  7  4  9  5  1  1  2  9  1  8  4  9  9  9  9  9  6  2
  9  1  2  0  3  6  5  1  2  9  5  5  2  1  8  6  1  5  4  6  8  9  7  5  3  2  1  6  4  7  5  9  9  7  7  7  6  2  3  4  6  7  9  3  3  6  6  7  9  8
  6  5  6  3  0  7  1  3  2  4  9  1  5  5  8  1  7  7  3  7  4  3  6  9  7  2  1  5  7  9  1  1  8  4  3  8  1  5  7  2  1  7  2  6  1  4  3  6  7  2
  5  5  3  3  6  0  5  4  8  4  9  1  6  9  7  9  5  4  1  8  1  8  3  3  5  6  5  6  2  4  6  7  7  7  7  3  3  3  4  6  4  7  4  1  5  1  5  1  5  8
  9  8  4  8  4  3  0  4  4  2  1  5  6  5  7  7  2  3  2  3  5  2  1  3  5  8  8  8  8  4  2  9  7  7  4  5  7  8  7  3  4  7  2  6  5  5  2  4  5  9
  5  6  1  3  8  6  1  0  3  8  2  9  6  6  4  1  1  2  9  6  3  2  3  9  4  8  8  5  6  3  7  2  3  4  4  7  2  5  4  1  9  7  5  8  5  4  6  4  5  7
  1  4  3  6  3  7  5  9  0  2  6  7  3  7  4  2  6  2  5  1  2  1  1  8  5  1  2  8  2  4  5  8  6  8  4  2  2  2  9  6  7  9  1  8  6  4  7  6  8  6
  9  1  2  2  3  9  5  4  1  0  6  4  7  4  8  3  3  2  7  4  2  3  6  3  9  4  2  1  9  9  1  6  8  4  6  4  6  1  1  3  4  6  8  7  4  6  6  5  5  4
  8  4  2  8  2  3  6  9  9  5  0  5  6  1  1  2  6  8  1  3  3  8  4  1  1  5  2  3  6  3  4  9  4  2  5  6  7  3  6  5  7  1  1  9  5  3  4  4  5  1
  4  3  1  8  8  7  5  2  4  5  3  0  5  5  7  1  7  6  1  9  6  6  7  8  6  2  5  7  6  7  2  1  1  2  4  6  7  9  9  2  3  1  2  7  9  5  6  6  5  9
  7  1  2  5  4  9  8  3  3  8  7  3  0  4  9  9  6  6  4  1  9  1  1  7  4  2  3  4  3  3  3  8  2  9  8  6  6  6  6  9  4  9  4  5  9  5  3  7  7  1
  5  8  9  9  8  8  6  3  7  6  4  5  7  0  3  8  8  8  3  9  8  7  4  5  2  6  8  5  5  2  3  7  7  7  6  5  4  9  2  1  2  3  9  3  3  6  8  7  5  9
  9  5  5  6  2  2  1  1  5  3  4  6  6  3  0  8  5  1  2  8  8  7  5  5  2  1  3  5  4  8  6  4  1  8  4  8  1  4  2  8  3  9  6  8  4  6  4  2  5  8
  3  3  8  8  2  6  2  5  8  6  6  6  9  6  2  0  7  1  2  6  8  5  6  1  9  8  9  5  9  9  5  7  1  7  1  7  2  7  6  9  8  2  9  5  4  8  8  2  3  9
  8  8  7  9  1  5  5  1  8  8  1  8  7  6  7  5  0  9  6  8  6  8  7  9  5  8  4  5  5  5  8  6  4  9  4  9  2  3  4  3  9  9  3  5  2  9  6  2  1  7
  4  7  9  2  4  2  5  8  6  7  4  2  9  9  3  9  5  0  8  4  2  8  7  2  4  8  5  2  6  1  2  9  3  1  9  5  3  3  7  1  3  9  9  2  3  3  2  5  1  7
  9  5  6  4  6  1  3  5  8  5  7  3  3  1  2  7  4  4  0  8  3  4  7  5  8  2  9  3  9  2  6  3  2  2  2  1  4  6  3  2  9  3  2  4  5  1  1  4  3  1
  7  6  5  9  7  2  8  7  9  5  9  7  3  5  3  3  9  9  2  0  3  1  4  8  5  7  7  3  5  8  1  2  1  3  4  4  8  9  7  7  8  8  7  4  8  9  8  7  8  1
  2  1  6  2  4  5  8  9  3  2  2  5  4  9  5  3  4  2  9  8  0  4  9  5  3  8  3  8  7  8  9  8  6  3  2  6  3  2  9  7  6  4  6  1  3  9  1  9  2  4
  8  3  9  1  3  3  6  2  5  9  5  4  6  2  8  2  4  3  7  2  1  0  2  9  6  7  6  2  3  2  9  5  3  4  1  1  7  1  7  9  9  4  6  4  2  7  1  1  7  9
  7  6  5  6  2  9  4  5  6  4  7  4  5  4  8  4  5  4  9  2  3  6  0  2  3  3  1  8  1  3  9  4  2  6  7  8  7  1  6  3  7  9  6  8  4  3  7  7  4  8
  6  5  7  1  8  2  4  4  6  8  7  1  3  9  1  9  4  8  1  9  2  1  7  0  4  2  2  9  5  6  5  9  1  4  2  1  9  2  8  7  4  6  7  5  2  9  9  8  1  8
  1  6  6  2  1  8  7  2  3  1  9  6  6  3  9  1  4  7  8  4  2  7  8  4  0  4  4  8  7  4  4  5  6  4  1  4  7  3  9  2  5  8  5  8  7  7  8  6  3  1
  9  7  6  3  3  3  5  4  1  8  6  7  7  6  6  7  2  2  4  1  1  8  5  7  2  0  7  1  6  6  5  2  7  2  2  1  8  4  8  4  6  8  8  5  6  9  5  8  4  8
  4  4  8  5  6  5  8  6  1  2  5  3  7  7  1  8  3  6  1  8  1  9  3  3  8  2  0  3  1  6  8  4  1  5  1  9  1  4  1  8  8  6  4  8  7  2  2  3  9  5
  2  7  8  7  9  3  2  7  9  1  2  1  6  5  6  1  9  7  3  7  4  8  9  5  1  6  1  0  5  6  8  5  8  2  8  6  8  8  2  7  6  8  2  5  7  4  7  8  6  7
  5  6  9  2  1  1  8  2  3  4  6  3  5  4  4  9  4  7  4  6  4  3  4  6  8  4  1  5  0  1  5  2  5  7  3  7  4  5  7  8  2  6  9  9  7  6  4  4  3  5
  4  6  8  1  7  2  5  1  8  2  2  2  5  7  3  8  8  9  2  5  6  3  3  6  6  7  7  8  1  0  6  8  7  8  8  9  5  6  6  7  6  9  6  2  8  8  2  2  2  3
  1  1  1  8  2  9  6  6  5  3  2  1  7  6  7  7  3  6  8  6  8  9  5  8  1  6  5  4  5  4  0  7  9  6  5  9  4  3  7  3  7  9  2  2  9  4  5  9  7  6
  4  5  1  2  8  1  1  6  5  4  5  8  1  5  5  9  2  5  6  3  8  3  2  4  3  4  5  8  6  9  3  0  4  6  6  6  2  4  1  8  5  8  2  4  4  3  5  1  8  4
  5  5  5  6  2  4  2  6  7  1  3  8  8  1  5  2  1  8  2  3  9  1  3  1  5  4  9  4  3  1  1  7  0  2  6  1  1  4  4  1  2  2  6  3  1  5  1  7  3  5
  4  7  5  7  7  6  6  7  2  4  7  5  3  4  6  6  7  5  6  3  9  9  9  8  9  8  1  8  3  1  9  2  2  0  2  7  8  6  1  7  8  9  6  5  4  2  9  7  8  4
  2  9  3  4  4  4  3  9  7  7  9  6  2  5  5  9  7  2  3  4  3  8  8  8  7  9  2  8  5  2  5  5  4  2  0  5  8  8  9  1  1  2  2  6  1  3  8  7  1  2
  3  2  5  6  1  2  2  9  6  3  7  3  8  7  9  4  3  5  2  7  9  3  1  4  6  4  9  7  6  6  7  2  6  3  5  0  3  3  7  6  9  2  3  5  7  4  8  1  9  5
  5  7  2  2  9  1  9  8  8  7  9  1  2  9  7  3  5  3  5  6  9  2  8  4  9  9  3  6  7  7  7  8  2  3  6  6  0  4  8  3  5  1  1  4  2  6  3  5  6  5
  2  1  3  4  4  3  3  4  4  6  2  2  7  5  7  4  4  3  2  4  6  5  2  6  7  3  3  9  2  2  4  7  3  1  6  1  9  0  4  2  8  5  2  6  3  1  3  4  3  4
  4  1  8  3  3  9  7  4  1  2  7  1  3  1  6  6  4  8  4  1  9  7  8  3  2  1  8  3  7  2  5  4  9  4  6  1  2  5  0  1  4  2  1  8  6  8  2  6  3  9
  7  2  1  6  4  8  2  9  3  6  3  9  4  6  1  1  8  9  4  1  8  3  8  7  2  3  9  4  8  2  2  5  3  1  8  2  3  2  5  0  7  7  2  7  8  9  5  4  6  9
  5  2  5  1  7  7  7  3  6  9  2  9  8  6  1  2  8  4  3  3  3  9  4  2  4  3  7  8  5  6  9  5  5  6  6  8  4  2  4  5  0  7  9  1  5  9  5  9  7  9
  3  6  9  2  7  9  2  9  7  6  5  5  2  9  6  5  7  7  3  7  9  2  9  6  8  1  4  5  6  1  5  3  3  2  7  8  3  7  8  9  7  0  2  3  4  4  3  5  6  3
  9  1  7  8  2  4  7  8  4  4  1  8  6  9  7  8  8  4  8  7  4  1  2  6  8  1  5  7  9  7  8  5  8  2  3  6  1  1  2  7  1  2  0  7  7  2  1  3  7  4
  7  2  3  2  2  4  9  1  5  9  2  1  4  3  3  5  9  3  2  8  5  8  3  5  5  6  4  5  9  4  5  4  5  1  8  9  9  1  6  4  3  1  5  0  7  3  5  1  2  7
  3  9  6  6  3  6  7  4  2  5  8  8  2  1  9  4  5  8  6  8  1  8  3  8  6  8  3  5  6  4  9  6  3  4  1  6  9  5  6  2  7  9  1  2  0  3  3  7  7  6
  8  8  4  5  8  8  3  8  7  4  3  3  3  8  5  2  4  7  6  4  3  3  2  3  8  2  2  4  9  8  4  6  7  8  1  6  4  1  8  4  9  3  4  3  3  0  1  2  7  4
  5  4  3  8  1  7  6  4  8  4  9  1  6  7  5  5  8  7  1  6  6  1  7  8  1  6  7  1  4  9  4  1  7  3  8  6  5  6  2  6  5  8  9  6  3  2  0  7  8  6
  5  5  3  3  5  9  6  8  3  8  2  9  6  8  5  1  4  7  7  7  7  3  3  5  7  3  4  5  4  8  6  5  6  4  6  1  8  2  7  3  3  4  2  4  2  7  6  0  3  7
  4  5  1  3  8  9  1  7  9  8  7  2  1  5  8  6  2  1  9  9  9  3  1  2  4  8  7  8  1  4  9  3  5  1  2  7  2  3  8  4  3  3  6  9  2  1  6  4  0  3
  1  9  6  7  8  6  7  6  4  3  5  4  9  1  1  8  4  5  4  6  4  5  3  1  8  3  7  1  6  7  4  5  6  8  8  6  9  5  3  8  8  8  5  9  4  7  9  1  2  0
M2
  0  9  9  4  7  7  4  7  1  5  2  8  8  2  6  3  8  2  2  9  4  9  4  2  8  4  8  8  5  8  5  4  3  9  9  4  6  5  1  9  3  4  9  1  6  5  4  3  1  1
  1  0  9  7  9  7  6  9  7  8  2  8  1  9  8  2  4  1  8  3  1  1  7  5  9  7  5  1  9  5  1  7  5  3  5  9  9  6  7  9  4  9  3  7  4  6  2  6  3  7
  2  2  0  4  8  2  9  3  2  9  5  5  3  7  4  6  8  1  6  8  6  2  9  9  9  3  1  7  6  6  1  7  9  2  8  1  8  2  5  3  9  7  8  9  2  4  7  5  5  1
  6  8  5  0  6  8  1  9  2  1  1  1  3  8  6  3  8  4  2  5  7  3  3  4  3  5  5  6  6  9  1  7  1  5  8  3  3  2  2  3  2  5  5  5  3  6  4  8  2  4
  4  6  9  7  0  9  1  7  9  4  2  2  4  9  4  3  5  3  1  5  9  8  6  9  9  5  1  3  1  3  7  1  6  6  5  8  6  8  5  8  7  3  9  2  6  5  7  1  4  9
  1  6  2  6  5  0  8  1  3  6  7  8  7  3  2  7  3  5  1  4  1  6  2  5  4  7  9  2  4  8  1  1  8  9  6  6  6  5  9  5  1  6  4  8  3  1  2  2  6  6
  3  5  3  2  4  2  0  1  6  7  1  1  7  8  7  1  3  8  2  9  3  1  7  1  3  7  1  7  7  7  6  5  5  4  5  2  3  6  2  7  1  3  7  8  1  8  7  5  2  6
  6  7  6  3  1  3  2  0  6  5  1  3  4  5  5  4  1  4  4  3  1  3  9  1  7  9  3  9  9  3  5  5  3  4  9  8  9  6  5  6  5  4  5  5  7  2  8  7  8  1
  7  7  1  4  4  6  1  5  0  9  5  7  9  7  3  8  5  2  4  3  4  3  1  7  4  8  7  3  9  6  3  8  6  5  1  9  3  5  6  5  3  1  6  7  2  2  1  6  9  6
  4  4  3  5  3  7  7  1  6  0  3  1  6  3  5  6  8  3  3  5  5  9  3  5  4  6  3  5  5  4  7  9  8  7  8  2  7  6  6  3  3  3  3  3  7  4  3  5  8  3
  4  4  9  6  1  4  3  1  7  1  0  7  6  2  3  5  6  8  6  8  9  6  7  1  2  9  2  3  8  7  9  6  2  8  6  5  5  1  5  2  3  5  6  3  4  1  5  4  7  7
  1  7  9  2  6  1  4  1  7  5  6  0  8  7  6  2  6  7  3  8  2  1  9  7  5  4  9  4  6  6  2  7  3  9  2  7  8  6  9  6  4  1  1  8  8  1  5  6  2  5
  1  5  9  1  8  6  7  9  5  2  8  5  0  5  2  2  3  6  8  7  5  6  5  5  9  5  4  6  3  4  7  8  1  1  1  9  9  1  4  4  6  1  3  7  3  7  3  9  9  5
  5  1  2  7  5  9  8  1  2  9  7  3  5  0  3  3  9  4  6  4  8  1  7  9  4  5  4  2  2  3  7  9  8  8  9  4  4  5  8  3  1  3  8  9  4  9  2  6  4  8
  8  4  2  1  1  4  4  1  7  4  7  1  8  6  0  9  9  5  6  4  8  7  4  5  3  5  2  7  6  8  8  9  8  6  6  5  2  3  5  6  7  5  4  3  4  6  6  9  2  9
  8  9  2  5  7  3  3  7  2  1  9  3  2  1  4  0  2  6  6  1  7  1  2  1  4  9  6  4  7  5  9  7  8  6  1  9  4  2  8  8  8  3  9  4  3  3  9  7  5  1
  7  1  4  3  9  6  7  7  6  5  5  4  4  9  4  2  0  6  3  6  7  9  3  4  8  6  5  4  3  3  8  6  4  8  4  4  7  3  3  4  1  2  8  5  5  7  8  5  8  6
  1  8  4  4  4  3  2  1  2  8  5  1  8  3  2  5  1  0  8  6  2  4  5  3  6  5  2  7  2  4  8  3  4  5  3  3  8  3  8  7  2  1  7  5  9  7  9  2  4  5
  5  4  8  7  5  2  7  5  9  2  1  3  7  1  3  9  3  9  0  6  9  8  2  6  3  1  5  4  7  9  2  5  5  1  5  9  5  7  1  8  4  1  2  5  7  1  9  8  1  4
  6  2  9  5  9  1  6  4  8  5  3  1  2  3  8  9  8  5  8  0  5  5  1  6  5  4  3  2  8  2  5  5  8  5  2  1  6  2  7  6  5  4  7  1  3  9  1  2  6  9
  4  9  8  3  6  6  2  7  1  9  7  4  4  4  1  1  6  1  8  8  0  7  3  8  4  1  5  4  9  6  6  7  1  4  7  7  3  4  9  4  9  7  9  4  7  4  4  4  4  3
  8  9  6  7  2  3  7  8  7  3  6  8  2  6  4  7  6  9  8  6  9  0  3  9  2  6  8  3  2  4  2  9  6  6  5  1  8  5  8  8  9  6  7  1  4  2  8  5  3  9
  8  6  7  9  2  7  2  7  6  9  5  8  6  1  8  3  9  1  1  4  2  3  0  8  6  5  2  4  1  8  9  7  8  7  1  3  4  8  7  5  4  8  3  3  7  1  5  7  1  9
  5  5  6  4  1  9  4  4  1  6  5  5  6  8  2  7  9  7  9  8  2  4  7  0  1  5  8  8  4  5  4  1  4  3  1  8  1  9  6  3  3  8  5  3  6  1  3  1  3  6
  9  7  5  5  3  4  4  6  6  4  2  7  2  8  1  3  8  3  4  6  9  8  3  8  0  2  6  5  6  3  6  8  5  2  6  5  3  7  6  1  2  2  2  9  8  3  8  4  9  3
  7  1  2  3  9  2  5  4  5  4  8  6  3  1  2  2  1  7  9  3  4  1  5  9  3  0  9  5  9  6  1  6  3  7  4  8  6  5  2  2  3  8  5  7  7  9  7  9  3  3
  8  8  2  3  8  3  2  1  4  9  9  6  1  6  4  1  7  4  6  1  7  5  6  4  5  6  0  7  7  9  8  6  6  6  6  7  7  8  5  6  1  7  5  6  5  6  2  2  4  4
  1  2  6  9  3  3  9  7  8  8  5  8  5  4  3  3  5  5  3  3  1  4  3  9  7  9  7  0  1  8  7  3  2  4  5  5  9  7  1  7  1  6  2  8  7  7  9  5  9  8
  2  2  1  5  7  8  2  7  6  1  7  8  1  8  4  4  7  7  7  6  4  1  9  9  9  7  3  9  0  2  1  2  2  6  1  6  5  2  9  2  4  5  5  3  4  3  2  9  5  1
  8  9  3  5  1  2  5  2  1  9  4  8  7  1  3  8  5  1  8  3  3  8  5  3  3  9  4  9  5  0  6  6  7  9  1  3  1  7  9  8  9  3  9  8  9  4  7  8  3  1
  9  6  7  7  5  1  9  7  9  3  3  5  4  7  9  5  5  5  5  7  1  6  7  5  4  8  1  3  2  6  0  9  9  7  3  1  1  8  8  5  8  3  3  7  7  2  2  1  2  5
  6  5  5  6  2  4  9  7  7  2  8  8  6  6  7  6  7  1  6  2  3  5  8  8  4  6  1  7  5  9  6  0  9  1  7  1  2  7  1  3  4  4  1  8  4  2  2  2  4  7
  1  4  3  7  6  7  8  4  2  2  5  2  1  5  2  5  3  2  8  2  6  2  1  3  6  3  1  1  4  5  3  6  0  4  9  2  6  6  1  2  6  2  4  9  4  3  9  7  6  9
  4  5  2  4  5  5  8  9  3  4  1  3  2  6  9  8  4  1  5  5  5  3  4  9  2  5  9  8  9  8  4  1  1  0  2  8  8  9  9  9  8  4  9  3  1  3  1  2  5  6
  1  1  4  5  7  2  2  1  3  6  8  3  2  8  5  9  3  3  4  1  5  5  2  1  7  1  4  4  6  7  2  3  5  1  0  3  2  4  4  1  7  1  3  8  1  4  8  7  4  9
  8  5  4  7  5  6  9  6  9  4  9  1  3  1  8  6  9  3  2  7  1  8  9  5  8  5  7  5  6  2  3  9  2  5  2  0  5  7  5  8  9  5  6  3  3  4  9  2  3  8
  1  6  2  5  5  7  7  7  5  6  1  5  4  7  9  4  6  7  1  5  6  4  9  9  6  7  7  5  9  9  2  3  6  6  8  6  0  1  6  7  5  5  2  3  4  8  1  7  5  8
  9  5  1  5  6  1  9  3  3  8  3  1  9  7  7  3  8  9  7  6  3  1  6  2  6  7  2  7  8  1  9  2  9  9  1  4  5  0  3  8  2  3  7  1  6  9  7  1  1  2
  3  5  8  9  9  8  5  5  7  8  1  1  4  3  9  6  1  7  1  3  8  7  3  4  4  6  3  7  2  7  6  1  8  4  2  5  5  3  0  7  4  3  3  4  6  6  4  2  4  1
  5  2  7  9  6  7  8  9  9  3  3  7  8  7  1  7  5  1  3  4  3  7  8  1  8  2  4  7  1  9  8  8  3  9  2  3  7  4  8  0  6  2  5  9  5  1  9  4  2  5
  3  4  2  6  9  3  8  8  2  4  8  6  4  4  7  9  1  4  2  1  6  2  1  7  7  9  5  7  7  4  1  7  8  7  3  6  6  9  4  6  0  1  6  6  9  2  8  7  2  1
  8  6  5  2  9  1  3  8  8  4  1  1  9  7  7  4  5  2  4  4  2  1  9  3  3  8  3  5  5  2  8  1  9  3  2  7  8  6  4  6  4  0  3  5  1  9  4  7  6  8
  9  7  2  8  1  1  1  6  8  1  2  2  5  6  2  5  9  2  8  6  3  6  7  9  1  7  3  3  3  7  9  3  1  6  7  7  5  1  3  9  6  8  0  6  1  1  8  3  5  4
  9  3  5  3  7  9  7  7  1  8  8  9  6  6  4  5  3  4  7  6  4  4  9  6  8  5  6  7  4  8  6  1  5  3  3  6  4  2  6  7  3  3  8  0  5  9  2  4  1  1
  2  7  1  6  3  6  6  1  2  2  1  3  6  7  7  6  8  4  6  1  3  2  7  7  5  4  5  5  2  8  4  1  5  3  5  3  8  4  2  6  3  7  7  9  0  8  7  3  5  7
  8  9  9  3  9  1  8  4  2  6  9  9  7  5  4  8  6  1  2  5  8  2  4  4  5  4  3  8  3  5  7  6  2  5  5  5  6  7  5  1  4  8  6  5  2  0  4  2  4  7
  1  6  9  4  9  3  2  4  9  8  1  8  3  4  5  2  6  8  5  2  1  3  7  3  6  2  3  9  1  8  3  9  6  9  3  2  5  5  1  9  9  9  1  5  9  5  0  4  9  3
  6  2  7  6  5  9  2  6  5  6  7  3  5  3  2  2  5  3  8  4  7  9  1  7  6  3  5  9  2  3  1  7  1  1  2  6  2  9  1  9  4  4  7  9  8  3  7  0  2  6
  6  4  5  7  4  7  4  1  7  3  8  6  4  9  8  9  5  3  6  6  3  3  4  2  3  6  7  8  2  3  8  6  2  9  4  4  8  7  8  2  6  4  5  3  3  8  4  8  0  4
  8  1  9  8  7  9  2  3  7  7  3  1  9  8  3  5  7  2  9  1  1  1  3  9  4  4  2  8  2  3  4  2  4  7  8  2  5  5  5  2  5  4  1  7  3  2  9  8  4  0
M3
  0  9  6  1  5  1  3  3  9  9  9  2  7  6  4  1  6  3  9  1  5  1  9  4  5  7  9  5  4  8  8  1  2  9  8  4  9  8  5  1  6  2  9  7  8  3  8  7  5  3
  4  0  8  5  8  5  5  6  1  6  8  1  7  2  7  9  4  3  1  5  7  6  5  9  5  4  3  1  7  5  7  8  7  4  6  3  4  9  2  1  6  2  2  5  5  2  1  9  6  7
  5  9  0  5  9  9  1  7  6  1  1  4  9  7  1  6  7  6  1  8  1  4  1  6  2  2  8  5  9  5  7  9  9  5  9  1  5  3  4  5  9  8  8  3  6  2  3  2  8  6
  5  4  1  0  3  3  6  7  9  5  8  8  1  5  5  4  3  8  5  1  4  7  6  5  5  7  4  5  8  1  6  1  6  7  9  2  6  9  9  9  3  8  7  4  3  1  7  8  7  6
  7  6  3  6  0  4  4  2  8  9  3  4  5  6  3  9  8  5  6  9  4  1  1  7  4  3  9  2  7  8  9  5  6  3  5  6  1  3  3  1  9  2  6  9  4  6  9  7  8  5
  1  5  3  1  8  0  2  1  7  7  4  1  5  4  3  3  1  3  9  8  3  9  6  1  4  3  5  7  8  9  6  4  1  9  9  9  6  1  1  3  7  2  5  8  9  3  3  7  2  2
  2  7  8  2  2  9  0  9  4  8  8  3  2  5  7  8  4  8  9  2  2  4  7  1  8  8  7  7  1  6  3  3  2  4  5  8  5  3  8  1  2  4  2  4  6  8  4  1  7  7
  3  8  3  7  1  5  7  0  2  8  4  7  6  2  3  3  8  5  3  5  9  8  5  6  5  9  7  1  1  6  5  8  9  4  1  2  6  3  1  3  5  1  7  4  2  6  9  7  1  4
  1  6  8  7  9  3  5  8  0  6  4  5  1  9  5  4  6  2  6  6  2  1  9  8  8  7  2  6  8  7  3  1  3  3  1  4  6  6  5  7  9  5  1  7  2  6  4  4  7  3
  5  7  2  7  4  6  4  5  3  0  6  6  4  6  7  2  9  4  5  8  9  1  3  6  2  7  4  1  9  1  2  2  8  7  5  2  3  6  5  5  6  9  1  9  5  2  8  1  2  2
  8  2  6  4  1  2  8  3  9  6  0  6  6  7  5  9  7  4  9  7  5  3  9  5  9  3  2  2  4  7  8  1  1  1  8  8  2  2  8  1  4  1  9  8  9  7  1  7  2  5
  3  2  3  6  5  5  4  9  9  6  8  0  7  7  3  7  9  7  7  3  8  7  5  9  2  6  9  3  7  3  8  9  2  8  5  5  5  8  5  1  5  7  3  1  3  5  2  6  8  5
  7  1  1  5  8  7  9  5  2  1  9  6  0  7  4  6  1  5  1  5  9  8  6  4  1  3  4  2  8  1  4  8  3  8  4  1  3  1  2  6  8  6  3  5  9  7  1  7  4  9
  2  2  5  4  9  7  7  1  6  3  8  3  5  0  3  3  6  3  4  7  9  3  9  2  8  9  8  3  6  5  9  2  8  2  6  6  7  7  7  7  8  4  8  8  8  5  9  1  6  9
  7  6  2  3  8  9  1  9  3  5  1  4  8  8  0  4  4  5  2  3  3  5  9  9  3  8  7  9  8  8  6  6  1  2  1  9  2  5  4  1  5  8  4  8  1  4  8  6  6  9
  8  8  3  1  2  1  9  8  9  9  9  9  1  4  7  0  9  9  9  4  7  4  7  9  9  7  5  6  4  3  7  2  6  7  4  7  5  1  2  8  4  4  2  5  8  2  2  4  2  5
  9  2  7  7  7  9  9  4  9  3  3  4  6  4  9  9  0  4  3  3  9  4  8  6  3  2  9  8  1  9  4  8  4  9  9  4  3  8  2  8  7  5  3  1  1  4  3  5  5  5
  7  2  3  7  9  9  4  7  3  3  4  8  1  1  3  7  3  0  5  7  2  8  7  9  9  6  5  4  2  4  8  8  4  8  1  9  8  9  4  5  7  4  1  7  3  3  2  6  8  8
  4  7  7  3  2  3  7  7  6  7  2  8  5  5  4  5  6  4  0  7  1  6  2  1  3  8  8  6  8  8  1  5  4  8  4  1  5  3  2  3  3  3  7  1  1  7  9  7  5  5
  3  2  4  4  7  3  8  7  7  8  6  3  8  6  6  3  6  7  7  0  1  2  3  2  9  3  2  5  3  5  6  8  8  3  2  5  2  5  2  1  3  1  5  2  8  1  3  5  8  2
  8  4  5  5  4  4  5  8  4  1  2  1  6  4  5  3  2  3  8  1  0  5  5  7  8  7  6  3  6  5  8  7  5  8  5  5  8  8  8  7  3  6  5  7  4  2  2  3  3  8
  8  7  6  9  7  7  5  7  4  3  7  1  3  9  5  8  5  2  6  4  9  0  7  5  2  5  5  1  3  9  1  6  7  5  6  2  4  7  7  8  3  7  2  4  6  5  2  5  8  5
  7  6  9  4  6  5  8  3  3  2  7  7  2  3  6  9  6  3  5  9  3  5  0  7  8  6  6  2  2  7  9  2  4  3  7  8  1  1  1  5  9  6  8  2  2  5  8  4  8  8
  2  8  5  1  6  4  4  9  6  6  8  4  2  7  4  7  6  1  3  2  4  8  4  0  4  6  2  5  3  6  1  9  7  2  7  7  4  5  4  1  7  4  8  5  9  3  1  8  3  9
  2  4  7  1  2  2  2  8  8  4  4  2  9  5  4  9  7  6  9  4  4  5  6  9  0  5  1  4  1  9  6  2  4  2  1  2  3  5  5  6  9  9  9  9  9  3  4  9  3  1
  5  4  1  3  6  2  9  1  1  7  8  8  1  2  3  2  1  4  2  8  7  3  8  8  9  0  5  2  5  1  5  2  4  5  6  7  5  3  7  2  8  8  9  5  3  9  4  5  4  1
  1  4  2  4  4  7  1  4  3  4  9  1  5  8  8  6  5  9  2  8  3  6  9  7  3  1  0  2  5  9  8  5  9  7  8  7  8  3  8  6  8  4  7  1  8  2  3  4  5  4
  9  2  3  6  7  3  4  4  7  6  8  7  8  7  1  4  9  3  9  1  9  6  6  7  5  3  6  0  1  4  5  6  2  5  5  2  2  9  8  7  4  3  6  8  6  3  4  5  9  3
  3  1  6  5  5  9  4  1  6  4  4  3  4  3  9  4  4  9  9  4  6  9  8  5  9  5  7  2  0  3  4  4  5  2  4  7  4  7  7  7  4  7  9  3  3  3  6  4  6  7
  8  3  9  5  8  6  7  5  5  7  9  5  1  9  2  5  8  6  9  5  3  2  8  3  3  5  3  4  5  0  6  9  6  9  5  9  8  2  8  9  3  8  1  2  3  1  2  5  1  5
  2  3  1  7  7  4  1  8  7  1  5  4  5  6  1  6  3  1  6  3  5  3  3  6  5  4  5  1  9  7  0  6  7  7  6  9  4  8  7  7  4  1  7  2  2  3  1  7  2  5
  1  3  5  6  2  5  6  3  2  4  7  9  3  9  9  4  3  5  6  7  6  9  6  2  2  1  1  3  2  6  2  0  4  8  5  5  1  3  6  2  2  2  7  1  9  7  1  8  5  2
  6  9  3  9  1  6  6  4  1  9  4  8  9  3  8  9  6  6  1  2  1  9  9  3  6  5  4  8  9  7  6  6  0  8  2  5  7  3  3  3  7  5  5  5  3  4  2  7  3  6
  1  6  8  8  6  1  2  3  2  6  2  2  6  6  2  4  2  2  2  8  9  3  3  4  8  4  9  1  6  6  8  6  8  0  6  8  9  6  3  3  2  5  3  9  5  6  3  4  2  9
  2  2  8  6  3  8  8  8  7  2  5  1  3  7  7  7  5  5  4  8  5  2  7  2  9  4  6  3  6  4  1  2  6  7  0  2  8  1  7  4  1  7  2  5  8  1  7  4  8  7
  9  5  5  3  7  1  2  3  3  4  4  9  4  5  7  5  4  2  5  5  5  7  9  1  9  2  8  5  5  4  6  9  9  7  3  0  3  8  8  4  9  4  6  5  3  7  7  1  3  2
  7  3  6  8  2  1  1  8  7  4  2  4  9  5  7  8  3  3  9  7  8  2  4  2  8  5  1  6  5  8  1  9  4  7  4  5  0  4  3  8  5  2  8  7  8  9  7  6  7  5
  1  4  8  7  9  4  4  1  3  7  6  7  5  9  1  4  7  5  1  9  2  2  6  2  9  7  6  6  6  6  1  8  1  8  7  8  9  0  4  3  1  7  4  6  2  7  3  4  3  1
  7  7  4  5  3  3  2  4  3  3  6  3  9  8  4  3  2  2  1  7  3  8  1  3  8  3  2  2  1  8  4  2  9  9  1  5  6  5  0  3  4  2  4  5  3  3  6  4  6  2
  9  3  2  2  8  6  8  7  9  5  1  3  6  8  4  2  2  6  6  1  1  9  2  4  1  9  4  6  9  5  2  4  8  1  7  4  4  4  8  0  7  4  7  9  5  6  6  5  4  8
  4  5  4  7  4  7  1  8  9  2  9  8  4  3  1  1  1  5  2  3  5  1  1  1  6  3  1  5  1  3  3  6  7  9  9  7  5  2  9  5  0  7  5  9  4  6  8  9  7  7
  6  9  5  1  7  4  1  3  8  9  2  1  7  8  9  2  3  1  3  4  4  4  5  6  9  5  8  7  3  3  2  8  3  2  5  3  9  8  4  7  8  0  5  8  5  1  4  7  1  1
  2  3  1  8  2  1  3  2  2  7  7  5  4  9  5  7  8  8  2  2  8  8  3  9  6  1  4  4  7  9  1  1  2  9  1  6  7  3  5  3  4  6  0  9  8  2  4  5  6  4
  4  9  8  6  7  4  5  7  8  7  7  3  5  1  3  3  3  2  9  7  1  6  2  6  4  8  5  9  6  6  1  3  4  6  6  7  2  4  1  9  5  2  9  0  9  6  3  8  1  9
  1  8  9  4  9  9  4  7  5  5  4  7  5  9  8  5  5  2  5  2  5  5  2  2  4  2  7  3  3  6  8  9  1  6  1  1  6  8  7  8  1  5  3  9  0  8  4  2  9  4
  1  7  1  3  8  5  1  7  4  6  6  4  9  5  8  3  1  8  8  1  4  1  6  8  2  1  6  6  6  2  9  6  5  5  6  8  4  5  9  1  6  9  2  3  3  0  8  3  7  8
  2  3  4  7  6  9  4  3  7  1  6  2  6  5  4  9  3  6  9  3  5  9  8  4  7  9  4  1  5  5  6  9  7  2  5  1  4  3  4  4  8  4  2  3  7  8  0  6  4  6
  8  6  1  9  6  8  2  7  4  5  9  4  1  9  6  4  7  7  8  5  1  7  6  1  3  9  9  6  6  6  9  4  1  9  5  7  1  6  1  1  5  4  5  1  6  8  9  0  6  2
  9  7  7  3  2  8  6  8  9  1  3  4  2  9  8  4  2  1  3  7  1  2  9  7  7  2  6  9  5  8  3  9  4  6  7  9  5  2  9  9  3  9  7  1  9  9  6  8  0  9
  4  2  3  2  5  9  7  2  3  1  7  5  7  5  8  4  9  8  9  4  4  9  4  8  1  3  9  4  6  2  5  7  5  1  3  9  6  7  2  8  2  5  6  9  3  6  7  5  8  0
M4
  0  1  2  4  9  1  6  3  2  8  7  3  7  9  3  3  9  1  7  7  5  5  1  5  4  3  6  9  6  9  3  9  1  2  8  7  9  6  2  1  5  6  3  8  1  8  6  3  4  5
  6  0  5  6  3  3  2  5  6  2  3  6  6  8  3  2  6  7  5  3  6  4  9  9  5  9  7  2  7  2  2  2  6  9  1  5  8  5  4  7  3  2  9  3  2  6  2  3  8  1
  4  3  0  7  2  5  5  4  9  8  6  6  6  5  3  3  6  7  7  4  5  3  4  5  6  3  4  5  5  6  6  6  1  3  3  5  6  4  7  5  1  4  6  5  9  6  6  9  2  6
  8  2  8  0  4  1  5  8  9  6  6  6  7  1  1  5  5  3  5  8  6  5  6  2  7  5  9  6  2  6  7  3  4  3  6  4  3  1  4  5  3  7  3  4  2  9  6  2  3  5
  2  7  5  8  0  7  1  1  8  6  5  6  7  8  3  3  2  9  6  8  4  9  9  6  7  8  3  7  2  7  7  5  3  8  3  7  8  9  4  7  5  2  1  7  5  7  6  4  8  7
  3  5  4  7  1  0  9  9  9  5  7  2  7  8  9  5  1  4  4  6  9  9  8  1  6  5  2  6  9  1  6  1  1  7  5  1  1  5  1  7  4  7  2  7  2  6  8  9  4  4
  6  8  2  9  1  5  0  6  4  8  9  5  1  4  2  1  7  8  1  8  1  7  8  4  9  3  3  7  8  2  2  9  4  6  7  2  7  7  4  6  8  4  1  9  9  9  9  9  9  9
  9  8  3  9  7  6  3  0  4  8  5  9  2  4  7  8  4  6  2  2  8  1  1  6  9  6  7  3  7  5  6  2  1  1  1  8  3  6  3  6  5  8  2  6  3  7  2  1  7  6
  9  7  2  9  1  1  8  1  0  5  1  6  9  2  8  7  4  5  5  6  8  3  5  2  3  7  5  1  8  3  1  4  2  9  4  9  1  6  4  3  9  4  6  2  7  4  5  3  1  2
  5  2  4  2  2  6  7  8  7  0  3  9  6  7  5  9  2  5  8  8  7  6  4  3  3  9  8  2  4  7  6  4  7  7  6  7  6  5  9  5  3  9  8  9  1  4  7  8  9  3
  8  9  5  2  4  8  4  6  9  9  0  1  9  3  9  8  3  8  4  6  7  4  4  4  7  5  5  7  3  8  3  8  7  3  1  7  3  3  3  1  1  9  7  7  4  9  9  1  6  2
  9  5  2  3  5  7  2  6  9  9  7  0  5  5  8  8  2  8  9  2  3  7  1  1  4  8  8  7  2  2  5  9  7  4  9  9  7  4  8  4  1  7  6  5  2  5  5  8  9  8
  6  9  5  6  9  2  1  8  6  1  8  5  0  7  9  6  6  9  5  1  8  6  2  4  5  1  7  3  6  5  7  8  9  8  4  6  6  7  4  5  9  5  8  5  1  2  7  5  3  6
  3  3  9  3  9  9  3  9  4  8  9  4  1  0  9  2  8  4  5  2  5  7  7  4  7  5  3  1  1  3  2  5  3  3  8  4  1  4  7  8  2  9  4  5  8  3  7  6  1  9
  8  3  7  5  8  7  9  7  3  4  5  5  6  9  0  7  4  4  7  8  6  7  9  8  4  9  9  3  2  9  6  3  1  7  6  2  4  1  7  5  7  2  8  8  4  3  6  1  1  4
  3  7  7  5  8  6  1  6  1  3  5  4  2  6  9  0  7  9  5  4  4  2  1  8  6  9  2  5  7  8  3  1  4  8  9  8  4  3  5  8  1  3  1  3  1  5  3  8  2  8
  8  5  6  2  5  4  5  6  9  2  4  7  2  8  7  2  0  1  4  9  6  1  4  3  4  3  2  2  8  4  8  5  2  9  8  2  6  7  2  6  8  9  3  6  3  8  1  7  9  4
  7  7  7  3  3  6  3  9  3  9  1  7  5  2  4  6  1  0  2  6  4  9  4  2  9  2  7  6  9  3  5  8  1  4  9  1  9  4  7  5  5  5  2  6  9  7  3  4  7  2
  1  4  5  7  4  7  8  1  6  7  9  3  2  6  7  2  5  6  0  1  7  7  3  1  8  6  3  1  6  9  1  6  9  9  9  8  4  1  1  3  7  8  4  6  9  5  4  3  1  8
  5  3  9  8  3  7  6  4  3  5  9  6  8  3  1  9  6  6  3  0  7  4  9  5  9  9  4  7  4  4  6  9  4  2  1  4  9  4  1  2  6  5  6  7  1  1  6  6  1  1
  1  5  1  6  3  9  2  5  1  5  3  6  2  7  2  6  3  7  4  3  0  5  8  7  8  8  7  4  8  3  3  5  7  7  3  5  9  4  5  9  4  1  7  3  5  2  2  8  6  5
  5  3  1  1  6  3  2  5  4  8  7  7  1  8  3  3  5  4  8  4  1  0  4  1  9  7  2  2  5  1  9  8  7  1  1  9  6  7  6  8  8  3  5  9  3  3  4  7  4  2
  2  3  7  1  3  7  8  8  4  3  8  2  6  3  2  8  3  7  3  8  1  2  0  7  3  8  2  3  2  1  9  3  2  6  8  5  1  2  8  6  8  1  8  9  7  9  5  1  6  6
  2  1  9  2  6  4  5  7  1  8  1  2  6  8  7  2  7  7  7  8  6  5  6  0  3  7  6  8  4  3  1  5  2  1  8  4  1  6  1  7  4  8  1  6  7  1  8  3  3  1
  4  4  2  1  5  9  1  1  2  4  5  4  7  6  1  3  1  4  3  7  1  6  1  6  0  8  3  6  9  3  6  9  9  4  9  4  6  7  3  8  3  3  4  4  1  9  6  6  2  6
  4  9  3  5  9  5  3  7  4  6  3  6  2  9  7  6  1  8  4  5  1  7  3  8  5  0  1  4  1  5  2  6  3  6  8  7  8  9  8  6  1  1  9  8  5  5  2  6  7  6
  6  6  9  3  7  5  8  5  2  3  7  3  6  2  8  6  7  5  6  7  5  4  3  3  3  1  0  7  5  6  5  4  6  6  3  2  9  4  3  6  5  1  5  3  5  6  4  6  1  6
  4  7  5  8  2  5  9  2  9  1  9  4  8  1  8  9  3  7  5  4  9  8  1  3  6  1  4  0  1  3  8  9  6  1  7  7  3  9  5  6  3  2  9  7  3  3  8  7  7  6
  1  1  9  6  6  4  1  7  8  5  1  3  8  3  7  2  4  3  3  7  5  2  4  8  9  7  5  3  0  7  4  3  7  3  3  2  5  5  8  8  2  3  7  4  9  7  5  1  6  1
  2  8  9  6  2  7  4  4  6  5  6  2  9  6  2  9  6  6  3  1  8  5  4  3  5  4  4  9  2  0  7  1  5  9  8  9  6  8  6  5  8  1  3  4  5  7  6  5  4  4
  7  3  9  6  1  2  8  4  6  1  4  6  9  5  8  5  8  8  6  5  6  7  1  6  5  9  9  1  8  2  0  3  9  1  9  7  5  6  2  9  6  3  8  5  1  9  6  6  7  1
  3  4  3  4  5  1  3  9  8  6  6  2  1  6  5  8  8  8  5  4  7  5  8  3  6  8  6  1  8  3  1  0  9  4  3  2  2  8  8  8  6  6  9  2  8  4  3  3  4  9
  2  9  1  4  9  9  8  4  7  3  5  7  6  2  7  7  6  8  4  1  5  9  1  2  3  5  1  7  8  6  3  6  0  6  3  3  9  9  7  7  6  7  9  1  9  2  8  4  4  7
  3  8  4  8  5  8  1  4  2  6  6  3  2  4  1  2  2  2  6  1  5  7  6  9  6  3  7  1  2  3  1  3  4  0  2  3  2  4  2  8  4  9  1  3  6  5  7  6  4  2
  1  8  8  4  8  8  3  6  9  8  2  2  4  7  2  1  7  6  3  2  1  9  9  2  3  5  5  4  3  2  7  1  8  3  0  9  6  6  3  3  5  5  4  4  6  9  5  6  3  7
  3  4  9  5  4  1  4  7  2  5  2  3  6  3  2  9  8  8  1  1  1  6  1  2  6  5  1  3  3  5  5  8  5  2  1  0  7  9  4  1  9  9  4  1  1  4  6  3  8  2
  4  1  2  4  4  7  4  8  3  5  6  2  4  9  4  4  7  1  1  7  2  5  8  4  6  6  7  5  5  4  1  3  3  8  2  8  0  2  3  4  4  6  1  5  7  2  8  4  4  3
  4  5  4  4  9  6  6  2  1  4  5  2  1  7  4  9  8  5  6  7  8  5  3  2  3  8  1  9  3  3  1  5  8  9  9  5  2  0  2  3  9  7  9  9  9  8  3  1  8  6
  1  6  5  5  3  5  1  8  5  7  2  8  6  9  1  4  7  4  8  8  7  8  5  4  8  4  2  9  8  4  2  1  2  3  6  1  6  1  0  8  4  3  9  8  2  4  2  2  1  5
  1  2  8  8  1  2  4  4  7  6  5  3  7  9  2  5  6  4  9  3  6  1  5  8  2  5  9  3  1  7  2  1  4  5  3  2  8  5  2  0  8  2  8  8  1  1  6  9  7  5
  2  3  4  6  9  4  8  4  9  9  7  3  9  5  7  3  2  3  9  5  4  2  5  8  9  5  4  7  5  7  2  6  3  1  4  6  4  8  5  6  0  2  9  3  8  4  2  2  5  5
  3  3  9  7  9  5  5  2  6  6  2  6  5  5  8  4  5  5  5  7  4  5  8  3  6  2  9  4  4  5  8  4  9  9  6  9  2  1  8  7  8  0  3  1  8  6  7  9  3  1
  4  3  1  4  2  5  2  1  6  3  9  1  7  1  9  2  7  9  2  1  9  8  5  3  6  5  3  7  4  6  4  5  5  4  2  4  1  7  2  7  6  5  0  7  3  7  6  1  2  4
  1  2  5  8  1  7  3  4  9  2  3  3  8  3  3  2  2  4  3  4  4  2  6  8  1  9  8  8  2  4  7  9  1  8  3  4  3  4  3  3  7  1  7  0  7  3  6  9  5  1
  3  8  6  7  4  5  3  2  2  6  2  3  5  9  5  9  2  7  4  2  5  2  9  8  3  5  2  9  8  2  5  7  4  4  5  4  3  4  1  9  5  3  6  5  0  9  6  5  5  5
  1  2  8  1  7  7  2  7  1  5  9  2  7  4  1  4  4  2  1  4  6  9  7  4  9  3  4  7  6  6  4  1  7  5  1  4  5  2  7  7  7  3  2  8  4  0  4  4  1  1
  5  3  6  2  3  3  4  7  5  4  9  5  3  9  8  1  4  2  2  9  2  3  4  7  8  4  1  5  2  6  1  8  2  1  4  5  4  9  6  9  6  1  1  1  8  4  0  9  3  5
  7  5  3  1  7  8  7  4  4  8  4  1  6  4  9  2  2  4  6  2  3  6  5  8  3  5  3  9  7  4  3  4  4  6  3  4  8  2  3  3  2  1  1  5  4  8  9  0  4  7
  4  1  2  8  4  5  3  3  1  3  5  1  1  3  2  1  4  8  9  8  7  7  3  3  1  7  3  6  5  2  7  2  2  4  4  2  2  4  9  4  1  2  7  2  1  2  5  9  0  4
  5  8  4  4  9  6  4  1  9  6  8  4  8  7  2  5  6  3  8  2  8  1  7  2  5  4  9  8  5  1  6  7  7  6  8  1  4  6  4  3  9  3  4  1  9  6  5  6  7  0
M5
  0  1  3  8  1  1  3  5  9  3  5  3  1  5  2  7  2  9  1  2  1  7  3  5  3  5  5  7  4  3  9  2  6  4  3  1  9  6  2  6  6  4  7  3  3  9  9  8  9  9
  6  0  1  9  4  8  3  8  2  8  5  2  5  6  1  7  2  4  8  2  3  8  5  8  8  8  9  1  8  3  9  3  5  5  1  9  4  7  7  3  7  4  5  2  9  7  5  8  3  8
  7  1  0  5  2  1  7  8  6  8  4  9  1  6  1  4  8  8  4  8  6  2  1  7  7  2  7  4  2  7  7  3  2  5  6  3  5  2  3  8  7  5  8  2  3  1  7  5  1  5
  8  2  2  0  4  9  1  4  4  5  6  3  1  1  3  5  5  4  3  6  1  1  3  2  6  9  1  4  1  5  1  1  8  4  5  8  2  8  8  1  3  5  8  6  3  2  1  4  1  3
  9  8  6  8  0  1  7  9  5  1  4  9  4  2  5  9  2  2  9  4  4  1  3  6  9  2  5  9  1  4  5  5  3  1  9  9  3  6  8  3  3  7  3  2  4  5  3  3  4  4
  8  4  2  3  5  0  1  9  8  6  2  3  2  2  4  1  7  7  8  9  7  4  3  4  7  2  5  6  4  7  7  7  8  3  2  3  9  2  4  3  3  3  8  8  8  6  3  5  1  9
  7  6  4  1  6  6  0  3  9  3  9  6  2  4  1  3  1  4  4  7  1  7  3  4  7  8  5  8  3  5  4  3  7  5  2  7  5  8  9  6  8  9  7  1  8  9  6  2  2  7
  5  2  4  3  7  6  9  0  6  6  8  5  5  9  8  8  6  5  2  4  9  7  8  6  6  8  7  6  2  5  1  5  3  8  8  2  5  5  7  4  2  9  8  8  2  6  7  7  6  1
  1  1  7  7  7  3  5  8  0  6  6  5  2  7  8  6  5  5  6  5  9  6  1  7  7  5  8  1  5  5  7  5  6  4  5  5  7  7  3  4  3  8  6  5  4  2  2  8  6  1
  4  7  4  5  2  6  4  9  3  0  8  1  5  8  7  6  9  2  2  5  1  8  3  2  4  4  5  3  5  6  8  4  5  4  7  3  7  6  6  5  2  5  2  4  8  6  3  9  7  4
  3  1  9  4  6  1  5  4  1  6  0  2  3  5  1  7  4  6  7  4  6  3  5  2  4  2  4  6  5  4  8  1  6  1  1  1  9  9  3  8  6  9  2  2  7  8  2  5  2  2
  3  7  2  3  3  4  4  4  5  5  7  0  8  4  5  1  4  7  3  2  5  3  1  4  2  7  4  6  5  8  6  7  4  1  3  1  6  2  5  1  9  7  4  7  6  9  4  5  1  7
  1  4  1  2  7  1  3  4  1  5  8  1  0  1  9  4  3  9  7  9  6  4  2  3  8  5  5  6  1  6  8  1  4  9  8  7  1  9  1  7  1  1  6  2  1  1  8  1  8  5
  5  5  1  3  3  7  4  8  6  3  4  1  8  0  4  4  3  4  1  7  9  6  2  1  2  1  2  3  7  9  7  8  1  2  1  6  1  4  3  8  5  7  1  6  6  1  7  9  3  6
  3  3  3  9  5  3  6  1  7  7  1  5  7  5  0  1  9  5  3  5  5  3  5  4  7  2  5  1  4  6  5  6  9  5  1  4  9  9  7  6  2  9  9  8  8  3  4  2  6  2
  6  1  5  3  1  1  4  6  4  1  4  2  8  6  4  0  7  6  9  4  5  9  3  5  3  1  8  9  9  5  3  5  7  5  5  3  1  8  2  6  9  8  5  2  3  4  6  5  9  6
  9  6  1  1  9  1  5  3  9  8  2  1  6  7  1  9  0  4  1  5  8  4  5  8  4  6  8  7  3  2  1  7  7  3  5  7  1  4  7  9  1  5  9  4  7  9  8  5  9  1
  3  2  1  8  3  6  1  5  2  1  6  5  3  5  2  3  7  0  8  1  5  6  3  7  2  7  9  7  1  8  8  7  5  5  3  4  1  2  8  5  6  1  3  4  9  7  4  7  2  7
  2  5  9  6  4  4  8  1  1  5  2  2  3  9  9  3  9  4  0  9  8  5  6  2  2  3  8  9  3  5  8  9  4  1  8  8  7  7  9  9  5  8  5  1  5  2  4  1  2  3
  1  1  5  4  1  2  9  6  1  8  3  3  4  1  4  1  6  7  5  0  9  1  8  1  7  7  6  2  3  5  2  7  6  2  8  1  6  7  2  7  8  4  6  2  5  6  2  8  7  3
  4  6  6  4  6  1  5  1  1  6  6  9  8  7  4  3  6  3  8  9  0  5  5  2  3  2  1  9  6  2  5  8  4  7  6  7  3  3  7  9  5  8  5  8  5  6  3  6  5  5
  2  4  7  1  3  9  3  4  5  9  1  4  7  7  2  5  7  1  9  1  5  0  4  1  1  7  9  9  9  6  4  6  1  5  6  4  1  8  7  7  8  1  5  1  4  9  1  8  8  1
  7  3  4  9  9  8  8  9  5  6  1  4  8  2  2  8  4  5  6  5  3  4  0  2  7  9  4  6  2  9  5  9  4  2  1  3  9  4  7  7  7  4  7  7  7  4  4  3  2  3
  3  8  1  9  1  3  4  4  8  7  1  6  2  8  9  9  8  4  1  6  8  5  9  0  3  9  5  6  6  8  7  6  8  2  7  1  3  2  9  3  4  1  8  7  4  7  8  7  9  8
  4  7  7  6  2  6  9  4  3  6  2  8  6  2  2  1  3  5  1  7  6  5  9  7  0  1  4  9  1  8  3  3  8  9  8  4  4  1  9  4  1  3  3  6  2  5  5  9  7  3
  1  1  4  6  2  2  3  5  1  1  6  7  7  6  2  9  4  2  2  2  3  9  2  5  3  0  2  7  7  9  9  1  6  7  4  2  1  8  9  8  7  5  5  9  3  5  3  4  6  6
  7  8  1  8  5  1  8  8  6  5  9  9  9  3  5  2  4  5  4  1  5  9  6  5  2  8  0  9  5  3  5  7  4  6  1  5  2  1  4  6  2  1  6  4  6  7  4  4  9  7
  6  7  7  8  3  3  9  5  5  6  2  9  3  2  2  3  7  7  4  8  5  5  4  1  1  3  9  0  2  2  3  4  8  8  1  5  4  9  9  4  1  5  1  6  7  3  9  7  8  5
  4  4  9  4  6  1  6  9  7  6  6  3  9  9  5  2  4  2  2  6  5  5  6  8  3  9  1  1  0  7  3  7  2  3  2  5  1  1  7  5  3  4  4  3  3  2  7  1  8  3
  6  2  6  7  4  3  7  3  5  9  8  7  5  8  8  2  9  7  8  5  3  6  1  4  7  6  6  1  7  0  7  4  7  1  6  8  9  1  3  6  9  8  6  4  7  5  7  9  1  4
  2  2  3  2  6  2  1  5  8  6  7  2  7  5  7  5  5  4  1  9  1  4  7  9  4  7  8  2  1  9  0  3  9  6  2  4  7  9  6  7  3  6  4  5  1  2  4  6  3  2
  3  1  9  1  2  5  8  2  1  9  6  7  7  3  9  5  4  1  8  3  5  7  6  9  3  6  2  9  6  8  3  0  7  3  9  4  9  2  1  5  7  1  8  1  4  3  2  9  3  6
  3  4  4  5  9  6  9  9  8  3  4  4  3  1  7  4  9  4  4  1  9  3  2  7  6  7  2  5  5  7  6  7  0  6  2  6  7  1  8  5  8  7  3  7  4  4  2  6  8  1
  7  3  9  4  3  8  8  9  5  2  7  1  2  6  8  3  7  7  1  7  6  1  6  3  3  1  7  7  4  4  8  5  4  0  9  4  2  1  8  5  6  7  4  2  3  1  5  7  1  6
  8  5  1  8  5  6  3  6  6  8  4  5  7  4  9  8  4  7  7  7  6  4  8  4  4  9  3  5  2  5  5  9  4  7  0  8  1  9  8  6  9  7  5  3  6  9  8  6  2  8
  7  8  5  4  9  2  8  2  6  8  6  7  7  3  5  5  7  1  3  7  7  1  2  3  3  5  1  5  4  1  8  7  3  8  1  0  4  1  2  9  9  6  6  1  4  7  6  2  8  1
  1  7  8  1  9  7  7  9  9  7  3  2  5  1  8  2  1  7  5  1  6  3  6  8  3  3  8  6  5  9  3  2  6  4  1  9  0  9  8  4  4  9  4  5  7  9  9  3  2  6
  4  2  5  6  7  8  4  1  6  8  2  2  3  5  9  1  9  2  9  2  8  2  6  9  8  8  7  7  3  4  6  2  4  1  9  1  4  0  5  9  4  7  7  7  7  4  9  8  2  7
  9  2  8  1  1  2  5  5  1  9  3  7  6  3  5  7  2  6  5  2  5  1  2  5  2  3  6  7  5  5  1  1  2  5  9  4  6  3  0  4  8  1  9  1  4  8  6  7  4  5
  5  9  6  2  3  7  2  9  9  6  1  5  5  1  7  5  4  8  6  5  1  6  5  9  4  7  6  9  8  1  7  4  8  5  9  2  4  1  2  0  9  5  5  9  7  9  5  5  3  9
  9  8  9  3  3  4  4  1  1  5  4  1  7  9  7  5  6  1  8  6  9  3  2  9  6  7  5  4  4  8  4  4  9  8  7  9  9  2  7  5  0  7  4  1  9  5  5  8  8  2
  2  6  3  8  6  1  4  9  9  8  5  7  9  5  3  3  8  7  3  4  4  8  3  5  3  5  7  7  8  6  1  3  8  2  3  4  2  7  6  4  2  0  3  8  8  3  3  8  7  7
  8  6  5  6  1  4  5  5  6  1  4  4  1  6  5  6  3  6  1  3  2  6  1  2  6  9  9  5  7  2  4  9  6  9  9  5  3  2  6  7  6  1  0  8  2  4  4  1  1  4
  5  4  4  8  3  2  5  5  6  2  2  1  8  7  5  5  1  7  6  4  4  4  7  6  1  2  4  7  3  7  8  4  3  2  1  8  5  2  5  3  9  4  4  0  1  8  3  6  3  2
  4  7  2  3  5  1  5  2  6  4  6  4  2  6  5  8  6  3  3  7  7  8  5  2  5  9  6  3  3  6  5  4  8  4  8  6  3  5  3  6  6  8  6  4  0  8  4  9  5  5
  8  5  6  1  5  8  6  1  8  1  8  5  2  5  4  1  3  4  4  3  5  9  7  4  2  5  2  2  8  4  6  6  6  6  6  3  1  2  9  2  3  8  9  8  1  0  2  4  3  7
  8  3  2  2  5  4  9  1  5  8  9  6  9  7  1  9  6  5  5  6  1  4  9  2  5  8  5  1  9  6  9  6  3  7  3  2  2  9  5  7  6  4  2  3  4  5  0  7  4  8
  7  3  2  1  1  4  4  8  1  9  6  8  7  7  6  7  9  3  2  5  3  3  3  2  5  1  3  3  6  8  9  6  2  7  6  4  1  1  5  3  6  2  9  6  9  6  6  0  4  8
  3  6  2  5  4  3  3  9  9  5  1  2  7  6  9  5  7  7  5  3  4  4  2  2  3  9  7  4  4  2  4  7  1  7  4  7  1  4  9  2  8  7  6  9  2  9  7  4  0  1
  4  8  7  4  8  8  7  6  6  1  1  8  9  8  4  7  6  7  8  2  8  2  3  7  6  1  4  3  9  7  5  1  2  3  9  8  6  1  1  5  2  4  7  2  8  9  4  7  5  0
M6
  0  6  5  2  5  8  8  7  5  3  4  8  1  9  6  5  1  8  2  9  3  4  2  4  6  6  6  4  4  1  9  5  3  5  4  6  8  1  1  1  1  2  5  1  4  4  1  5  6  5
  4  0  9  7  3  4  9  5  2  1  5  6  8  3  6  4  7  1  4  1  2  5  9  7  9  9  7  8  3  8  6  1  1  7  1  4  6  2  9  4  6  2  7  6  2  8  5  3  9  7
  6  6  0  5  6  5  1  5  6  2  8  8  6  7  8  2  5  1  5  7  7  3  3  5  2  2  6  4  4  5  4  1  3  6  9  9  6  3  3  1  2  5  3  3  7  2  8  1  4  7
  6  5  7  0  9  2  9  3  6  7  7  4  2  6  2  1  6  9  2  4  5  6  6  7  9  9  5  5  3  5  1  7  9  8  2  2  9  4  6  9  6  3  1  1  2  6  5  7  3  5
  2  4  8  8  0  9  7  9  2  1  6  5  7  6  4  2  5  7  7  7  5  3  2  1  1  2  4  9  4  8  3  3  8  1  2  8  2  3  3  6  7  4  7  2  8  1  6  1  2  7
  3  2  9  8  6  0  8  2  9  6  9  1  6  6  8  2  1  3  4  4  6  3  1  5  2  1  7  5  9  7  4  1  1  5  8  3  9  4  8  6  7  9  5  2  5  5  3  6  5  4
  7  3  9  1  1  3  0  4  3  3  3  6  4  2  3  6  1  4  1  5  5  6  5  8  3  6  1  8  3  3  6  3  5  6  9  2  8  1  4  9  8  3  6  5  5  9  6  4  4  8
  9  6  6  7  3  8  3  0  8  8  3  7  2  5  9  2  1  8  3  7  8  9  4  8  1  6  8  8  8  2  2  6  8  2  9  8  5  4  9  9  7  5  7  1  4  6  7  2  9  8
  6  6  1  2  7  5  9  2  0  7  2  6  6  2  5  6  8  6  3  7  4  2  8  9  8  8  6  8  3  4  8  3  4  2  3  3  7  8  5  7  8  4  8  2  3  5  1  5  2  1
  9  4  4  7  5  4  7  9  7  0  4  5  8  2  8  6  2  3  2  1  5  3  4  7  6  6  5  5  8  6  6  6  6  5  4  5  6  2  3  7  6  3  5  5  6  5  1  3  8  3
  1  6  5  9  8  9  2  5  8  6  0  1  4  5  9  9  8  3  3  1  9  8  7  1  6  5  1  5  1  6  8  4  8  1  9  9  8  9  1  5  6  8  2  8  3  7  8  4  3  8
  5  9  7  3  5  2  3  2  6  4  8  0  6  4  1  4  4  7  3  9  3  6  6  2  8  4  4  5  5  7  6  7  9  5  7  2  5  6  7  8  4  3  7  7  5  4  4  2  2  6
  3  3  8  3  8  5  7  1  6  4  9  2  0  3  3  2  9  9  4  1  5  6  1  1  4  9  4  9  1  6  2  9  1  3  1  4  7  3  3  1  9  5  5  3  1  3  7  4  6  5
  3  9  6  4  2  9  2  5  3  5  9  4  9  0  8  1  9  7  9  6  4  8  1  1  8  5  8  1  1  4  2  8  6  6  3  9  8  1  7  2  9  1  6  8  9  4  2  9  6  9
  7  9  4  6  7  3  5  8  7  9  7  9  1  7  0  7  8  3  2  5  6  3  6  9  5  2  9  3  1  9  5  9  2  7  9  7  6  3  2  7  6  9  2  8  9  5  7  6  5  3
  9  1  6  2  6  5  9  8  7  3  1  9  1  5  2  0  7  4  6  2  2  3  8  1  2  7  6  6  2  6  5  6  3  9  7  7  9  2  3  1  9  2  6  8  8  7  7  3  3  5
  3  6  1  5  8  5  2  1  1  3  4  3  9  8  3  5  0  3  3  7  1  6  6  2  1  2  7  7  4  1  1  7  6  9  4  3  1  1  1  9  2  5  9  8  6  5  3  6  9  8
  3  8  5  2  7  3  3  3  8  4  6  8  2  1  2  6  7  0  7  4  2  6  3  4  4  9  5  2  8  4  8  2  4  6  6  2  6  6  7  7  4  4  3  1  7  1  1  3  6  2
  9  4  1  5  3  7  7  7  4  7  9  8  6  6  1  3  4  1  0  9  1  1  7  1  6  8  5  3  2  9  7  9  6  4  8  9  1  3  1  3  1  9  4  1  6  7  7  6  5  2
  4  4  8  1  4  7  3  3  8  1  4  8  6  7  2  5  5  1  4  0  8  7  1  1  4  7  5  6  2  3  9  8  3  3  2  5  2  2  9  1  6  3  5  7  8  6  3  1  9  7
  5  5  9  2  7  1  9  7  9  2  7  2  2  9  3  2  3  4  1  9  0  7  9  8  3  5  1  5  3  4  1  6  7  9  3  4  5  6  3  1  1  3  4  8  4  2  8  6  4  4
  6  5  5  4  7  9  1  2  3  7  2  3  2  3  3  1  4  3  7  8  2  0  9  1  2  2  1  4  3  5  1  2  8  6  6  4  4  2  2  1  1  3  7  2  7  7  5  4  2  2
  4  4  8  5  5  5  2  3  8  3  8  4  8  4  5  4  4  3  1  4  9  7  0  5  6  2  6  1  2  8  4  2  6  9  2  8  5  5  8  9  6  2  4  9  5  1  2  9  4  8
  5  8  2  5  5  8  7  1  9  7  2  4  4  4  8  3  8  2  3  6  6  1  8  0  9  1  5  4  9  8  1  1  7  9  9  8  4  6  9  4  7  8  9  3  1  1  9  1  3  2
  5  7  5  6  5  9  6  2  2  3  6  7  5  1  6  3  8  2  6  2  8  7  6  3  0  6  6  2  1  5  1  3  9  1  7  3  6  6  4  3  9  8  4  2  3  9  7  3  9  5
  6  3  5  2  9  7  1  8  3  3  1  7  1  6  2  8  1  5  6  1  5  1  3  4  7  0  4  6  5  6  8  7  3  2  6  8  3  5  6  3  5  4  1  4  2  5  4  9  6  7
  9  5  5  6  2  6  4  9  8  9  8  1  7  1  5  5  6  7  1  4  4  4  5  8  1  6  0  6  7  3  8  1  7  1  1  5  5  3  2  9  8  3  9  2  4  8  5  5  5  4
  2  8  6  7  2  4  7  9  4  4  9  2  2  3  6  5  3  2  6  3  1  5  7  2  5  6  4  0  2  7  2  2  3  5  1  8  6  3  9  8  4  4  4  6  8  7  5  9  7  7
  9  8  4  5  5  4  1  1  2  9  1  5  7  5  1  3  4  2  8  4  9  6  3  6  3  2  9  9  0  6  5  4  3  8  2  5  4  4  9  7  9  2  2  1  3  9  3  6  9  9
  7  3  1  3  1  7  3  8  5  9  2  2  2  7  7  7  2  2  8  3  3  3  4  1  2  3  6  1  2  0  9  4  7  6  3  1  1  4  8  3  5  3  1  4  3  9  5  3  6  4
  8  4  1  3  2  2  2  1  3  6  6  5  1  9  8  7  8  9  9  8  2  2  6  2  3  9  9  1  4  9  0  9  7  1  3  1  3  2  5  1  8  3  6  4  9  5  3  9  4  3
  3  4  5  2  9  9  3  9  1  2  4  5  7  3  1  6  6  5  1  3  2  5  1  3  5  1  5  5  6  8  6  0  3  9  8  8  8  8  1  1  1  6  5  9  9  4  3  7  3  8
  7  8  6  6  9  1  5  3  1  2  6  9  9  4  6  8  8  9  5  4  9  9  4  2  6  7  4  8  8  7  1  1  0  6  7  4  2  5  8  5  6  1  2  4  3  3  7  9  1  5
  6  4  3  2  4  9  1  6  3  6  2  1  5  6  5  4  1  6  3  4  3  7  2  4  5  4  1  3  4  6  3  7  8  0  4  2  5  2  8  6  8  8  2  4  5  8  9  5  3  4
  1  6  8  6  1  4  9  4  4  4  2  8  3  4  2  1  7  6  3  4  2  9  6  1  9  8  8  2  6  7  7  9  9  1  0  7  5  4  8  7  5  3  5  7  4  7  2  5  5  6
  5  6  1  2  2  7  2  6  2  1  3  4  4  9  9  7  1  3  5  9  4  4  4  2  2  9  4  5  2  2  5  7  6  8  6  0  8  9  6  9  6  2  9  2  1  7  4  6  1  7
  2  2  9  8  9  2  8  3  6  6  1  7  8  3  3  9  8  1  5  4  9  1  5  7  6  8  3  1  2  9  4  1  4  4  4  4  0  2  5  7  9  3  2  3  7  7  8  6  7  6
  1  2  7  7  4  7  2  2  1  8  3  5  4  2  9  2  5  1  2  3  1  3  7  3  1  6  3  5  5  2  8  4  6  4  2  5  9  0  3  2  1  2  1  1  2  4  5  8  5  7
  8  4  6  4  6  7  8  1  3  7  3  8  3  8  6  4  6  9  9  8  9  4  7  4  2  5  1  2  6  7  5  9  9  1  4  9  6  5  0  6  8  5  1  6  8  1  4  2  9  6
  3  8  4  5  3  4  8  9  6  4  3  4  4  8  1  7  8  4  9  3  6  5  3  9  8  3  7  6  3  5  1  8  9  5  8  5  6  9  7  0  8  5  8  5  9  5  8  9  6  4
  3  7  6  7  6  7  4  3  7  4  7  4  5  4  2  9  7  6  2  6  5  2  6  7  5  6  2  3  5  7  6  1  5  9  4  7  5  5  7  3  0  7  9  7  9  4  3  6  1  3
  3  1  6  8  1  5  8  5  1  6  3  2  6  3  4  9  2  5  4  6  3  8  7  5  7  3  4  6  1  9  6  6  8  7  1  2  5  3  5  9  9  0  6  4  1  5  7  3  4  2
  7  7  9  8  6  4  8  9  5  9  1  7  5  8  9  6  5  2  5  2  4  3  8  3  3  3  2  1  4  7  2  1  9  1  7  5  3  2  1  5  6  4  0  4  1  9  3  7  7  4
  3  6  7  9  7  6  1  5  7  2  8  5  6  1  7  8  5  5  9  7  9  8  9  5  3  5  6  5  4  8  8  8  7  8  8  2  3  9  5  3  7  8  6  0  8  2  4  3  8  2
  1  1  5  7  7  2  4  8  7  9  9  8  1  7  9  9  5  4  6  3  8  9  6  6  2  6  8  5  4  7  1  4  7  7  6  5  9  5  6  6  8  7  8  8  0  8  6  9  2  7
  9  8  2  2  4  5  2  4  8  9  2  2  6  1  6  5  4  9  4  7  4  8  2  7  8  9  9  1  2  8  2  7  7  2  6  2  6  9  1  3  6  9  8  6  9  0  6  3  2  8
  8  8  1  6  9  8  3  9  5  2  5  7  3  5  6  9  6  4  5  9  7  3  7  2  7  7  8  2  3  7  2  9  6  1  9  2  2  1  7  1  3  7  7  8  9  2  0  6  4  6
  9  2  4  2  8  3  7  6  5  6  8  5  8  7  7  6  5  9  3  7  2  7  1  1  7  4  2  1  2  9  7  5  6  5  9  7  9  4  1  5  2  9  1  6  6  7  8  0  9  4
  7  1  5  9  9  4  9  6  5  8  3  3  7  6  3  7  5  6  6  1  6  4  7  5  2  1  4  3  1  1  9  6  1  3  6  4  4  5  8  4  6  7  8  5  8  7  9  1  0  3
  5  5  6  1  3  3  8  4  3  9  6  5  7  9  5  1  2  8  2  1  3  8  9  1  5  6  4  8  6  7  1  1  1  1  9  6  1  1  8  8  9  2  2  8  5  2  1  4  5  0
M7
  0  6  4  1  2  8  8  6  8  7  9  3  4  3  7  8  6  6  2  9  1  1  2  8  6  5  8  3  8  7  5  6  6  1  9  3  9  8  9  8  2  7  2  4  6  6  2  8  3  3
  9  0  9  8  4  3  9  8  4  6  6  1  4  1  7  7  4  2  5  3  4  9  4  4  9  4  9  7  7  6  5  2  8  3  2  3  2  5  7  8  6  2  7  4  7  5  2  2  2  5
  9  5  0  3  6  3  8  9  8  5  7  8  4  2  3  5  4  6  7  2  3  3  3  7  3  1  6  6  7  1  8  6  2  1  8  6  6  3  8  8  9  7  5  6  5  2  5  3  1  3
  1  5  3  0  6  8  9  1  1  2  4  6  4  9  8  2  9  9  3  7  9  4  5  5  8  1  2  8  3  5  1  4  4  3  6  4  2  2  2  8  6  1  8  7  5  3  6  6  2  9
  5  7  3  5  0  5  5  6  9  7  7  6  1  8  5  2  8  3  1  2  8  3  2  9  7  2  4  3  2  2  7  6  4  6  8  3  8  4  7  6  9  1  4  9  5  8  5  7  6  1
  2  5  2  6  9  0  4  5  6  8  9  2  8  8  2  9  8  2  4  8  6  4  4  8  3  7  4  6  2  3  4  3  1  4  7  6  3  1  8  3  3  9  3  9  9  6  9  5  8  7
  5  3  9  3  3  9  0  7  5  2  1  7  4  1  5  8  9  7  3  9  1  4  1  2  1  1  4  3  9  2  1  7  2  3  2  6  7  2  4  6  2  7  5  9  4  9  6  2  8  4
  9  8  8  6  5  7  9  0  8  1  5  3  4  6  5  8  2  8  6  7  4  8  1  6  6  1  1  3  1  4  4  1  5  9  3  5  7  8  1  2  4  4  1  7  9  8  2  2  7  3
  8  5  9  8  8  1  3  4  0  7  4  9  2  2  5  8  6  8  8  4  3  5  6  5  8  6  9  2  2  8  8  7  8  6  5  7  2  8  7  1  6  1  6  1  9  7  7  8  1  1
  5  2  7  1  6  1  2  2  8  0  2  2  8  2  8  7  8  9  6  7  3  7  2  1  9  2  8  9  1  1  9  4  1  2  7  9  8  1  9  8  2  6  3  7  7  2  7  8  7  1
  9  1  2  5  1  2  5  5  3  8  0  5  1  3  3  5  1  3  9  6  8  2  7  8  7  2  5  7  1  9  1  4  8  5  1  2  4  7  8  3  6  3  9  3  5  3  1  4  8  6
  2  8  8  3  5  9  4  1  3  4  6  0  5  7  7  4  9  8  1  3  3  7  5  4  1  5  8  6  7  8  2  6  8  1  1  9  3  2  7  3  4  3  9  1  8  6  4  3  1  6
  6  2  3  4  2  1  7  7  4  1  8  5  0  5  4  2  6  2  2  2  5  3  3  4  5  8  8  8  4  1  5  7  6  2  9  1  2  3  3  6  1  8  2  7  3  6  5  9  4  6
  6  1  3  7  6  7  3  4  4  1  4  8  4  0  8  4  7  1  8  4  3  5  8  4  9  4  4  4  2  2  1  6  7  8  5  1  1  2  3  1  5  2  9  2  3  2  9  1  5  2
  1  6  8  7  8  9  5  8  2  4  5  8  8  6  0  9  3  5  2  1  8  3  2  7  5  1  8  6  9  8  5  1  3  8  9  9  6  5  4  2  1  6  6  7  5  6  4  9  7  3
  9  1  2  4  6  3  5  4  7  2  4  9  3  2  2  0  9  9  1  4  7  8  4  7  8  8  3  8  8  2  1  8  4  8  3  6  1  4  1  7  1  2  4  1  6  6  3  5  5  4
  8  7  9  2  5  4  4  5  7  5  4  2  5  3  2  9  0  2  9  8  6  3  5  6  9  8  1  4  9  3  9  4  1  7  7  6  3  3  9  6  7  3  9  7  2  6  4  7  6  1
  7  9  2  3  8  7  3  2  8  4  6  4  8  3  9  6  3  0  1  9  8  1  1  9  8  3  9  3  5  7  3  9  4  6  4  6  4  3  5  6  3  8  4  9  1  8  2  8  1  4
  5  9  3  1  2  7  4  5  8  5  3  6  7  3  9  7  5  3  0  3  7  5  4  4  7  2  9  5  9  4  2  8  2  3  6  7  9  9  6  1  2  1  5  5  5  2  9  2  8  1
  7  3  7  2  1  6  4  6  4  7  2  4  8  3  5  1  1  1  5  0  9  8  6  8  1  7  1  5  3  4  6  8  3  8  1  6  8  7  1  3  8  5  1  3  3  2  4  3  2  5
  1  8  9  5  2  7  3  9  8  9  4  1  5  7  7  3  7  6  6  3  0  3  1  9  6  6  2  5  7  1  6  3  2  9  5  9  2  8  3  2  4  7  7  2  2  3  1  3  5  9
  5  1  6  8  3  6  8  5  3  8  9  6  2  8  2  6  3  9  7  2  6  0  2  7  4  5  2  4  7  9  2  5  2  4  7  3  9  5  4  9  3  3  6  9  5  7  5  6  3  2
  4  5  8  8  2  1  2  2  1  5  7  1  4  8  1  4  6  2  7  5  6  7  0  9  6  4  5  1  4  1  9  2  7  2  9  2  7  4  1  1  8  7  2  9  9  2  9  6  1  6
  5  4  5  3  9  2  8  4  9  6  8  4  7  3  6  6  5  3  5  3  5  8  8  0  1  5  7  8  3  5  6  2  3  8  3  9  1  4  4  6  5  5  9  7  4  4  8  1  2  3
  6  3  4  5  3  1  8  5  6  3  3  1  6  3  9  3  2  6  7  7  1  7  2  1  0  7  7  2  8  4  8  6  9  4  2  3  5  1  9  5  8  5  4  2  8  7  6  6  7  8
  5  6  5  3  8  8  3  3  7  4  5  4  7  3  8  9  4  7  6  5  4  3  8  3  6  0  8  2  3  6  3  1  8  4  1  9  2  2  7  9  3  2  5  6  9  8  6  9  7  5
  2  5  9  6  3  1  8  5  7  1  3  3  2  6  8  9  2  9  6  6  8  2  3  2  4  4  0  1  9  8  8  9  5  1  6  9  1  1  3  3  1  2  8  7  8  4  1  4  1  7
  3  8  9  9  9  5  2  4  1  7  6  1  9  5  9  6  8  6  1  4  3  9  3  7  5  8  9  0  2  3  6  4  1  7  2  6  7  6  9  2  1  5  7  7  8  1  8  2  5  1
  3  3  8  5  1  4  7  2  8  1  8  8  3  3  9  1  3  2  8  4  1  5  7  4  7  9  5  7  0  6  8  5  1  9  9  3  3  1  8  8  9  8  9  4  3  4  8  6  1  4
  2  8  6  8  3  5  4  3  7  4  5  7  7  4  9  4  5  3  9  5  9  2  7  7  3  3  7  8  9  0  9  1  7  3  5  8  5  6  6  5  3  4  4  7  3  9  4  9  3  3
  4  9  1  1  1  6  9  5  2  3  9  5  3  1  8  6  1  9  2  1  6  9  6  6  9  1  9  7  5  1  0  2  5  9  4  7  5  3  4  7  6  1  3  4  1  8  1  9  9  2
  6  2  5  6  8  6  5  6  3  8  1  7  8  8  3  6  1  4  4  9  3  8  6  6  7  2  9  5  4  7  8  0  8  6  5  1  3  5  5  9  9  7  5  9  3  9  7  5  1  6
  2  6  6  1  1  4  9  1  7  4  9  8  9  8  4  1  3  5  7  1  6  4  9  4  2  9  4  7  4  9  9  3  0  1  8  6  5  5  8  5  7  6  4  3  7  7  3  4  4  6
  3  2  2  3  8  2  5  7  1  3  9  2  9  4  5  2  6  1  5  1  6  7  7  1  4  8  7  4  5  5  3  4  1  0  6  6  6  1  5  4  1  9  4  1  7  4  6  8  6  8
  1  3  7  5  4  2  9  6  2  8  4  8  6  7  9  4  5  2  5  1  2  4  7  7  7  1  7  1  1  5  2  3  4  1  0  1  7  6  7  4  6  5  1  9  9  4  1  7  3  9
  3  5  3  1  4  1  8  4  3  9  6  1  6  9  9  4  8  9  9  9  9  8  6  1  8  6  8  2  5  4  9  3  9  9  3  0  2  5  8  2  1  3  4  6  3  6  3  1  3  5
  7  7  2  1  6  7  4  8  9  1  7  7  7  6  7  1  5  7  2  9  9  4  5  7  5  8  5  7  4  1  5  7  4  8  1  3  0  3  6  1  2  2  9  7  9  7  5  6  7  5
  1  6  6  5  5  6  3  6  5  1  7  5  7  8  6  8  2  9  5  8  7  5  7  2  8  7  9  4  7  1  9  4  2  7  5  1  1  0  4  1  3  7  8  4  9  8  4  6  6  1
  9  3  3  2  2  3  1  5  2  2  9  3  2  2  5  7  3  3  8  6  2  2  2  7  1  8  5  9  1  8  3  1  2  9  9  4  3  7  0  1  7  2  3  4  9  8  7  7  2  8
  3  1  1  6  3  5  3  9  3  9  2  3  2  3  2  7  1  1  5  1  5  5  4  9  4  4  2  7  5  8  6  3  2  6  2  3  1  1  5  0  2  4  6  6  5  5  5  3  6  4
  4  2  3  3  2  2  3  5  4  9  9  2  4  1  7  9  6  6  8  1  4  4  8  4  8  5  6  2  7  5  3  5  3  1  3  8  3  4  8  7  0  8  1  7  3  2  1  4  6  8
  6  5  4  5  2  3  3  9  1  7  5  8  5  3  7  2  8  4  4  6  5  6  8  3  3  5  9  2  1  3  3  3  4  2  3  8  7  2  6  3  1  0  1  7  2  1  6  2  7  4
  7  4  8  2  7  9  2  4  6  8  8  8  6  3  8  5  3  1  7  3  8  7  5  8  7  3  9  3  7  4  9  3  3  1  5  3  1  2  3  4  7  7  0  3  1  7  5  5  1  8
  8  2  2  1  5  5  3  5  5  3  2  3  3  9  8  8  5  8  4  2  5  2  7  7  3  1  4  7  5  8  5  6  2  7  7  2  7  7  5  3  3  3  3  0  1  3  2  3  6  5
  1  6  7  6  2  6  6  3  5  7  4  2  2  2  5  1  6  1  6  7  1  5  7  4  8  2  9  2  5  1  4  6  7  8  7  5  4  2  5  8  5  9  3  7  0  3  6  5  7  7
  6  3  8  2  8  5  3  2  3  4  8  3  7  9  8  9  4  9  7  7  8  8  3  1  1  6  1  7  8  6  5  9  8  3  4  5  3  1  5  6  1  3  5  5  9  0  8  4  1  9
  3  7  7  8  7  6  1  2  1  6  5  8  8  6  6  1  9  2  9  9  6  9  3  6  2  6  7  8  7  8  2  3  3  6  7  9  7  4  8  8  1  2  1  1  9  5  0  5  9  6
  7  4  6  9  9  6  9  6  6  4  3  1  2  7  5  3  8  2  8  1  8  4  8  6  9  2  3  3  8  8  1  2  3  2  6  5  2  6  2  8  9  9  2  7  8  1  1  0  3  3
  2  8  5  6  5  3  4  5  1  9  2  9  2  3  6  2  2  6  9  3  4  8  5  4  3  2  3  3  1  9  9  4  8  2  5  4  9  1  1  7  3  2  1  5  1  6  7  6  0  9
  9  2  7  6  5  3  7  5  7  4  5  6  2  7  1  2  8  1  3  4  9  9  8  7  6  9  9  2  5  3  1  2  4  9  2  2  1  7  1  4  6  4  2  1  5  2  8  4  8  0
M8
  0  3  7  8  7  6  9  9  5  7  9  1  4  2  9  5  1  7  1  8  3  6  6  7  4  2  6  2  4  6  9  5  9  9  7  9  7  6  3  8  5  8  7  2  6  7  7  5  3  3
  6  0  9  9  8  4  5  7  1  7  4  7  4  8  8  8  3  6  8  4  8  5  9  8  2  7  4  2  1  9  5  8  8  6  2  9  6  7  2  9  3  3  6  6  3  7  5  2  9  1
  7  4  0  7  1  6  6  5  8  3  5  2  8  9  7  4  8  9  4  9  2  8  9  5  7  1  4  2  4  7  5  6  5  7  8  2  6  1  2  5  8  9  1  5  1  9  7  1  7  6
  3  4  5  0  7  6  3  3  6  2  8  9  9  6  9  9  8  2  3  9  3  4  9  6  8  8  9  9  8  7  1  4  5  1  4  5  8  9  7  7  5  3  1  5  8  6  2  6  7  7
  4  7  3  5  0  7  4  3  3  6  1  7  9  4  2  3  6  1  6  7  9  8  6  2  5  3  5  5  7  8  5  6  9  1  6  3  5  7  9  3  3  4  8  8  6  1  1  8  9  2
  6  6  3  4  8  0  5  8  1  4  7  8  5  4  2  7  1  7  6  6  9  7  6  3  8  5  7  9  5  5  5  1  6  3  7  1  7  8  6  7  1  1  6  1  6  8  7  5  5  5
  1  7  2  1  2  7  0  1  5  1  2  6  7  5  5  9  1  2  9  1  3  3  1  5  8  8  7  1  8  3  9  2  6  1  3  4  2  8  8  5  4  9  8  5  5  2  9  2  1  6
  1  1  6  7  5  1  2  0  6  5  6  1  9  3  7  7  2  7  3  5  6  1  4  4  6  2  8  7  1  2  3  3  5  4  1  5  5  9  7  9  4  7  8  1  7  9  5  6  5  1
  9  6  1  5  1  9  8  7  0  2  6  4  1  6  5  3  8  2  8  9  4  1  5  5  7  2  1  2  1  9  4  4  1  8  5  1  3  2  3  9  7  9  9  4  3  1  4  8  4  9
  8  8  1  5  2  4  4  9  1  0  1  4  1  6  1  3  1  3  3  5  4  9  4  4  2  6  6  9  2  2  3  1  7  7  8  7  5  9  8  1  1  6  9  4  3  7  9  4  3  6
  9  4  9  8  7  4  4  6  6  8  0  4  1  1  2  8  3  7  5  8  4  2  2  6  1  4  7  1  2  5  2  4  5  2  9  4  3  3  5  5  3  4  6  4  9  8  9  4  2  4
  4  5  3  3  4  2  7  9  1  7  7  0  5  2  1  6  1  4  5  4  3  9  8  9  4  2  2  2  7  2  4  9  7  7  6  1  9  9  3  7  9  9  7  8  2  2  6  5  2  4
  5  5  5  1  4  4  9  1  2  2  6  7  0  5  7  4  5  1  2  8  8  5  2  6  4  7  5  4  9  4  7  9  5  3  5  9  2  4  1  2  6  7  9  2  5  9  6  8  3  7
  5  7  7  3  1  7  3  5  5  7  7  8  8  0  1  1  3  3  6  4  9  7  3  9  8  5  2  9  8  6  1  6  4  9  5  8  4  2  9  2  8  2  3  8  5  5  2  9  7  8
  4  8  5  9  9  7  1  3  8  6  5  7  7  7  0  4  3  8  1  3  6  6  3  5  8  1  1  3  5  4  6  9  4  1  8  9  9  7  2  8  8  1  2  4  8  2  7  6  1  4
  5  3  4  8  2  3  5  4  9  4  2  3  5  6  7  0  1  8  5  7  3  5  7  3  7  3  9  6  9  3  7  5  8  6  2  6  9  3  8  5  2  6  4  3  2  6  3  9  6  6
  3  8  7  7  9  2  6  9  1  3  3  5  2  5  8  9  0  1  6  2  1  5  2  4  8  4  8  5  3  7  6  4  1  5  5  1  5  4  8  7  1  8  3  3  1  5  9  4  2  4
  2  7  3  4  9  4  5  9  8  5  9  9  7  4  1  4  9  0  4  1  9  1  2  8  9  4  6  6  1  7  3  1  9  9  1  6  9  7  8  6  6  9  9  5  1  4  2  8  8  8
  3  9  4  3  7  5  7  5  4  5  5  9  5  7  5  1  1  7  0  7  1  6  9  2  4  5  9  2  3  2  4  6  9  4  4  2  7  9  6  5  8  5  1  1  5  7  4  6  2  6
  2  3  6  9  1  3  3  1  6  5  8  8  1  4  6  9  4  5  2  0  9  4  9  2  2  4  2  9  3  9  4  6  4  7  9  7  5  3  5  6  7  6  7  2  2  2  3  4  4  3
  7  8  8  4  1  2  3  6  4  4  3  4  8  2  6  8  6  7  4  6  0  9  7  3  3  5  3  4  7  4  8  4  3  8  4  4  5  5  5  9  2  9  6  4  7  8  4  4  8  6
  6  8  4  2  5  5  7  1  7  9  5  9  4  8  1  6  2  6  7  2  1  0  1  3  3  1  4  5  9  1  8  8  2  9  5  5  6  2  9  4  5  1  1  2  5  1  9  8  7  5
  3  5  4  2  7  2  4  6  7  1  8  8  4  9  5  1  1  7  5  3  2  4  0  8  4  5  1  8  6  6  8  5  2  6  9  1  4  9  4  3  5  7  2  5  4  5  3  1  8  1
  4  4  2  9  6  1  1  6  7  3  8  6  4  6  3  6  9  8  6  4  5  6  9  0  4  4  1  3  1  9  3  7  3  7  7  8  1  2  9  4  3  7  6  9  6  1  8  6  1  4
  7  9  1  4  9  4  5  3  1  4  2  5  2  8  8  8  7  7  2  8  9  7  8  6  0  6  8  7  2  7  4  4  7  8  2  1  4  3  3  9  8  3  8  6  3  6  6  2  5  3
  8  9  7  4  1  2  6  8  5  5  2  2  4  7  7  2  7  2  9  7  6  2  3  8  9  0  4  9  7  5  1  6  4  9  2  8  2  4  9  1  7  4  4  3  4  4  4  9  1  9
  6  1  7  9  7  5  9  8  4  8  5  5  5  8  4  4  8  5  2  9  5  6  2  3  7  5  0  6  2  6  3  5  9  5  3  2  2  8  7  5  7  1  1  1  4  4  5  2  8  6
  7  7  4  1  4  8  4  8  3  3  6  4  2  8  9  6  2  7  5  7  9  6  3  4  3  6  3  0  5  8  1  6  9  7  1  2  7  2  5  1  2  9  9  2  8  4  2  6  1  6
  3  3  5  8  9  7  7  6  6  8  7  6  2  3  5  4  6  6  4  7  2  5  9  5  2  1  9  4  0  6  4  4  7  8  7  4  6  7  8  2  7  7  2  9  9  6  5  2  9  2
  8  7  2  2  8  8  5  6  2  8  1  1  4  1  2  2  6  4  2  6  1  8  9  1  4  8  8  4  8  0  8  7  5  8  2  5  2  6  2  3  6  9  8  8  3  7  8  4  5  9
  2  9  9  8  9  6  2  7  7  6  9  3  6  1  1  6  5  7  2  3  1  9  8  9  2  6  9  6  4  9  0  7  3  1  6  2  9  8  8  1  3  7  4  4  4  4  4  1  7  2
  8  5  5  4  8  1  4  8  3  5  5  4  4  2  1  2  9  8  3  7  9  1  8  4  6  1  2  7  4  5  2  0  7  9  2  1  7  1  5  8  2  1  9  7  6  4  6  4  9  1
  9  8  5  9  1  4  4  2  3  6  8  3  6  7  8  3  5  9  7  5  6  7  4  4  6  7  1  1  5  1  4  2  0  4  7  3  6  2  3  8  8  3  2  5  2  9  1  7  9  9
  7  6  2  7  5  4  3  7  9  3  1  8  9  9  4  3  3  4  9  3  6  1  5  8  8  9  3  9  4  4  2  9  1  0  5  9  4  7  7  5  2  1  1  4  9  1  2  1  9  6
  2  5  4  2  7  9  7  7  4  7  8  5  4  1  4  7  4  1  2  3  4  6  4  8  2  8  7  9  7  2  6  8  9  1  0  8  3  6  8  8  1  6  7  5  5  2  4  3  3  9
  3  6  2  3  1  7  8  6  7  4  1  4  1  9  9  9  4  8  9  1  2  4  3  9  5  9  6  8  2  6  4  3  2  6  7  0  5  2  2  1  3  4  6  7  4  4  8  1  5  1
  3  8  9  8  6  4  2  2  5  7  2  8  2  5  4  9  4  8  4  6  7  2  7  5  1  1  6  5  6  9  4  6  2  3  1  2  0  5  8  2  5  6  1  8  3  3  8  2  1  9
  7  6  3  1  4  7  8  6  6  4  7  8  5  7  3  4  9  2  7  8  1  9  1  9  2  9  7  4  2  5  9  7  4  4  7  3  9  0  6  9  8  2  1  1  6  2  8  5  9  5
  9  7  1  9  5  4  5  9  6  1  6  9  3  5  6  5  2  7  6  5  7  2  7  5  8  1  6  2  2  2  8  8  4  5  1  5  9  2  0  2  7  9  6  7  5  9  5  6  5  6
  6  6  7  5  9  6  7  8  2  1  4  6  4  3  2  7  8  5  5  4  2  5  5  5  8  5  6  1  9  2  8  1  7  8  3  7  8  7  4  0  8  8  8  6  1  9  1  4  5  7
  3  7  2  5  4  8  1  5  3  4  2  1  9  8  3  3  5  1  3  7  3  4  8  1  3  2  6  5  2  1  9  8  2  2  4  3  4  5  7  8  0  6  7  3  8  3  1  6  7  9
  2  3  3  7  6  1  1  4  1  4  8  2  5  3  9  7  1  7  6  2  5  6  1  8  1  7  3  2  2  8  4  2  6  6  1  5  4  7  2  6  8  0  4  6  6  3  7  3  4  4
  1  4  2  3  4  4  7  4  9  6  3  4  2  6  6  8  3  7  8  3  7  9  3  3  1  9  7  3  5  6  2  1  7  1  6  8  7  1  4  4  4  2  0  6  7  5  9  9  2  5
  2  1  7  4  1  5  9  9  7  6  4  8  1  8  7  5  8  4  5  2  5  8  4  8  4  7  5  8  6  3  8  9  4  6  5  1  5  6  1  8  6  5  9  0  9  2  8  6  4  9
  5  1  2  6  7  8  6  2  9  5  2  2  7  6  4  4  3  3  8  7  2  1  4  3  8  6  7  6  1  8  2  8  3  1  3  9  6  9  6  2  1  7  7  3  0  7  8  1  7  8
  8  8  8  3  7  9  9  4  8  9  7  1  8  4  9  9  9  5  4  6  7  4  8  9  6  2  1  9  6  4  5  8  1  6  1  3  3  4  8  4  4  4  4  6  8  0  5  3  2  5
  9  7  6  4  4  4  4  9  8  8  6  5  8  9  7  6  3  3  3  8  1  5  8  4  3  2  5  5  7  9  4  7  8  2  3  1  6  7  1  8  2  2  2  4  5  3  0  9  5  8
  6  3  4  6  4  5  1  9  4  1  3  2  4  8  5  5  8  6  4  7  9  7  6  9  7  4  6  8  8  3  3  4  7  3  3  2  3  9  6  5  2  3  8  8  4  3  1  0  7  8
  5  5  1  3  9  7  4  6  3  8  2  2  9  5  4  4  3  7  1  4  3  1  6  3  3  4  9  5  8  9  3  3  7  1  4  7  6  8  2  1  3  6  8  7  3  6  6  1  0  6
  6  5  2  9  4  8  8  7  1  6  3  8  2  7  5  5  3  1  4  9  5  5  9  6  5  8  2  3  6  3  3  8  2  4  8  3  1  9  4  9  6  6  5  4  9  2  3  6  9  0
M9
  0  3  5  3  2  7  6  8  3  8  9  9  7  4  6  4  5  6  8  2  5  6  2  2  6  2  5  4  7  3  1  9  5  9  7  3  5  5  4  9  2  6  1  7  3  5  7  7  2  1
  2  0  6  3  1  3  4  7  7  2  5  5  9  5  9  1  1  7  2  3  7  7  6  6  7  7  7  9  7  5  3  7  3  9  4  5  3  3  6  6  9  4  2  5  2  1  4  4  9  6
  5  7  0  2  3  7  9  8  4  8  9  1  8  2  1  6  5  8  3  2  7  7  3  9  7  1  7  3  7  5  1  9  7  4  8  4  1  6  3  9  8  4  4  3  9  4  9  2  9  4
  8  7  8  0  9  7  6  3  2  4  8  7  3  4  7  1  9  5  8  8  4  3  3  8  9  7  2  9  5  9  1  6  5  6  3  8  2  8  5  7  2  4  1  3  4  9  4  6  1  6
  1  5  5  5  0  8  2  2  6  3  9  5  2  3  7  2  7  3  1  6  4  5  8  8  5  7  2  8  9  2  3  5  5  2  3  7  1  5  5  1  3  3  5  6  7  8  4  1  3  2
  8  5  3  5  2  0  5  6  2  4  7  1  9  9  8  7  7  9  7  2  2  8  6  5  4  3  9  4  6  8  5  8  9  8  1  7  2  9  6  3  1  6  5  3  4  9  6  4  6  2
  3  2  3  9  8  2  0  1  7  8  6  1  1  1  9  6  9  1  4  8  2  5  5  1  5  8  6  1  3  4  1  5  6  2  2  6  2  4  6  3  6  5  8  5  5  3  8  2  8  6
  5  1  8  9  5  1  1  0  5  8  1  8  3  1  6  2  6  7  9  1  6  4  3  6  3  6  8  2  4  6  1  7  8  5  5  9  5  1  6  1  1  2  3  4  6  7  5  4  5  4
  7  6  8  6  4  2  5  4  0  9  4  1  5  8  8  9  1  8  3  7  6  6  1  3  8  1  6  3  3  6  9  9  7  8  5  5  3  4  9  6  5  4  4  2  1  8  2  5  9  6
  8  4  2  2  1  2  7  2  9  0  5  4  2  1  3  3  2  3  8  8  5  6  6  6  2  5  6  6  8  8  8  5  6  2  4  6  9  5  6  1  4  7  5  6  9  4  6  7  4  7
  5  3  7  7  4  5  6  6  5  2  0  3  9  1  1  5  1  1  6  1  5  6  3  6  7  4  6  1  8  1  9  3  8  3  6  4  6  9  2  2  1  2  6  6  8  2  3  4  1  3
  1  1  5  8  6  4  2  6  6  7  6  0  6  1  4  9  1  7  3  9  6  3  7  2  5  8  8  5  1  3  2  4  9  6  2  5  8  1  2  7  1  9  4  3  3  5  7  3  1  7
  3  8  1  8  5  5  3  8  3  9  4  8  0  1  3  4  9  1  2  2  3  2  9  9  9  6  3  4  6  3  1  2  6  9  5  6  7  3  6  5  8  7  5  5  8  4  3  5  1  4
  3  6  8  4  6  2  1  6  9  4  1  6  6  0  7  3  7  8  1  8  9  2  5  7  5  3  6  3  6  4  3  8  6  6  5  3  8  5  5  6  2  9  8  3  6  4  2  1  3  2
  6  5  7  7  4  3  5  4  1  5  9  5  8  9  0  9  3  8  9  5  1  9  1  5  2  8  4  2  2  8  9  7  4  6  7  9  1  3  8  2  5  9  2  4  5  5  9  8  9  7
  9  6  2  7  5  3  1  6  8  7  8  7  6  5  3  0  7  1  5  9  9  4  6  4  5  1  4  7  3  6  1  6  3  8  3  1  5  1  7  2  9  4  6  2  3  5  2  4  2  5
  9  9  6  4  6  5  3  3  2  8  6  2  4  7  5  2  0  5  7  2  1  1  6  9  5  9  4  2  7  5  7  2  4  9  3  6  1  9  6  9  9  3  9  3  6  7  2  3  3  3
  7  2  7  1  8  9  1  4  1  2  1  4  4  3  8  6  2  0  4  5  1  1  7  6  3  1  3  3  8  9  1  9  3  1  4  2  9  4  7  8  5  4  5  2  7  1  8  3  7  2
  3  6  4  8  9  1  9  2  2  5  7  6  3  9  3  5  3  4  0  5  5  7  8  4  7  2  2  8  6  2  9  9  6  3  5  4  6  3  1  1  6  5  8  2  6  8  1  5  2  8
  1  5  8  5  6  9  8  2  3  4  7  3  6  5  5  9  6  8  5  0  1  6  8  6  8  3  4  8  2  4  8  7  6  1  3  6  6  7  9  5  9  7  2  2  5  8  2  4  7  9
  5  7  1  4  3  6  8  7  4  8  6  8  3  3  7  2  3  5  5  1  0  4  4  8  3  7  1  5  1  1  6  9  3  4  4  6  4  4  6  4  2  8  5  7  1  8  8  9  8  2
  7  8  3  2  2  2  3  2  7  9  3  9  1  9  1  2  3  7  6  9  2  0  1  8  2  7  6  7  3  6  9  7  7  7  8  7  4  3  3  4  1  5  8  2  5  7  5  5  1  7
  2  1  5  7  4  1  6  4  8  1  9  2  5  9  4  3  6  4  9  9  4  5  0  5  1  7  8  8  3  9  6  7  1  1  3  8  6  7  4  7  2  9  3  9  1  8  1  5  7  5
  3  9  3  3  3  5  5  1  2  1  3  5  3  1  7  9  9  7  4  5  9  5  9  0  7  8  5  4  6  4  7  2  6  7  9  7  2  7  3  9  8  4  3  3  9  7  2  3  6  4
  9  9  5  5  9  7  8  8  2  3  2  6  7  9  2  6  4  3  7  9  5  1  1  9  0  7  3  8  7  2  9  5  3  1  5  9  3  1  2  3  2  7  3  7  4  4  9  1  9  3
  6  5  7  4  8  9  6  4  6  9  1  8  9  4  5  8  9  5  6  9  5  2  9  8  8  0  7  5  3  2  1  2  8  5  4  5  8  9  4  7  2  3  3  5  9  7  6  3  4  5
  2  1  2  6  6  6  2  6  7  4  4  8  5  7  6  5  1  7  8  4  7  6  5  2  5  1  0  8  3  3  4  8  2  1  3  6  1  2  1  7  3  6  6  3  7  4  1  6  6  7
  1  2  2  9  4  8  8  2  1  9  5  3  7  8  7  7  1  2  6  6  7  7  3  7  4  2  2  0  2  4  1  1  4  3  7  4  3  8  6  5  3  8  1  2  4  5  6  5  7  1
  9  4  5  3  7  4  3  9  9  5  6  9  2  3  5  3  1  6  5  1  9  2  6  7  7  8  1  7  0  6  6  9  8  5  6  8  5  8  4  3  6  6  9  8  9  4  5  8  8  5
  7  3  9  6  6  5  8  7  4  5  1  2  9  8  3  2  3  5  7  8  3  5  5  1  4  2  5  6  3  0  7  2  2  5  5  3  5  6  3  2  5  8  2  6  8  8  6  6  4  6
  7  9  9  5  6  6  6  2  3  5  1  1  4  4  7  4  8  8  9  9  2  1  5  7  2  2  6  3  7  7  0  5  6  1  2  2  3  6  8  1  1  7  9  9  9  4  1  3  8  2
  4  6  4  6  5  4  5  7  6  7  9  4  8  4  9  9  3  5  4  6  8  4  8  6  8  4  3  6  1  5  4  0  2  9  4  5  1  5  9  7  2  9  3  1  7  5  3  4  3  6
  6  9  3  2  3  2  5  7  9  6  5  8  8  4  1  7  5  3  8  3  7  3  9  7  5  6  1  7  3  6  2  9  0  3  2  6  8  4  5  9  6  3  8  1  1  7  2  9  3  3
  7  2  9  8  5  6  5  2  9  5  1  5  2  3  8  6  6  5  3  6  2  3  6  7  4  7  3  3  1  2  4  4  7  0  6  3  4  5  2  3  9  8  7  3  5  1  9  8  8  4
  3  9  8  6  8  5  5  5  4  1  4  6  3  8  4  6  9  8  1  4  1  4  7  4  5  9  7  3  9  2  7  1  6  5  0  4  1  4  5  2  9  7  5  6  3  6  3  8  3  9
  8  1  5  7  6  6  8  8  1  1  7  7  8  9  1  1  2  7  3  2  1  4  5  8  1  5  2  2  7  3  1  4  2  2  5  0  4  7  7  8  1  5  9  4  5  7  8  1  4  6
  7  3  2  4  4  1  7  3  3  4  4  6  4  7  6  7  8  1  9  6  5  7  5  3  4  3  9  9  4  8  1  4  5  6  4  5  0  7  7  1  6  6  6  3  4  4  6  2  4  4
  3  9  9  2  2  2  1  4  3  8  5  8  2  7  8  8  2  8  8  4  4  9  8  5  9  6  7  8  1  9  9  7  9  3  7  7  9  0  7  3  3  4  7  1  8  4  4  3  1  6
  6  8  4  1  3  4  3  5  6  6  4  5  7  5  3  8  5  5  9  8  2  7  7  4  1  2  7  1  4  5  4  7  7  6  7  2  6  4  0  3  6  5  1  8  7  8  7  7  3  6
  5  9  9  8  7  7  1  9  4  1  4  6  8  2  7  1  2  1  8  9  5  7  5  2  4  3  3  5  3  8  5  9  2  2  8  6  6  3  9  0  4  3  5  8  7  8  3  3  2  7
  3  9  3  6  6  5  4  7  5  2  5  7  7  8  6  7  7  1  4  1  1  6  8  2  9  6  8  4  2  8  9  1  3  1  5  7  6  1  8  2  0  1  5  9  4  5  7  1  6  5
  8  7  7  1  8  6  3  8  3  2  7  6  1  2  5  9  6  6  8  9  5  5  9  3  1  3  9  5  7  4  1  8  1  6  3  7  6  2  8  8  7  0  8  2  2  5  7  8  9  9
  4  6  1  9  6  6  6  6  9  4  9  5  6  3  8  7  4  5  8  8  5  6  4  8  3  4  2  5  1  4  1  8  6  7  2  3  9  5  8  8  9  5  0  1  5  9  5  4  2  8
  5  2  8  4  9  1  2  6  3  2  4  2  8  1  8  8  3  7  8  9  1  1  2  8  3  5  3  5  8  2  8  9  9  2  7  9  4  4  7  3  6  3  5  0  8  1  8  5  3  2
  1  4  8  9  9  2  4  6  6  9  2  7  2  9  6  4  5  8  8  3  1  6  7  6  2  5  3  3  6  9  5  7  9  4  9  2  4  4  2  4  6  4  9  1  0  7  1  6  5  3
  8  4  2  3  3  4  3  3  8  5  9  6  5  4  2  1  5  6  5  5  9  5  5  4  5  1  4  2  9  2  3  8  3  7  4  8  9  9  6  2  7  8  1  5  6  0  9  6  5  8
  4  3  3  3  7  8  7  1  2  9  5  9  7  2  2  2  4  7  1  4  7  2  6  7  9  1  5  2  2  6  7  6  3  5  2  6  5  4  5  5  9  7  9  5  9  3  0  7  9  3
  3  7  5  4  4  3  5  4  2  6  1  5  3  6  8  6  8  7  3  7  7  4  5  4  7  4  9  4  4  9  4  6  1  4  1  1  3  6  2  8  4  6  7  4  4  9  9  0  7  4
  6  5  4  6  6  9  5  2  9  3  2  2  7  8  5  2  5  7  1  6  2  9  9  8  2  6  1  5  6  8  9  5  1  7  7  2  4  6  6  6  7  6  1  5  4  3  8  2  0  6
  8  7  9  3  5  6  8  9  6  7  2  5  3  3  5  6  2  5  5  4  8  8  1  4  4  3  9  2  3  4  5  2  3  8  9  1  6  8  8  6  7  6  3  8  8  2  1  7  9  0