20 20
  0  1  1  6  2 10  3 28  4 69  5 95  6 90  7 87  8 80  9 60 10 17 11 13 12 66 13 79 14 79 15  6 16 43 17  3 18 36 19 67
  0 96  1 36  2 65  3 13  4 34  5 75  6 38  7 32  8 10  9 70 10 74 11 98 12 30 13 12 14 93 15 73 16 45 17 69 18 98 19 96
  0 21  1 74  2 39  3 74  4 10  5 24  6 20  7  8  8 63  9 38 10 87 11 79 12 89 13 96 14 25 15 64 16 46 17 38 18  7 19 70
  0 57  1 53  2 99  3 18  4 91  5  3  6 85  7 17  8 14  9 94 10 39 11 20 12 45 13 78 14 61 15 30 16  9 17 61 18  3 19 89
  0  7  1 25  2 77  3 71  4 98  5 83  6 49  7 54  8 89  9 94 10 14 11 57 12 44 13 29 14 59 15 30 16 10 17  8 18  5 19  5
  0 34  1 68  2 39  3 11  4 60  5 67  6 37  7 43  8 65  9 30 10 28 11 68 12 91 13 28 14 20 15 99 16 42 17 54 18 82 19 45
  0 72  1 37  2 50  3 17  4  3  5 88  6 29  7  3  8 43  9 50 10 12 11 17 12 18 13 14 14 92 15 61 16 43 17 90 18 41 19 38
  0 12  1 42  2 14  3 27  4 86  5 75  6 84  7 65  8 44  9 17 10 49 11 27 12 67 13 52 14  1 15 26 16 46 17  3 18  2 19 79
  0 80  1 68  2 75  3 89  4 55  5 28  6 93  7 33  8 28  9 43 10 88 11 25 12 94 13 27 14 35 15 38 16  7 17  5 18 63 19 73
  0 99  1 74  2 28  3 14  4 95  5 65  6 99  7 36  8 39  9 28 10 91 11 36 12 41 13 51 14 97 15 46 16 15 17 25 18 56 19 99
  0 28  1 93  2 92  3 13  4 73  5 54  6 44  7 70  8 59  9 33 10 53 11 67 12 78 13 46 14 79 15 76 16 32 17 31 18 85 19 33
  0 80  1 39  2 74  3 40  4 65  5 65  6 39  7 18  8 91  9 48 10 40 11 73 12 27 13 98 14 37 15 65 16 80 17 38 18 85 19  1
  0 30  1 75  2 20  3 97  4 24  5 34  6 18  7 19  8 70  9 48 10  1 11 34 12 15 13 97 14 72 15 51 16  4 17 36 18 25 19 84
  0 15  1 54  2 70  3 70  4 22  5 17  6 40  7 76  8 24  9 81 10 55 11 47 12 55 13 38 14 76 15 39 16 73 17 35 18 98 19 79
  0 95  1 10  2 43  3 96  4  5  5 51  6 24  7  7  8 96  9 50 10 39 11 65 12 28 13 78 14 89 15 23 16 42 17 52 18 58 19 44
  0 19  1 60  2  6  3 13  4 67  5 98  6 98  7 34  8  1  9 86 10 35 11 79 12 28 13 89 14  7 15 71 16 98 17 13 18 16 19 39
  0 12  1 15  2 77  3 66  4 39  5 94  6 61  7 66  8 92  9 23 10 99 11 31 12 26 13 67 14 79 15 63 16 24 17 78 18 99 19 16
  0 59  1 75  2 25  3 77  4 58  5 22  6 72  7 72  8 79  9 95 10 17 11 54 12 98 13 91 14 85 15 94 16 25 17 31 18 61 19 50
  0 66  1 71  2 68  3  2  4  4  5 57  6 21  7 16  8 57  9  3 10 69 11 56 12 98 13 51 14 40 15 62 16 13 17  8 18 21 19 39
  0 51  1 22  2 83  3 41  4 30  5 37  6 76  7 95  8 88  9 80 10 67 11 33 12 77 13 62 14 24 15 87 16 38 17 62 18 26 19 55
SSD
M0
  0  1  9  2  6  1  4  7  2  8  9  3  8  3  2  9  2  2  6  6
  5  0  1  4  7  5  3  7  4  4  7  7  9  4  7  5  1  6  2  7
  7  2  0  1  6  4  9  7  4  5  2  7  3  9  7  2  7  4  1  7
  3  7  8  0  3  2  7  2  7  1  2  3  9  2  2  4  9  7  9  2
  6  7  1  4  0  7  4  1  9  9  6  1  8  5  9  7  6  3  2  1
  7  4  6  1  3  0  9  7  3  1  8  7  8  7  3  6  5  6  4  2
  5  9  9  2  6  4  0  9  4  2  8  5  4  3  8  9  9  4  4  2
  4  3  9  6  7  2  7  0  8  3  1  2  5  4  1  6  3  4  7  2
  2  7  1  4  6  7  2  9  0  8  1  6  2  9  6  4  4  3  4  6
  9  7  3  9  1  9  8  6  8  0  6  7  4  9  9  3  5  2  4  3
  3  5  5  8  5  8  3  9  1  8  0  2  7  8  4  2  3  2  5  8
  9  5  4  1  5  4  4  9  2  7  7  0  2  9  8  2  6  7  2  3
  3  4  7  7  4  5  6  8  3  5  6  3  0  6  3  9  5  4  9  2
  7  9  4  8  3  2  5  3  3  3  9  9  7  0  8  2  9  8  3  3
  2  5  3  5  5  9  9  4  8  9  7  9  5  6  0  8  9  3  6  6
  2  9  1  4  9  8  4  7  7  9  1  8  8  4  3  0  1  7  6  3
  3  9  6  3  4  5  7  6  5  4  3  7  6  9  6  8  0  4  5  5
  1  1  4  4  5  1  2  3  8  1  7  4  9  3  3  2  4  0  1  7
  4  6  1  5  9  1  1  3  3  4  4  4  5  2  8  3  1  6  0  4
  9  1  1  1  8  4  1  6  6  8  8  3  9  6  2  9  6  2  3  0
M1
  0  7  9  7  9  1  5  4  8  7  9  3  1  8  8  4  4  2  5  4
  5  0  3  8  6  6  6  2  2  3  5  3  4  1  2  4  1  4  5  1
  8  5  0  2  1  6  2  5  7  3  5  9  5  4  3  4  6  1  9  7
  7  1  7  0  9  4  6  7  8  5  8  8  4  8  8  3  4  2  2  1
  8  4  2  8  0  7  8  7  4  5  8  2  5  7  6  6  8  8  1  3
  1  2  4  6  6  0  6  9  7  7  9  3  6  9  8  9  7  9  7  9
  9  3  7  7  4  8  0  1  6  7  8  4  7  1  4  1  9  1  3  3
  1  6  7  1  7  6  8  0  6  2  2  1  7  5  9  5  6  8  1  3
  7  5  1  7  7  1  4  1  0  8  4  9  9  1  5  2  9  8  5  6
  4  2  5  9  8  9  5  3  8  0  4  6  4  1  2  6  9  4  1  6
  8  4  5  4  8  3  2  4  8  1  0  1  8  3  5  4  6  1  4  5
  5  8  1  9  1  6  5  2  4  6  8  0  5  1  3  4  4  2  5  4
  4  9  4  1  8  6  7  3  2  7  1  7  0  4  1  7  1  1  6  5
  2  1  9  8  4  1  1  5  6  8  5  4  8  0  1  5  9  7  1  2
  6  4  5  7  8  3  7  3  5  3  9  6  3  6  0  6  2  9  5  3
  6  2  9  6  7  7  7  9  4  5  2  5  8  4  6  0  2  3  3  4
  8  6  1  6  2  9  2  9  7  9  9  4  6  8  6  1  0  7  5  5
  2  2  2  4  9  7  3  2  1  3  1  6  9  8  5  2  9  0  5  5
  8  7  4  8  2  1  1  9  4  1  4  2  5  2  6  3  8  6  0  2
  7  4  1  9  8  1  1  4  3  7  3  2  7  9  3  1  4  1  5  0
M2
  0  6  4  5  9  2  4  2  9  3  8  3  2  4  1  6  1  2  9  2
  7  0  6  8  7  2  2  1  3  2  5  2  7  1  3  2  8  8  4  5
  5  8  0  5  6  2  7  8  4  1  6  6  4  9  3  1  6  8  3  3
  7  8  6  0  7  4  1  4  7  1  2  7  4  5  8  6  9  7  2  9
  8  4  5  9  0  9  8  2  2  6  7  2  5  3  9  7  4  1  1  4
  6  3  7  3  6  0  4  7  2  8  6  3  4  7  4  8  3  4  1  1
  7  2  3  9  4  7  0  6  3  7  5  2  1  7  2  4  2  3  8  9
  5  3  7  3  5  7  3  0  2  4  3  8  2  1  4  6  2  2  7  2
  4  2  1  5  9  5  4  5  0  9  4  7  7  4  7  2  8  5  8  3
  5  9  5  7  8  3  2  3  1  0  2  1  2  2  7  8  3  2  3  8
  4  3  2  1  3  3  4  7  8  4  0  7  1  5  3  3  7  1  2  5
  4  3  6  2  9  1  2  8  7  2  3  0  2  8  6  2  2  5  9  1
  6  9  1  8  1  3  9  8  7  6  4  9  0  9  4  9  1  7  7  6
  9  8  9  4  8  6  7  8  2  2  4  8  1  0  5  7  3  8  3  6
  2  2  6  6  4  6  4  9  4  2  3  1  8  1  0  1  8  6  3  1
  3  4  2  9  2  2  7  3  6  7  3  1  4  4  7  0  7  1  6  5
  2  2  1  1  3  5  2  7  2  7  1  1  2  9  1  1  0  8  2  1
  4  7  8  2  9  4  4  2  8  2  6  6  8  9  9  9  8  0  1  3
  8  5  1  4  5  5  4  3  6  8  5  9  8  5  3  3  9  2  0  7
  4  4  7  3  5  8  2  7  2  9  2  3  2  9  6  8  9  9  6  0
M3
  0  8  4  9  7  9  3  9  2  8  3  4  2  5  5  4  1  9  6  2
  5  0  2  8  1  1  9  2  5  9  1  3  4  9  2  1  7  5  8  7
  6  5  0  9  5  2  4  7  8  8  8  1  9  6  5  9  1  7  3  7
  2  6  2  0  5  7  6  1  1  2  5  2  2  8  2  4  7  7  5  1
  2  6  6  5  0  8  6  3  8  2  2  2  5  1  7  9  7  6  5  6
  3  1  3  6  7  0  4  6  6  7  5  1  8  3  7  7  3  7  8  8
  3  2  4  8  2  7  0  3  4  7  9  6  2  8  7  1  3  4  3  1
  2  6  3  5  2  6  8  0  2  4  3  2  2  9  5  7  1  6  6  2
  6  6  9  4  1  3  2  2  0  2  9  1  9  7  6  1  8  7  5  1
  7  5  5  5  8  2  2  5  6  0  7  8  1  6  5  6  6  3  2  3
  8  2  7  5  9  4  1  2  1  1  0  2  8  8  8  7  6  9  5  7
  6  3  4  8  8  1  4  9  8  7  1  0  4  5  9  5  9  2  1  6
  8  7  1  9  8  4  2  4  8  3  4  2  0  7  7  5  5  1  5  9
  2  8  9  6  2  3  1  3  9  6  7  5  3  0  8  8  1  9  5  7
  1  7  7  4  6  5  3  3  6  9  4  4  4  5  0  7  1  9  9  9
  5  5  1  6  2  6  2  5  1  8  4  7  6  8  8  0  2  7  8  5
  4  3  4  8  4  4  9  3  1  5  2  1  5  4  9  1  0  8  5  8
  1  1  1  4  5  3  5  9  5  9  4  3  5  1  6  3  8  0  8  7
  4  8  6  8  4  3  6  8  2  2  8  7  1  1  4  9  1  7  0  6
  6  8  8  6  1  7  1  5  3  1  5  3  2  4  4  4  4  4  3  0
M4
  0  1  5  5  5  8  4  2  2  1  3  1  3  5  1  6  1  4  3  6
  8  0  8  1  6  8  2  2  5  5  2  1  4  1  6  4  4  3  4  9
  6  6  0  7  7  2  5  7  1  2  4  3  3  6  7  3  6  8  1  8
  7  7  6  0  4  2  3  1  6  4  7  9  5  4  1  9  7  4  4  8
  1  8  8  2  0  1  8  6  8  9  7  8  1  6  9  9  9  9  4  7
  3  9  3  5  8  0  9  4  2  8  6  1  5  9  9  9  5  7  5  7
  5  3  2  3  3  5  0  3  3  9  8  6  8  6  1  9  6  9  7  5
  4  6  3  2  2  3  7  0  7  8  5  5  6  2  5  9  1  9  1  8
  6  4  2  8  6  4  8  3  0  3  4  1  9  8  9  2  1  2  3  4
  9  6  9  9  8  2  9  4  6  0  2  4  4  1  2  7  4  4  9  3
  6  7  8  5  9  3  5  4  3  4  0  5  7  3  1  5  8  3  3  5
  9  8  7  1  4  7  9  4  7  6  8  0  7  5  2  6  8  5  4  9
  7  3  2  7  8  5  8  2  1  7  4  8  0  5  7  7  8  2  2  8
  4  7  7  3  7  8  6  1  7  6  9  6  6  0  8  6  5  3  7  6
  6  5  1  7  1  9  2  9  8  6  7  3  6  6  0  1  4  9  9  6
  6  4  6  8  3  7  6  8  5  9  3  5  8  6  4  0  2  7  4  7
  3  7  7  6  7  2  7  1  5  6  4  1  2  7  1  3  0  7  2  6
  8  7  9  3  3  1  9  5  8  5  3  2  7  8  5  6  6  0  4  9
  2  5  3  7  2  6  9  9  1  7  5  1  7  2  8  7  3  2  0  3
  5  6  7  8  6  3  6  9  9  1  5  5  6  6  5  5  3  6  7  0
M5
  0  8  3  7  9  5  6  2  6  4  5  1  3  4  7  5  3  4  1  3
  7  0  2  2  6  5  5  4  5  1  6  6  8  6  7  3  5  2  6  3
  7  5  0  6  6  3  8  7  1  7  3  4  4  9  2  7  2  9  1  5
  6  4  3  0  6  8  6  7  2  5  9  5  7  8  5  4  5  1  8  9
  8  8  9  8  0  1  3  6  3  6  3  6  5  8  2  3  7  8  6  2
  8  1  1  8  1  0  5  5  3  9  5  3  9  7  4  8  8  1  4  1
  5  7  8  5  3  8  0  4  9  1  6  9  4  8  4  8  5  3  3  7
  1  5  6  6  1  7  3  0  5  7  5  6  9  6  5  2  9  3  9  7
  5  5  2  4  9  9  3  6  0  9  8  3  6  8  9  1  9  6  4  7
  7  1  8  2  2  2  4  8  7  0  7  9  2  6  9  5  3  3  1  3
  8  2  4  3  7  4  6  5  2  6  0  8  9  9  5  8  3  3  9  6
  2  2  1  1  5  4  5  4  8  5  8  0  5  2  6  4  4  8  5  8
  6  8  4  8  2  1  9  3  5  5  4  4  0  3  8  8  9  4  8  9
  2  3  8  6  4  6  3  4  3  5  8  1  3  0  1  1  2  9  2  5
  4  1  3  1  6  2  1  4  3  4  4  2  6  4  0  6  6  5  5  2
  2  7  3  9  3  8  5  2  3  7  6  1  6  1  8  0  9  4  3  3
  3  4  7  3  5  2  6  7  4  8  3  2  2  1  3  1  0  2  1  5
  5  1  1  4  4  4  1  1  5  4  4  2  8  2  1  8  5  0  2  6
  5  7  2  8  2  2  7  1  7  9  7  2  7  3  2  9  2  6  0  9
  7  2  8  3  2  4  9  4  6  8  1  5  9  9  6  7  6  6  6  0
M6
  0  7  6  2  9  9  3  3  8  4  4  7  6  7  1  8  6  3  3  5
  7  0  7  9  2  9  1  4  7  3  5  2  6  1  4  3  1  6  6  8
  5  9  0  9  1  5  4  4  5  4  1  9  5  4  5  6  7  2  5  1
  8  4  8  0  4  3  2  1  5  7  5  3  7  1  5  3  7  8  8  8
  4  5  9  9  0  5  4  5  7  1  4  5  3  3  1  2  1  6  1  8
  2  7  3  9  1  0  1  8  8  8  4  7  8  9  9  8  2  8  5  2
  7  3  4  1  9  4  0  1  1  4  2  3  8  2  9  2  4  6  8  7
  1  4  8  8  4  3  6  0  6  7  1  7  7  9  3  8  9  1  3  5
  4  5  7  3  9  7  2  8  0  5  8  7  8  3  7  4  1  2  7  7
  1  5  4  4  3  7  7  9  6  0  6  8  3  5  8  2  5  8  7  3
  4  9  4  1  8  3  3  8  8  1  0  6  5  8  5  4  8  4  9  3
  2  1  1  3  9  7  2  7  8  3  4  0  2  8  6  3  7  6  7  8
  5  4  1  5  9  2  7  6  2  7  6  4  0  6  5  9  8  6  3  7
  2  3  9  3  6  6  8  4  8  9  1  1  6  0  2  5  7  4  8  6
  2  7  8  9  3  8  4  9  5  2  8  3  1  9  0  7  2  7  6  7
  8  9  4  4  4  3  4  8  6  4  7  9  2  1  8  0  1  6  6  6
  2  7  4  5  6  5  6  3  9  6  3  1  1  3  7  1  0  4  6  4
  2  5  9  1  3  5  6  1  7  3  3  8  9  3  7  4  3  0  4  5
  9  4  8  8  9  5  8  5  7  9  2  2  6  4  8  8  3  1  0  3
  7  5  5  4  6  1  6  2  3  7  8  1  5  3  5  3  9  3  6  0
M7
  0  4  7  7  5  4  3  4  3  2  2  2  9  3  7  4  8  3  5  4
  3  0  4  5  7  1  1  1  9  8  4  2  4  4  1  7  2  2  7  2
  9  2  0  7  8  6  9  7  6  9  6  4  6  5  5  9  8  3  2  2
  5  7  1  0  6  8  5  8  7  9  6  8  6  7  6  8  6  1  8  5
  9  4  3  3  0  1  9  9  7  5  1  6  3  8  7  5  5  7  8  2
  7  1  4  7  5  0  2  8  2  4  1  2  2  1  7  6  7  5  6  4
  4  2  2  8  3  6  0  6  8  1  3  5  7  8  7  4  6  4  9  6
  5  6  3  3  4  9  1  0  6  1  6  6  9  9  5  3  9  4  3  7
  4  2  5  3  7  2  7  3  0  3  6  2  4  2  1  4  6  1  8  9
  3  3  6  9  5  3  3  3  5  0  4  8  7  7  6  2  6  3  8  6
  9  6  2  7  7  1  4  2  2  8  0  3  9  2  6  4  4  1  6  8
  7  5  6  3  5  5  9  5  1  3  2  0  3  3  7  6  7  2  3  2
  2  4  3  9  7  3  8  2  8  6  5  9  0  5  3  2  9  1  2  3
  6  6  1  4  2  7  6  7  8  2  9  5  6  0  7  9  9  2  5  9
  5  2  5  5  2  7  6  4  2  4  5  9  9  2  0  6  3  7  1  6
  5  1  3  4  6  4  9  2  4  6  9  9  8  1  7  0  4  7  5  3
  8  3  6  9  4  5  7  2  2  9  9  5  4  7  2  8  0  5  9  2
  1  7  5  5  3  7  5  6  3  3  3  8  3  9  8  1  7  0  7  4
  7  5  1  9  6  6  8  6  8  1  9  9  1  8  7  2  3  9  0  3
  7  3  2  6  3  9  3  8  3  9  9  9  9  5  5  4  4  8  4  0
M8
  0  6  3  1  6  8  3  5  9  3  7  8  9  7  4  5  5  8  3  5
  8  0  1  4  8  3  6  3  9  3  8  6  7  9  1  8  3  9  3  4
  6  1  0  5  3  8  3  7  4  1  9  7  5  6  5  4  4  2  8  6
  5  8  5  0  1  4  3  9  2  6  6  6  4  7  4  9  7  6  8  6
  9  5  8  4  0  2  6  1  9  6  7  3  6  4  6  2  3  9  6  9
  1  7  8  7  2  0  4  6  5  7  2  3  1  5  4  8  1  1  2  1
  9  5  6  9  7  4  0  6  7  7  1  9  4  6  4  3  7  7  7  4
  2  3  7  9  6  2  1  0  1  8  6  2  3  5  2  8  7  6  1  5
  8  7  1  9  1  1  1  4  0  3  5  5  5  9  3  4  6  6  2  2
  4  6  9  3  4  5  4  4  4  0  3  4  6  3  5  2  1  5  4  6
  4  7  3  3  4  4  3  1  2  2  0  4  4  7  8  6  5  6  2  6
  9  7  9  4  2  9  5  3  9  9  7  0  6  9  8  5  3  7  1  2
  9  5  4  3  6  8  3  4  5  1  4  9  0  6  9  1  1  6  6  2
  4  3  9  1  1  7  6  2  1  6  9  6  1  0  1  6  9  1  9  3
  6  3  5  4  9  4  1  4  1  3  3  8  3  2  0  4  9  3  1  7
  8  4  7  5  7  5  3  7  2  6  3  1  3  6  1  0  8  4  3  1
  6  3  9  5  3  4  9  1  6  4  9  7  1  7  9  3  0  7  5  6
  2  1  7  3  6  1  2  8  5  3  7  5  6  2  8  2  3  0  8  4
  2  9  8  4  2  4  9  9  1  2  7  1  9  5  8  1  4  8  0  8
  4  4  5  1  2  9  9  3  1  7  2  9  9  7  8  1  8  3  6  0
M9
  0  7  1  8  6  7  9  8  9  2  4  1  8  3  8  7  8  2  4  7
  8  0  3  6  5  2  7  3  7  6  6  4  1  5  3  5  3  7  3  2
  3  6  0  8  1  6  8  3  3  1  8  9  9  8  8  3  9  6  6  2
  8  4  7  0  6  4  9  7  8  2  9  3  6  5  3  1  7  3  1  4
  6  8  8  5  0  4  3  4  4  6  1  5  9  3  9  7  9  7  6  1
  4  9  2  3  7  0  4  5  2  4  4  1  8  8  5  6  9  7  7  2
  2  3  7  1  9  8  0  9  7  2  4  2  2  1  1  3  2  3  7  3
  2  2  4  6  7  2  3  0  5  2  4  4  7  8  7  8  8  7  7  1
  3  4  4  4  4  8  6  7  0  5  8  1  1  7  2  9  8  6  4  1
  5  1  8  9  7  1  2  3  3  0  6  5  3  6  7  5  7  5  3  2
  3  5  6  3  8  3  7  1  6  5  0  8  8  5  3  4  8  9  1  7
  9  8  6  5  1  5  9  3  3  3  9  0  7  6  2  6  8  9  9  2
  7  3  4  5  3  1  6  2  7  5  2  5  0  2  3  5  1  2  1  6
  6  4  6  6  8  9  1  3  5  9  9  8  4  0  8  8  5  7  5  5
  5  9  6  2  8  2  2  4  1  2  2  6  6  9  0  5  6  2  3  1
  3  4  4  4  5  5  8  9  6  5  8  2  4  2  4  0  7  9  4  9
  1  6  2  9  8  8  1  8  5  3  9  3  8  2  7  5  0  4  2  6
  4  1  1  8  5  3  8  5  1  9  8  6  8  6  6  9  3  0  2  9
  7  4  3  8  2  4  3  7  3  7  7  2  7  3  8  7  9  7  0  6
  3  9  5  3  7  1  1  6  2  1  8  9  4  9  3  9  4  7  9  0
M10
  0  9  3  5  6  7  6  6  8  1  9  2  7  9  4  9  8  4  8  6
  7  0  2  9  9  3  5  4  9  6  5  4  8  2  1  7  9  5  9  9
  3  5  0  7  4  6  4  8  3  6  5  9  8  5  8  6  5  8  4  5
  2  8  1  0  8  1  9  5  9  4  3  2  6  1  5  6  4  1  6  4
  3  4  5  3  0  3  7  2  8  1  9  8  3  2  6  4  6  9  6  1
  8  8  1  1  2  0  4  7  4  5  9  9  5  4  4  6  3  8  3  9
  9  8  4  2  2  5  0  3  8  7  9  6  4  3  8  2  6  7  7  1
  7  7  2  7  9  8  9  0  8  8  3  9  8  3  6  9  4  9  9  5
  2  8  1  7  6  6  1  8  0  9  5  2  1  3  5  8  6  8  4  8
  3  1  6  5  5  8  9  5  8  0  3  8  6  5  1  6  3  8  7  1
  2  3  8  7  2  1  3  5  1  7  0  4  4  9  9  2  2  4  4  8
  4  5  4  6  4  3  2  7  8  7  3  0  2  3  2  6  4  1  6  2
  5  8  1  5  7  2  6  3  2  4  6  9  0  1  9  5  9  7  9  9
  4  8  7  4  7  7  9  7  8  1  6  7  2  0  2  5  9  6  4  8
  3  2  7  5  3  4  6  2  5  5  6  3  5  3  0  9  3  2  3  8
  4  3  2  5  2  9  9  1  7  9  7  5  3  2  4  0  2  2  9  3
  2  8  2  3  8  6  6  4  7  4  1  5  3  6  1  4  0  8  8  2
  8  3  6  1  2  9  3  4  1  1  7  8  1  5  2  5  3  0  2  7
  1  9  2  6  4  9  8  8  8  1  9  1  4  1  8  6  6  4  0  7
  8  5  5  5  2  9  4  9  6  9  5  2  8  4  8  5  7  3  5  0
M11
  0  4  2  8  5  9  6  5  3  9  8  4  8  8  1  7  7  8  8  8
  8  0  3  3  8  9  8  9  9  2  7  6  2  1  5  6  8  9  3  2
  3  5  0  1  4  3  7  2  2  5  4  3  6  3  5  5  3  9  6  4
  7  9  9  0  1  3  5  8  9  5  5  3  8  1  9  7  7  2  8  4
  4  7  6  8  0  1  9  1  9  4  5  5  5  9  8  6  2  8  4  9
  4  3  9  8  8  0  9  4  5  6  4  6  4  5  8  6  8  6  5  5
  6  1  6  5  6  3  0  2  2  9  5  6  2  9  5  7  3  4  5  4
  8  2  9  4  5  5  2  0  8  7  4  6  9  8  5  6  6  3  3  2
  3  8  8  9  3  3  8  7  0  7  5  6  7  2  9  8  8  1  2  6
  6  2  4  8  6  5  8  7  9  0  5  7  4  3  8  9  2  3  3  3
  3  6  2  6  5  1  6  4  4  2  0  4  8  8  7  2  9  1  3  8
  4  9  2  5  9  4  1  1  6  3  6  0  2  7  2  6  8  2  2  8
  2  9  6  1  8  5  7  9  6  2  1  3  0  8  7  5  1  4  1  5
  6  3  1  4  6  4  2  9  2  6  1  6  9  0  1  3  5  6  6  2
  9  6  1  5  4  7  4  7  1  9  1  7  9  7  0  2  8  1  4  2
  9  4  7  3  2  1  6  4  3  9  9  4  9  6  5  0  4  9  4  7
  6  6  1  3  7  3  7  2  4  7  9  6  5  7  6  7  0  4  9  1
  1  7  7  1  8  8  1  3  9  3  1  6  6  8  8  6  4  0  8  2
  3  9  3  7  5  6  5  9  4  5  9  2  4  2  6  1  4  5  0  4
  5  2  1  7  4  5  5  3  5  8  1  1  1  5  9  8  3  4  8  0
M12
  0  1  3  1  7  3  7  8  4  5  3  4  8  7  5  1  2  6  2  8
  8  0  2  6  6  9  1  1  4  7  5  1  8  4  7  5  7  7  1  3
  2  2  0  4  5  9  8  1  7  3  8  7  6  9  9  5  6  1  5  3
  3  6  6  0  3  8  5  1  2  1  6  1  1  3  9  6  2  5  8  7
  4  9  8  5  0  1  3  8  2  4  3  3  6  7  8  7  8  2  3  1
  1  4  9  4  9  0  1  9  5  1  4  8  4  4  2  6  4  8  9  8
  6  1  3  5  1  8  0  3  6  2  1  6  3  6  1  4  6  6  9  8
  2  7  5  7  8  8  6  0  7  7  5  9  4  1  2  6  8  5  7  3
  4  3  3  5  3  5  3  8  0  1  9  4  9  6  8  8  4  6  3  7
  2  1  5  6  5  6  3  6  6  0  8  4  5  1  5  1  9  8  1  5
  6  8  5  9  3  6  4  2  1  4  0  5  1  6  7  4  9  2  8  8
  5  8  9  2  6  6  3  9  4  8  5  0  6  8  3  8  9  5  2  8
  6  6  8  9  7  6  8  2  3  4  6  6  0  3  3  2  6  8  8  4
  2  8  7  1  2  9  3  7  5  8  2  1  4  0  3  3  2  2  7  8
  2  8  4  5  7  1  7  2  9  8  1  5  8  7  0  8  7  4  7  4
  3  8  2  8  4  5  2  6  2  9  2  6  6  3  1  0  9  2  5  9
  7  8  6  4  6  5  2  9  2  2  7  7  1  2  8  5  0  4  6  9
  6  5  5  9  9  6  8  3  8  3  6  1  6  4  9  3  7  0  8  8
  3  7  8  5  4  8  3  7  3  6  1  8  5  8  8  2  6  5  0  8
  6  4  3  8  7  5  4  1  6  6  5  3  7  1  8  5  2  7  1  0
M13
  0  2  3  4  1  1  7  7  2  8  5  5  5  2  1  3  1  2  4  5
  6  0  3  8  1  8  2  7  1  2  7  2  3  7  9  5  6  9  6  3
  6  9  0  1  1  2  4  3  8  2  2  3  7  2  3  7  4  4  7  4
  4  4  1  0  3  4  7  9  6  5  5  1  2  4  9  9  4  5  1  5
  1  6  7  7  0  6  6  6  2  5  8  2  8  5  9  1  5  8  8  2
  5  2  7  3  8  0  6  8  7  8  4  2  2  3  6  5  3  6  7  4
  7  7  5  3  1  8  0  8  8  5  2  7  4  2  9  1  2  4  4  6
  7  7  8  4  9  5  6  0  2  5  8  8  5  8  7  3  8  3  3  1
  2  9  9  4  2  4  6  9  0  8  3  8  6  5  7  9  7  9  6  4
  2  6  1  8  8  8  1  3  6  0  5  6  3  3  9  6  9  7  5  9
  6  7  4  2  3  2  9  4  1  8  0  3  6  3  7  9  1  2  6  3
  2  7  7  1  1  1  8  7  2  1  3  0  9  4  8  2  6  9  2  5
  1  4  8  1  7  5  5  9  2  5  4  6  0  4  9  2  4  4  1  6
  4  1  5  1  7  6  2  6  6  2  4  6  4  0  4  1  8  4  3  4
  1  1  5  3  4  4  8  4  9  5  2  6  8  4  0  6  2  6  9  8
  1  8  3  7  7  6  9  8  7  1  6  3  9  2  5  0  1  2  8  9
  6  5  7  4  8  4  2  6  4  3  7  7  8  1  8  6  0  8  7  1
  9  3  9  6  5  2  4  5  7  1  2  3  4  7  5  9  7  0  4  5
  5  1  8  2  5  4  9  7  6  5  9  2  5  3  5  1  8  6  0  7
  9  3  3  6  8  2  7  4  1  6  9  3  9  6  5  9  3  6  1  0
M14
  0  2  9  4  2  5  8  4  1  5  2  2  1  7  8  8  3  4  6  1
  4  0  2  8  1  3  6  8  5  4  3  1  4  9  2  4  1  3  3  5
  9  9  0  7  7  6  9  8  6  8  5  4  4  3  4  8  5  1  9  8
  3  8  6  0  6  2  7  8  3  6  6  8  8  4  3  5  9  1  4  7
  3  8  5  6  0  5  6  5  9  3  2  1  2  7  7  2  4  6  3  2
  1  1  8  1  6  0  2  7  2  5  8  3  9  1  2  7  3  6  5  3
  3  3  7  3  5  5  0  1  4  8  6  9  8  8  6  1  2  8  5  1
  1  5  9  1  1  7  4  0  6  8  1  6  3  8  2  8  1  4  2  3
  6  8  8  2  6  2  6  1  0  7  9  2  6  1  4  7  6  2  2  3
  6  8  2  9  5  4  9  8  8  0  5  6  4  4  5  5  9  8  5  4
  8  9  5  2  2  6  7  8  7  6  0  7  6  9  4  8  1  3  3  6
  5  6  5  3  7  1  8  8  1  8  6  0  6  7  3  1  2  8  5  7
  1  9  1  1  9  6  6  8  3  4  9  3  0  9  6  8  3  1  1  7
  9  6  3  4  1  6  8  3  3  1  4  7  7  0  3  1  3  8  1  9
  5  5  2  9  7  9  7  3  5  7  5  9  3  5  0  3  9  9  7  1
  7  3  1  1  8  9  8  6  8  4  3  8  1  6  4  0  1  8  7  7
  5  3  1  9  3  1  4  2  5  3  9  9  3  9  9  3  0  6  8  8
  7  8  8  9  2  7  9  8  5  6  9  5  2  5  9  8  1  0  5  5
  5  6  2  3  4  4  3  6  6  7  6  5  3  3  5  1  5  8  0  3
  7  2  9  1  3  9  4  2  3  4  5  6  5  1  9  2  3  1  8  0
M15
  0  7  5  7  7  6  8  7  7  5  3  8  4  3  2  1  6  3  4  9
  2  0  2  4  4  1  7  7  7  8  2  3  3  8  9  8  2  1  6  9
  6  9  0  3  2  2  1  6  5  5  3  9  5  5  1  4  7  7  8  1
  1  1  7  0  5  4  8  7  9  9  4  7  2  7  4  3  2  8  2  1
  8  9  4  7  0  6  6  3  3  7  5  5  6  8  7  9  8  9  9  9
  7  6  9  8  4  0  5  5  8  7  2  1  3  7  6  6  3  7  4  6
  2  2  6  9  3  5  0  3  3  5  6  4  2  3  8  3  7  3  4  7
  6  3  5  7  9  7  6  0  7  6  7  5  5  2  7  2  9  5  3  7
  3  4  6  8  4  2  9  8  0  3  5  5  9  7  9  8  2  8  8  3
  4  4  4  2  8  7  6  8  1  0  5  5  9  3  5  3  1  3  6  7
  8  6  1  1  6  2  4  4  4  2  0  6  7  6  3  8  1  5  7  1
  4  7  6  7  1  6  4  5  1  2  4  0  7  2  4  3  3  1  4  7
  8  7  3  2  5  5  3  6  9  5  9  9  0  9  2  9  9  4  1  1
  2  9  2  9  2  3  1  4  7  8  6  1  6  0  3  7  5  4  2  4
  1  2  5  7  2  7  1  7  9  7  6  4  4  6  0  5  5  2  7  9
  7  8  7  9  5  1  9  8  3  5  6  5  7  3  2  0  9  1  6  1
  6  6  3  9  5  6  3  3  8  2  1  1  9  5  2  2  0  6  7  7
  9  4  3  5  6  4  3  3  4  2  4  3  1  8  1  7  9  0  8  6
  4  9  4  9  3  4  7  1  2  4  1  3  4  2  3  1  5  3  0  6
  4  7  9  5  4  9  7  7  2  1  9  7  5  7  8  2  1  7  2  0
M16
  0  3  9  6  4  7  6  7  6  5  6  5  4  5  4  6  9  3  4  4
  1  0  8  6  9  5  8  8  9  5  4  5  7  6  9  8  7  9  6  7
  6  6  0  9  8  6  7  8  7  9  8  6  5  9  2  9  3  4  1  5
  4  8  2  0  7  8  6  8  8  4  8  7  3  5  7  2  8  9  2  2
  6  9  4  2  0  8  3  6  8  4  6  9  1  2  7  1  3  4  3  1
  1  1  3  3  4  0  3  4  6  1  2  7  6  9  9  3  6  2  5  7
  7  4  2  7  6  1  0  3  6  7  6  7  7  8  3  3  5  4  8  2
  7  3  2  7  5  8  1  0  5  2  7  7  6  5  9  9  6  6  7  8
  8  2  3  3  5  1  2  9  0  2  1  7  7  6  2  9  5  1  5  9
  4  9  1  7  2  4  5  9  4  0  7  8  6  2  3  7  4  1  4  7
  6  9  2  3  5  7  3  2  4  6  0  5  8  8  2  1  7  5  7  8
  4  1  5  5  5  8  1  1  4  6  8  0  7  9  2  7  3  5  2  8
  8  8  7  7  5  2  2  5  3  5  1  8  0  7  2  1  1  3  9  3
  1  4  9  4  1  3  7  4  3  9  8  6  7  0  3  2  9  4  7  2
  8  9  4  7  1  9  4  4  8  2  4  8  5  7  0  9  3  2  6  5
  5  8  5  4  3  5  3  1  5  9  4  9  6  9  4  0  7  2  2  1
  6  6  8  6  2  9  5  9  4  7  9  7  7  4  8  9  0  5  4  8
  4  1  9  7  2  9  3  2  4  2  2  6  9  1  3  2  9  0  9  5
  1  1  4  8  2  8  5  3  5  5  8  4  4  4  2  8  9  4  0  9
  4  1  2  6  1  2  1  6  7  1  2  6  3  7  1  3  6  2  5  0
M17
  0  9  9  3  3  8  9  2  7  4  6  9  9  2  2  1  8  7  6  2
  9  0  8  3  2  8  5  9  3  5  8  2  5  5  9  9  9  5  9  9
  4  5  0  7  7  1  6  6  7  2  7  6  9  6  1  5  4  8  8  2
  3  4  3  0  3  5  5  6  9  4  9  3  4  1  7  1  9  7  2  7
  9  5  6  8  0  8  2  7  6  9  1  5  2  3  3  6  2  9  3  1
  4  8  5  8  2  0  9  4  1  2  7  3  1  1  8  8  3  7  3  4
  4  4  4  4  2  8  0  8  4  9  1  9  4  5  7  9  9  2  8  7
  2  7  8  3  7  8  8  0  8  3  4  9  5  2  5  8  6  7  4  5
  2  9  7  7  6  5  9  9  0  3  2  1  9  4  2  6  8  2  7  3
  2  6  9  2  9  2  9  9  3  0  7  8  4  5  2  3  4  3  7  5
  5  2  4  7  6  1  1  8  6  1  0  8  8  7  4  7  5  1  9  1
  3  8  9  5  6  7  5  9  9  7  3  0  8  8  2  3  5  4  5  7
  1  8  5  2  1  3  4  1  3  6  7  8  0  4  2  7  6  5  4  2
  2  7  6  8  8  4  9  9  3  5  1  2  8  0  4  5  4  2  9  3
  4  7  4  3  8  4  8  1  4  3  2  8  3  3  0  6  5  1  8  4
  2  4  2  2  1  2  1  5  1  6  1  8  6  5  8  0  5  7  2  5
  6  4  9  6  5  9  1  3  8  1  2  6  8  3  9  9  0  3  4  6
  6  7  6  5  5  2  4  6  9  2  7  6  2  2  7  9  6  0  6  9
  5  2  7  9  7  3  1  9  6  6  3  9  4  8  1  4  6  5  0  2
  6  9  1  3  3  9  1  8  5  2  5  9  5  7  8  3  6  7  7  0
M18
  0  1  8  2  8  4  9  2  4  8  1  9  5  3  7  9  1  2  2  5
  9  0  2  4  6  7  3  9  1  4  7  8  9  1  7  2  3  5  4  2
  8  8  0  6  7  7  9  5  3  6  5  5  4  1  4  7  5  1  6  4
  6  3  4  0  3  1  4  6  2  9  9  6  8  5  6  2  9  7  4  8
  6  5  2  1  0  9  9  4  3  1  6  7  9  7  9  5  3  9  7  7
  4  2  7  2  2  0  5  7  1  3  4  8  4  5  7  7  6  2  9  6
  2  3  6  8  2  5  0  8  8  9  1  8  2  4  5  1  6  8  9  8
  8  8  5  3  5  4  6  0  3  8  1  3  1  5  9  3  3  8  4  7
  7  7  4  5  2  7  8  4  0  8  6  4  2  9  7  6  9  8  7  1
  5  8  9  8  5  1  2  5  6  0  9  9  4  1  7  1  5  6  2  9
  2  8  8  3  8  4  4  1  7  2  0  9  7  9  5  7  5  1  8  4
  4  6  1  3  2  6  1  4  4  3  1  0  6  3  7  1  5  6  5  4
  8  2  9  5  8  3  7  5  2  9  4  1  0  5  9  3  3  8  2  5
  1  1  3  4  3  5  4  6  3  5  4  9  2  0  2  3  1  9  6  4
  7  9  3  4  1  8  7  1  9  4  6  3  2  8  0  6  7  8  5  2
  3  7  7  7  6  4  9  8  2  2  4  3  2  9  5  0  4  3  2  4
  6  9  6  5  2  4  2  6  8  2  3  9  5  4  1  1  0  8  2  1
  2  5  4  2  2  8  3  4  3  5  9  9  2  8  9  3  1  0  3  7
  7  3  6  8  7  9  9  9  9  7  7  9  6  7  7  2  7  8  0  7
  7  3  6  4  3  4  2  5  8  7  1  6  8  7  6  2  9  3  4  0
M19
  0  3  7  4  3  1  7  7  8  1  3  5  4  7  6  9  7  3  9  1
  5  0  5  8  2  7  2  9  7  9  4  1  9  6  1  5  5  1  5  3
  7  1  0  1  7  3  9  4  2  9  4  1  9  5  2  1  2  9  9  4
  1  5  9  0  3  6  6  9  8  2  6  7  2  7  8  8  4  2  8  3
  1  3  7  8  0  2  6  1  8  9  7  8  6  9  4  4  1  6  9  6
  7  7  5  4  8  0  6  3  9  3  9  2  3  6  2  8  7  6  6  9
  4  5  6  4  8  8  0  8  6  5  1  9  6  3  9  4  1  5  9  3
  8  3  7  8  5  3  4  0  5  3  5  3  9  2  3  1  5  4  5  3
  2  2  5  7  7  3  1  9  0  8  7  7  8  8  3  8  7  5  3  1
  8  4  5  5  2  1  3  5  3  0  7  5  5  3  6  2  2  7  1  6
  5  8  2  8  3  8  8  7  3  4  0  4  3  9  4  1  5  4  8  6
  5  2  1  1  9  1  9  9  9  2  3  0  9  4  1  3  8  6  3  4
  7  6  4  7  4  5  2  7  8  7  7  5  0  6  6  8  4  7  9  6
  1  4  4  3  2  7  5  3  5  4  7  6  9  0  4  3  5  9  9  1
  4  9  2  7  1  3  5  1  4  9  2  6  8  4  0  4  7  2  4  5
  2  3  4  8  5  1  9  2  2  8  9  3  5  6  4  0  5  9  9  6
  7  5  3  7  1  6  3  4  3  2  8  1  8  5  6  7  0  9  9  9
  1  1  1  4  9  9  7  5  4  7  4  3  9  2  8  1  1  0  3  1
  7  5  1  9  5  3  3  3  8  8  8  6  9  7  1  6  5  4  0  2
  8  6  4  5  4  3  9  9  3  5  6  8  1  9  9  2  8  7  6  0